qseqid	sseqid	pident	length	mismatch	gapopen	qstart	qend	sstart	send	evalue	bitscore
NP_001035249.1	rfXP_032991205.1	0.935	433	28	0	1	433	1	432	3.509e-274	841
NP_001119808.1	rfXP_032955859.1	0.419	308	170	0	40	347	96	388	1.791e-58	222
NP_001121180.1	rfXP_032949565.1	0.573	1360	449	0	4	1363	4	1056	0.0	1150
NP_001121181.1	rfXP_032949566.1	0.569	1308	432	0	4	1311	4	1007	0.0	1133
NP_001121182.1	rfXP_032949567.1	0.557	1267	426	0	4	1270	4	966	0.0	1041
NP_001126.3	rfXP_032955995.1	0.649	2330	648	0	1	2330	1	1847	0.0	2676
NP_001129076.1	rfXP_032965673.1	0.597	182	53	0	2	134	3	184	6.609e-61	208
NP_001139726.1	rfXP_032990447.1	0.879	488	59	0	10	494	6	493	7.635e-278	856
NP_001139727.1	rfXP_032990447.1	0.704	488	117	0	10	405	6	493	3.9210000000000004e-207	646
NP_001157569.1	rfXP_032966206.1	0.757	2409	580	0	1	2409	1	2389	0.0	3468
NP_001157570.1	rfXP_032966204.1	0.749	1336	335	0	1	1335	1	1336	0.0	1924
NP_001180264.1	rfXP_032978549.1	0.846	241	36	0	1	241	1	233	4.342e-127	405
NP_001186009.1	rfXP_032971775.1	0.928	613	44	0	30	642	1	613	0.0	1146
NP_001186010.1	rfXP_032971775.1	0.928	613	44	0	30	642	1	613	0.0	1146
NP_001186011.1	rfXP_032971775.1	0.704	613	139	0	49	519	1	613	3.969e-261	808
NP_001191281.1	rfXP_032991205.1	0.929	370	26	0	16	385	64	432	1.626e-234	723
NP_001191282.1	rfXP_032991205.1	0.933	317	21	0	1	316	116	432	3.406e-200	620
NP_001191283.1	rfXP_032991205.1	0.933	345	23	0	1	344	88	432	1.194e-218	675
NP_001191284.1	rfXP_032991205.1	0.93	318	22	0	24	340	115	432	1.0400000000000001e-199	620
NP_001191285.1	rfXP_032991205.1	0.841	432	62	0	1	393	1	432	4.2259999999999996e-240	740
NP_001191287.1	rfXP_032991205.1	0.932	310	21	0	1	310	1	308	6.282e-198	614
NP_001230174.1	rfXP_032975040.1	0.475	218	108	0	5	211	6	223	4.0149999999999996e-47	173
NP_001231879.1	rfXP_032985761.1	0.948	424	22	0	1	424	1	424	2.487e-278	852
NP_001238896.1	rfXP_032991205.1	0.752	432	84	0	1	338	1	432	1.578e-201	625
NP_001258.2	rfXP_032945540.1	0.963	359	13	0	1	359	1	359	1.409e-232	716
NP_001269297.1	rfXP_032959336.1	0.763	719	169	0	1	719	1	715	0.0	1036
NP_001278789.1	rfXP_032969663.1	0.895	4403	461	0	1	4392	1	4403	0.0	8275
NP_001554.2	rfXP_032959335.1	0.763	797	188	0	1	797	1	793	0.0	1146
NP_001702.1	rfXP_032969925.1	0.953	368	17	0	1	368	4	371	2.48e-240	739
NP_001875.1	rfXP_032967170.1	0.974	354	9	0	1	354	1	354	5.366e-245	752
NP_001911.1	rfXP_032972436.1	0.875	361	45	0	1	359	1	361	2.3340000000000003e-208	646
NP_002014.2	rfXP_032947819.1	0.946	376	20	0	1	376	1	376	6.603999999999999e-243	747
NP_002336.1	rfXP_032972447.1	0.887	339	38	0	1	338	1	339	9.035999999999999e-206	638
NP_002716.1	rfXP_032949121.1	0.885	382	43	0	1	382	1	379	1.549e-222	689
NP_002718.2	rfXP_032985566.1	0.656	157	50	0	2	158	1	147	2.1479999999999999e-54	191
NP_002719.3	rfXP_032975040.1	0.497	218	109	0	5	222	6	223	1.592e-52	189
NP_004376.2	rfXP_032966204.1	0.742	3396	871	0	1	3396	1	3378	0.0	4741
NP_004377.2	rfXP_032990793.1	0.754	1346	325	0	1	1321	1	1346	0.0	2021
NP_004589.1	rfXP_032952429.1	0.968	439	14	0	1	439	1	439	1.1790000000000002e-302	923
NP_004941.2	rfXP_032973324.1	0.916	322	27	0	1	322	1	321	1.6710000000000002e-193	601
NP_005005.1	rfXP_032978548.1	0.807	421	80	0	1	421	1	418	5.75e-230	712
NP_005520.4	rfXP_032969663.1	0.895	4403	461	0	1	4391	1	4403	0.0	8279
NP_005798.2	rfXP_032949564.1	0.584	1401	455	0	4	1404	4	1097	0.0	1242
NP_006084.2	rfXP_032975040.1	0.648	225	78	0	1	225	1	223	4.763e-87	289
NP_008966.1	rfXP_032972439.1	0.906	352	33	0	1	352	1	352	9.228e-219	676
NP_008967.1	rfXP_032965673.1	0.836	183	30	0	2	184	3	184	5.226e-101	327
NP_037359.3	rfXP_032955996.1	0.66	2530	708	0	1	2530	1	2082	0.0	3073
NP_054776.1	rfXP_032978550.1	0.929	298	21	0	1	298	5	302	6.834e-180	561
NP_055174.1	rfXP_032949326.1	0.6	244	96	0	5	244	5	248	1.177e-65	232
NP_055582.1	rfXP_032985761.1	0.948	424	22	0	1	424	1	424	2.487e-278	852
NP_057331.2	rfXP_032991389.1	0.78	1245	272	0	1	1238	1	1245	0.0	1886
NP_058646.2	rfXP_032991202.1	0.935	436	28	0	1	436	1	435	6.7169999999999995e-276	846
NP_060150.4	rfXP_032978549.1	0.87	377	48	0	1	377	1	370	4.5089999999999996e-215	667
NP_068589.1	rfXP_032949723.1	0.92	340	27	0	1	339	1	340	1.8599999999999998e-218	674
NP_068767.3	rfXP_032949397.1	0.887	911	102	0	1	911	1	901	0.0	1635
NP_072089.1	rfXP_032964969.1	0.855	476	69	0	6	481	1	476	7.411000000000001e-256	790
NP_075378.1	rfXP_032990851.1	0.947	402	21	0	1	402	4	405	3.532e-263	807
NP_079101.3	rfXP_032990447.1	0.879	488	59	0	12	496	6	493	2.1489999999999998e-277	854
NP_148935.1	rfXP_032978550.1	0.929	298	21	0	1	298	5	302	6.834e-180	561
NP_598010.1	rfXP_032972436.1	0.875	361	45	0	1	359	1	361	2.3340000000000003e-208	646
NP_598011.1	rfXP_032972436.1	0.612	361	97	0	1	250	1	361	2.956e-129	412
NP_598012.1	rfXP_032969925.1	0.557	156	67	0	61	212	215	370	3.752e-49	179
NP_598013.1	rfXP_032978549.1	0.517	85	40	0	88	172	288	371	8.744e-24	103
NP_598014.1	rfXP_032972436.1	0.767	73	16	0	1	71	1	73	2.6379999999999996e-29	114
NP_612490.1	rfXP_032972744.1	0.831	761	127	0	1	761	1	750	0.0	1259
NP_714914.2	rfXP_032971775.1	0.928	613	44	0	49	661	1	613	0.0	1146
NP_839946.1	rfXP_032955859.1	0.81	358	68	0	1	358	31	388	5.409e-200	622
NP_940819.1	rfXP_032949397.1	0.861	649	89	0	1	649	1	639	0.0	1075
NP_958505.1	rfXP_032949121.1	0.885	382	43	0	1	382	1	379	1.549e-222	689
XP_005245472.1	rfXP_032949723.1	0.92	340	27	0	1	339	1	340	1.8599999999999998e-218	674
XP_005259802.1	rfXP_032990793.1	0.754	1346	325	0	1	1321	1	1346	0.0	2021
XP_005259803.1	rfXP_032990793.1	0.754	1346	325	0	1	1321	1	1346	0.0	2021
XP_005268750.1	rfXP_032972436.1	0.875	361	45	0	1	359	1	361	2.3340000000000003e-208	646
XP_005270514.1	rfXP_032971775.1	0.928	613	44	0	1	613	1	613	0.0	1143
XP_005272689.1	rfXP_032964969.1	0.855	476	69	0	6	481	1	476	7.411000000000001e-256	790
XP_006719333.1	rfXP_032972436.1	0.875	361	45	0	1	359	1	361	2.3340000000000003e-208	646
NP_001035249.1	drXP_053767961.1	0.909	433	39	0	1	433	1	431	7.595e-269	825
NP_001119808.1	drXP_053780625.1	0.405	310	176	0	38	347	54	350	8.213e-61	229
NP_001121180.1	drXP_053772254.1	0.576	1363	486	0	1	1363	11	1157	0.0	1172
NP_001121181.1	drXP_053772255.1	0.571	1311	468	0	1	1311	11	1101	0.0	1159
NP_001121182.1	drXP_053772256.1	0.562	1270	459	0	1	1270	1	1050	0.0	1069
NP_001126.3	drXP_053768992.1	0.609	2431	812	0	1	2431	1	2077	0.0	2717
NP_001129076.1	drXP_024427726.3	0.505	185	64	0	5	134	92	276	1.6690000000000001e-46	167
NP_001139726.1	drXP_024412849.3	0.872	488	62	0	10	494	6	493	7.771000000000001e-275	847
NP_001139727.1	drXP_024412849.3	0.7	488	119	0	10	405	6	493	2.347e-205	641
NP_001157569.1	drXP_045053839.2	0.737	2409	629	0	1	2409	1	2393	0.0	3388
NP_001157570.1	drXP_045053840.2	0.659	1335	415	0	1	1335	1	1217	0.0	1637
NP_001180264.1	drXP_045044103.2	0.846	241	36	0	1	241	1	234	1.231e-127	407
NP_001186009.1	drXP_024427000.3	0.939	613	37	0	30	642	1	611	0.0	1139
NP_001186010.1	drXP_024427000.3	0.939	613	37	0	30	642	1	611	0.0	1139
NP_001186011.1	drXP_024427000.3	0.714	611	134	0	49	519	1	611	8.355e-259	801
NP_001191281.1	drXP_053767961.1	0.905	370	35	0	16	385	64	431	2.068e-230	711
NP_001191282.1	drXP_053767961.1	0.911	316	28	0	1	316	116	431	1.86e-197	612
NP_001191283.1	drXP_053767961.1	0.909	344	31	0	1	344	88	431	5.913e-215	664
NP_001191284.1	drXP_053767961.1	0.908	317	29	0	24	340	115	431	5.671e-197	612
NP_001191285.1	drXP_053767961.1	0.822	431	70	0	1	393	1	431	1.112e-236	730
NP_001191287.1	drXP_053767961.1	0.893	310	33	0	1	310	1	308	2.1169999999999998e-190	592
NP_001230174.1	drXP_053780828.1	0.619	142	50	0	80	210	83	224	3.9090000000000003e-56	199
NP_001231879.1	drXP_045051970.2	0.93	429	30	0	1	424	1	429	1.036e-269	827
NP_001238896.1	drXP_053767960.1	0.743	429	87	0	1	338	48	476	1.962e-200	622
NP_001258.2	drXP_053766703.1	0.952	356	17	0	4	359	6	361	3.715e-229	706
NP_001269297.1	drXP_053770075.1	0.64	811	257	0	1	715	1	811	1.1899999999999999e-299	930
NP_001278789.1	drXP_053776224.1	0.888	4404	492	0	1	4392	1	4404	0.0	8209
NP_001554.2	drXP_053770075.1	0.712	811	228	0	1	793	1	811	0.0	1080
NP_001702.1	drXP_024426872.1	0.556	358	156	0	10	367	10	361	5.447e-124	403
NP_001875.1	drXP_024419358.2	0.949	354	18	0	1	354	1	354	3.006e-239	735
NP_001911.1	drXP_024426872.1	0.879	361	43	0	1	359	1	361	2.572e-209	649
NP_002014.2	drXP_024427140.1	0.938	376	23	0	1	376	1	376	3.6019999999999997e-240	739
NP_002336.1	drXP_024414839.1	0.864	339	46	0	1	338	1	339	3.773e-197	613
NP_002716.1	drXP_024427151.1	0.872	382	48	0	1	382	1	379	5.063999999999999e-218	676
NP_002718.2	drXP_024417020.2	0.623	154	54	0	5	158	4	147	1.181e-51	183
NP_002719.3	drXP_053780828.1	0.647	142	50	0	80	221	83	224	7.474e-61	213
NP_004376.2	drXP_045053840.2	0.69	3396	1011	0	1	3396	1	3261	0.0	4356
NP_004377.2	drXP_045051506.2	0.743	1355	339	0	1	1321	1	1355	0.0	1993
NP_004589.1	drXP_053769169.1	0.933	439	29	0	1	439	1	437	5.1480000000000005e-288	881
NP_004941.2	drXP_024415046.3	0.922	322	25	0	1	322	1	320	1.8410000000000002e-194	604
NP_005005.1	drXP_024436535.2	0.814	421	77	0	1	421	1	417	1.314e-231	717
NP_005520.4	drXP_053776224.1	0.888	4404	492	0	1	4391	1	4404	0.0	8213
NP_005798.2	drXP_053772253.1	0.585	1404	493	0	1	1404	1	1188	0.0	1261
NP_006084.2	drXP_053780828.1	0.613	220	85	0	5	224	5	224	9.857999999999999e-88	291
NP_008966.1	drXP_045047519.1	0.897	352	36	0	1	352	1	352	9.453e-216	667
NP_008967.1	drXP_024427726.3	0.715	185	51	0	5	184	92	276	4.075e-85	281
NP_037359.3	drXP_053768992.1	0.642	2530	743	0	1	2530	1	2077	0.0	2965
NP_054776.1	drXP_024436537.1	0.882	298	35	0	1	298	1	297	6.693e-170	532
NP_055174.1	drXP_024428561.2	0.654	332	114	0	1	332	1	331	4.216e-118	384
NP_055582.1	drXP_045051970.2	0.93	429	30	0	1	424	1	429	1.036e-269	827
NP_057331.2	drXP_045049507.2	0.774	1258	280	0	1	1238	1	1258	0.0	1875
NP_058646.2	drXP_053767961.1	0.903	436	42	0	1	436	1	431	7.1769999999999995e-267	820
NP_060150.4	drXP_024436536.2	0.872	377	47	0	1	377	1	370	4.5089999999999996e-215	667
NP_068589.1	drXP_053771450.1	0.935	340	22	0	1	339	1	340	7.046e-222	684
NP_068767.3	drXP_053771477.1	0.889	911	101	0	1	911	1	911	0.0	1633
NP_072089.1	drXP_045043517.2	0.845	474	73	0	6	479	1	474	5.504999999999999e-253	782
NP_075378.1	drXP_045051834.2	0.93	402	28	0	1	402	1	402	1.0499999999999999e-257	791
NP_079101.3	drXP_024412849.3	0.872	488	62	0	12	496	6	493	2.187e-274	846
NP_148935.1	drXP_024436537.1	0.882	298	35	0	1	298	1	297	6.693e-170	532
NP_598010.1	drXP_024426872.1	0.879	361	43	0	1	359	1	361	2.572e-209	649
NP_598011.1	drXP_024426872.1	0.593	361	101	0	1	250	1	361	2.5020000000000003e-124	398
NP_598012.1	drXP_024436536.2	0.5	156	76	0	61	212	216	371	8.688e-48	175
NP_598013.1	drXP_024436536.2	0.505	85	41	0	88	172	288	371	8.744e-24	103
NP_598014.1	drXP_024426872.1	0.684	73	22	0	1	71	1	73	4.893e-25	102
NP_612490.1	drXP_024435139.2	0.807	762	145	0	1	762	1	750	0.0	1225
NP_714914.2	drXP_024427000.3	0.939	613	37	0	49	661	1	611	0.0	1139
NP_839946.1	drXP_053780625.1	0.54	318	145	0	45	360	35	352	5.979e-116	379
NP_940819.1	drXP_053771477.1	0.869	649	85	0	1	649	1	649	0.0	1080
NP_958505.1	drXP_024427151.1	0.872	382	48	0	1	382	1	379	5.063999999999999e-218	676
XP_005245472.1	drXP_053771450.1	0.935	340	22	0	1	339	1	340	7.046e-222	684
XP_005259802.1	drXP_045051506.2	0.743	1355	339	0	1	1321	1	1355	0.0	1993
XP_005259803.1	drXP_045051506.2	0.743	1355	339	0	1	1321	1	1355	0.0	1993
XP_005268750.1	drXP_024426872.1	0.879	361	43	0	1	359	1	361	2.572e-209	649
XP_005270514.1	drXP_024427000.3	0.939	613	37	0	1	613	1	611	0.0	1137
XP_005272689.1	drXP_045043517.2	0.845	474	73	0	6	479	1	474	5.504999999999999e-253	782
XP_006719333.1	drXP_024426872.1	0.879	361	43	0	1	359	1	361	2.572e-209	649
NP_001035249.1	raXP_015976599.1	0.933	434	29	0	1	433	1	434	7.264000000000001e-275	842
NP_001119808.1	raXP_036081396.1	0.934	656	43	0	1	655	1	656	0.0	1354
NP_001121180.1	raXP_036090403.1	0.53	1363	490	0	1	1363	1	1044	0.0	1067
NP_001121181.1	raXP_036090400.1	0.536	1311	442	0	1	1311	1	954	0.0	1065
NP_001121182.1	raXP_036090402.1	0.525	1270	433	0	1	1270	1	913	1.49e-305	975
NP_001126.3	raXP_016007113.2	0.649	2431	709	0	1	2431	1	2021	0.0	2869
NP_001129076.1	raXP_015997833.2	0.594	183	54	0	1	134	1	183	1.2429999999999999e-60	207
NP_001139726.1	raXP_036089716.1	0.883	488	57	0	10	494	6	493	8.279e-282	867
NP_001139727.1	raXP_036089718.1	0.768	329	71	0	98	405	15	343	2.347e-152	488
NP_001157569.1	raXP_036081395.1	0.759	2409	580	0	1	2409	1	2408	0.0	3509
NP_001157570.1	raXP_015978662.2	0.718	1335	359	0	1	1335	1	1274	0.0	1819
NP_001180264.1	raXP_015984329.1	0.838	241	38	0	1	241	1	233	4.91e-125	399
NP_001186009.1	raXP_015975931.2	0.934	613	40	0	30	642	1	613	0.0	1147
NP_001186010.1	raXP_015975931.2	0.934	613	40	0	30	642	1	613	0.0	1147
NP_001186011.1	raXP_015975931.2	0.711	613	136	0	49	519	1	613	7.447e-261	807
NP_001191281.1	raXP_015976599.1	0.929	371	26	0	16	385	64	434	1.3079999999999999e-235	726
NP_001191282.1	raXP_015976600.1	0.924	317	24	0	1	316	29	345	5.274e-198	614
NP_001191283.1	raXP_015976600.1	0.927	345	25	0	1	344	1	345	7.177e-217	670
NP_001191284.1	raXP_015976600.1	0.921	318	25	0	24	340	28	345	1.608e-197	614
NP_001191285.1	raXP_015976599.1	0.843	434	62	0	1	393	1	434	9.643e-242	745
NP_001191287.1	raXP_015976599.1	0.935	310	20	0	1	310	1	310	7.619e-200	619
NP_001230174.1	raXP_016015542.2	0.503	141	66	0	78	211	81	221	6.068e-39	149
NP_001231879.1	raXP_016017797.1	0.952	424	20	0	1	424	1	424	3.756e-279	854
NP_001238896.1	raXP_015976600.1	0.938	276	17	0	64	338	70	345	1.977e-171	539
NP_001258.2	raXP_016013989.1	0.955	359	16	0	1	359	1	359	4.968e-232	715
NP_001269297.1	raXP_015997151.2	0.666	815	240	0	1	719	1	815	2.643e-319	987
NP_001278789.1	raXP_036085696.1	0.9	4380	437	0	22	4392	73	4452	0.0	8296
NP_001554.2	raXP_015997151.2	0.749	815	200	0	1	797	1	815	0.0	1156
NP_001702.1	raXP_015988499.1	0.953	369	17	0	1	368	4	372	4.227e-239	736
NP_001875.1	raXP_015978643.1	0.923	354	27	0	1	354	1	354	5.935999999999999e-233	717
NP_001911.1	raXP_016016000.1	0.91	359	32	0	1	359	1	353	5.083e-216	668
NP_002014.2	raXP_015995182.1	0.946	376	20	0	1	376	1	376	2.1139999999999998e-241	743
NP_002336.1	raXP_016016002.1	0.878	338	41	0	1	337	1	338	2.963e-201	625
NP_002716.1	raXP_015995198.1	0.884	382	44	0	1	382	1	379	4.395e-223	690
NP_002718.2	raXP_015988572.2	0.624	157	55	0	2	158	1	147	1.298e-52	186
NP_002719.3	raXP_016015542.2	0.531	145	66	0	78	222	81	221	1.158e-43	163
NP_004376.2	raXP_015978662.2	0.729	3396	903	0	1	3396	1	3333	0.0	4655
NP_004377.2	raXP_015987902.2	0.757	1359	321	0	1	1321	1	1359	0.0	2034
NP_004589.1	raXP_036081040.1	0.945	439	24	0	1	439	1	439	8.182999999999999e-296	903
NP_004941.2	raXP_016015999.1	0.916	322	27	0	1	322	1	321	2.5230000000000002e-194	604
NP_005005.1	raXP_015984328.1	0.809	421	79	0	1	421	1	417	1.45e-232	720
NP_005520.4	raXP_036085696.1	0.9	4380	437	0	22	4391	73	4452	0.0	8300
NP_005798.2	raXP_036090403.1	0.556	1404	463	0	1	1404	1	1044	0.0	1178
NP_006084.2	raXP_016015542.2	0.582	225	92	0	1	225	1	221	4.093e-79	266
NP_008966.1	raXP_016015994.2	0.909	352	32	0	1	352	1	352	1.148e-217	673
NP_008967.1	raXP_015997833.2	0.832	184	31	0	1	184	1	183	9.822e-101	326
NP_037359.3	raXP_016007110.2	0.667	2530	685	0	1	2530	1	2059	0.0	3052
NP_054776.1	raXP_015984335.1	0.909	298	27	0	1	298	1	298	1.317e-176	551
NP_055174.1	raXP_015995243.2	0.737	332	87	0	1	332	1	330	2.226e-143	457
NP_055582.1	raXP_016017797.1	0.952	424	20	0	1	424	1	424	3.756e-279	854
NP_057331.2	raXP_036074889.1	0.798	1245	250	0	1	1238	1	1245	0.0	1935
NP_058646.2	raXP_015976596.1	0.933	437	29	0	1	436	1	437	1.391e-276	848
NP_060150.4	raXP_015984329.1	0.875	377	46	0	1	377	1	370	1.2789999999999998e-215	668
NP_068589.1	raXP_016021627.2	0.923	340	26	0	1	339	1	340	3.4929999999999997e-218	674
NP_068767.3	raXP_016021670.2	0.879	879	105	0	1	879	1	869	0.0	1574
NP_072089.1	raXP_016012032.2	0.865	476	64	0	6	481	1	475	1.1210000000000001e-256	793
NP_075378.1	raXP_015987807.1	0.94	402	24	0	1	402	1	399	3.617e-260	798
NP_079101.3	raXP_036089716.1	0.883	488	57	0	12	496	6	493	2.3309999999999998e-281	866
NP_148935.1	raXP_015984335.1	0.909	298	27	0	1	298	1	298	1.317e-176	551
NP_598010.1	raXP_016016000.1	0.91	359	32	0	1	359	1	353	5.083e-216	668
NP_598011.1	raXP_016016000.1	0.626	353	93	0	1	250	1	353	5.4090000000000004e-132	420
NP_598012.1	raXP_016016000.1	0.532	353	99	0	1	212	1	353	3.5009999999999995e-103	334
NP_598013.1	raXP_015984329.1	0.517	85	40	0	88	172	288	371	4.671e-24	104
NP_598014.1	raXP_015984329.1	0.388	84	43	0	1	71	1	84	0.0002492	42
NP_612490.1	raXP_015995107.2	0.84	688	109	0	1	688	1	680	0.0	1139
NP_714914.2	raXP_015975931.2	0.934	613	40	0	49	661	1	613	0.0	1147
NP_839946.1	raXP_016007116.1	0.826	358	62	0	1	358	1	358	2.818e-203	632
NP_940819.1	raXP_016021670.2	0.849	649	96	0	1	649	1	639	0.0	1071
NP_958505.1	raXP_015995198.1	0.884	382	44	0	1	382	1	379	4.395e-223	690
XP_005245472.1	raXP_016021627.2	0.923	340	26	0	1	339	1	340	3.4929999999999997e-218	674
XP_005259802.1	raXP_015987902.2	0.757	1359	321	0	1	1321	1	1359	0.0	2034
XP_005259803.1	raXP_015987902.2	0.757	1359	321	0	1	1321	1	1359	0.0	2034
XP_005268750.1	raXP_016016000.1	0.91	359	32	0	1	359	1	353	5.083e-216	668
XP_005270514.1	raXP_015975931.2	0.934	613	40	0	1	613	1	613	0.0	1144
XP_005272689.1	raXP_016012032.2	0.865	476	64	0	6	481	1	475	1.1210000000000001e-256	793
XP_006719333.1	raXP_016016000.1	0.91	359	32	0	1	359	1	353	5.083e-216	668
NP_001035249.1	pvXP_011362021.1	0.944	434	24	0	1	433	1	434	7.102e-278	851
NP_001119808.1	pvXP_011376043.1	0.392	310	180	0	38	347	55	351	7.309e-59	224
NP_001121180.1	pvXP_023389006.1	0.517	1363	498	0	1	1363	1	1032	1.422e-318	1017
NP_001121181.1	pvXP_023389005.1	0.506	1245	428	0	67	1311	97	964	4.199e-277	893
NP_001121182.1	pvXP_023389005.1	0.506	1245	428	0	26	1270	97	964	3.555e-277	892
NP_001126.3	pvXP_023378766.1	0.604	2431	840	0	1	2431	1	2121	0.0	2698
NP_001129076.1	pvXP_011378911.1	0.834	133	22	0	2	134	3	133	1.101e-69	233
NP_001139726.1	pvXP_023381404.1	0.887	496	55	0	10	500	11	506	1.8589999999999998e-286	880
NP_001139727.1	pvXP_023381404.1	0.715	496	114	0	10	411	11	506	9.561e-216	671
NP_001157569.1	pvXP_011376028.1	0.775	2409	541	0	1	2409	1	2404	0.0	3589
NP_001157570.1	pvXP_023378917.1	0.732	1335	345	0	1	1335	4	1292	0.0	1873
NP_001180264.1	pvXP_023378335.1	0.846	241	36	0	1	241	15	247	1.532e-126	404
NP_001186009.1	pvXP_011368769.1	0.933	613	41	0	30	642	1	613	0.0	1148
NP_001186010.1	pvXP_011368769.1	0.933	613	41	0	30	642	1	613	0.0	1148
NP_001186011.1	pvXP_011368769.1	0.707	613	138	0	49	519	1	613	3.969e-261	808
NP_001191281.1	pvXP_011362021.1	0.94	371	22	0	16	385	64	434	3.29e-238	734
NP_001191282.1	pvXP_011362031.1	0.936	317	20	0	1	316	1	317	1.323e-200	621
NP_001191283.1	pvXP_011362025.1	0.939	345	21	0	1	344	1	345	1.802e-219	677
NP_001191284.1	pvXP_011362028.1	0.941	341	20	0	1	340	1	341	4.906999999999999e-215	664
NP_001191285.1	pvXP_011362023.1	0.941	394	23	0	1	393	1	394	3.853e-252	775
NP_001191287.1	pvXP_011362021.1	0.951	310	15	0	1	310	1	310	7.423999999999999e-203	628
NP_001230174.1	pvXP_011377338.1	0.482	221	109	0	1	211	3	223	1.267e-48	177
NP_001231879.1	pvXP_011353496.2	0.95	424	21	0	1	424	112	535	5.148e-279	854
NP_001238896.1	pvXP_011362029.1	0.949	339	17	0	1	338	1	339	5.047e-213	659
NP_001258.2	pvXP_011363358.1	0.955	359	16	0	1	359	1	359	6.808e-232	714
NP_001269297.1	pvXP_011381874.1	0.734	719	186	0	1	719	1	702	1.14e-320	991
NP_001278789.1	pvXP_023385164.1	0.862	4274	564	0	119	4392	17	4105	0.0	7706
NP_001554.2	pvXP_011381874.1	0.743	699	176	0	99	797	17	702	2.161e-315	980
NP_001702.1	pvXP_011373886.1	0.951	351	17	0	1	350	4	354	5.248e-225	695
NP_001875.1	pvXP_011376043.1	0.932	354	24	0	1	354	1	354	1.353e-234	722
NP_001911.1	pvXP_011360072.1	0.924	359	27	0	1	359	1	353	4.965e-219	677
NP_002014.2	pvXP_011371349.1	0.944	376	21	0	1	376	1	376	2.1139999999999998e-241	743
NP_002336.1	pvXP_011360071.1	0.893	339	36	0	1	338	1	339	2.562e-206	639
NP_002716.1	pvXP_011371348.1	0.89	382	42	0	1	382	1	381	2.3410000000000002e-223	691
NP_002718.2	pvXP_011370453.1	0.656	157	50	0	2	158	1	147	1.4259999999999998e-53	188
NP_002719.3	pvXP_011377338.1	0.5	222	110	0	1	222	3	223	6.201999999999999e-53	190
NP_004376.2	pvXP_023378917.1	0.745	3396	852	0	1	3396	4	3347	0.0	4784
NP_004377.2	pvXP_011365016.1	0.766	1339	309	0	1	1321	1	1339	0.0	2035
NP_004589.1	pvXP_011360669.1	0.949	439	22	0	1	439	1	439	9.019e-297	906
NP_004941.2	pvXP_011360068.1	0.928	322	23	0	1	322	1	321	4.1959999999999995e-196	609
NP_005005.1	pvXP_023378333.1	0.84	313	50	0	1	313	1	313	4.0569999999999995e-179	565
NP_005520.4	pvXP_023385164.1	0.862	4273	564	0	119	4391	17	4105	0.0	7710
NP_005798.2	pvXP_023389006.1	0.543	1404	471	0	1	1404	1	1032	0.0	1128
NP_006084.2	pvXP_011377338.1	0.626	225	82	0	1	225	3	223	1.226e-86	287
NP_008966.1	pvXP_011360070.1	0.914	352	30	0	1	352	1	352	4.914e-219	677
NP_008967.1	pvXP_011378910.1	0.842	183	29	0	2	184	3	184	2.028e-101	328
NP_037359.3	pvXP_023378766.1	0.631	2530	782	0	1	2530	1	2121	0.0	2900
NP_054776.1	pvXP_011377249.1	0.908	296	27	0	3	298	61	356	2.536e-173	542
NP_055174.1	pvXP_011371347.1	0.76	334	79	0	1	332	1	334	6.101e-150	476
NP_055582.1	pvXP_011353496.2	0.95	424	21	0	1	424	112	535	5.148e-279	854
NP_057331.2	pvXP_011354002.2	0.791	1252	259	0	1	1241	1	1252	0.0	1928
NP_058646.2	pvXP_011362019.1	0.945	437	24	0	1	436	1	437	1.36e-279	856
NP_060150.4	pvXP_023378335.1	0.883	377	43	0	1	377	15	384	8.281999999999999e-218	675
NP_068589.1	pvXP_023382520.1	0.637	102	36	0	145	245	1	102	1.934e-38	153
NP_068767.3	pvXP_011364679.1	0.877	907	110	0	1	907	1	897	0.0	1616
NP_072089.1	pvXP_011379065.1	0.876	468	58	0	14	481	23	490	5.410000000000001e-256	791
NP_075378.1	pvXP_023390336.1	0.942	401	23	0	2	402	71	468	4.956e-260	798
NP_079101.3	pvXP_023381404.1	0.887	496	55	0	12	502	11	506	5.237e-286	879
NP_148935.1	pvXP_011377249.1	0.908	296	27	0	3	298	61	356	2.536e-173	542
NP_598010.1	pvXP_011360072.1	0.924	359	27	0	1	359	1	353	4.965e-219	677
NP_598011.1	pvXP_011360072.1	0.637	353	90	0	1	250	1	353	1.356e-134	427
NP_598012.1	pvXP_011360072.1	0.537	353	98	0	1	212	1	353	1.091e-104	339
NP_598013.1	pvXP_023378335.1	0.517	85	40	0	88	172	302	385	3.414e-24	104
NP_598014.1	pvXP_011373886.1	0.486	72	31	0	10	71	13	84	6.167e-12	64
NP_612490.1	pvXP_023391670.1	0.835	760	123	0	1	760	72	818	0.0	1259
NP_714914.2	pvXP_011368769.1	0.933	613	41	0	49	661	1	613	0.0	1148
NP_839946.1	pvXP_023382520.1	0.854	103	15	0	163	265	1	103	2.043e-54	201
NP_940819.1	pvXP_011364679.1	0.846	649	98	0	1	649	1	639	0.0	1061
NP_958505.1	pvXP_011371348.1	0.89	382	42	0	1	382	1	381	2.3410000000000002e-223	691
XP_005245472.1	pvXP_023382520.1	0.637	102	36	0	145	245	1	102	1.934e-38	153
XP_005259802.1	pvXP_011365016.1	0.766	1339	309	0	1	1321	1	1339	0.0	2035
XP_005259803.1	pvXP_011365016.1	0.766	1339	309	0	1	1321	1	1339	0.0	2035
XP_005268750.1	pvXP_011360072.1	0.924	359	27	0	1	359	1	353	4.965e-219	677
XP_005270514.1	pvXP_011368769.1	0.933	613	41	0	1	613	1	613	0.0	1146
XP_005272689.1	pvXP_011379065.1	0.876	468	58	0	14	481	23	490	5.410000000000001e-256	791
XP_006719333.1	pvXP_011360072.1	0.924	359	27	0	1	359	1	353	4.965e-219	677
NP_001035249.1	pgXP_039732257.1	0.951	310	15	0	1	310	1	310	4.571e-200	627
NP_001119808.1	pgXP_039723219.1	0.453	615	322	0	23	612	36	650	2.1679999999999998e-188	604
NP_001121180.1	pgXP_039737166.1	0.478	1363	525	0	1	1363	1	1006	1.2449999999999999e-278	900
NP_001121181.1	pgXP_039737166.1	0.49	1311	513	0	1	1311	1	1006	2.242e-294	944
NP_001121182.1	pgXP_039737166.1	0.463	1270	540	0	1	1270	1	1006	4.354e-257	833
NP_001126.3	pgXP_039714145.1	0.619	2431	727	0	1	2431	1	1910	0.0	2727
NP_001129076.1	pgXP_039726175.1	0.603	182	52	0	2	134	3	184	2.563e-61	209
NP_001139726.1	pgXP_039738769.1	0.88	418	50	0	80	494	21	438	3.3359999999999996e-235	732
NP_001139727.1	pgXP_039738769.1	0.677	418	105	0	80	405	21	438	1.666e-164	523
NP_001157569.1	pgXP_039730942.1	0.557	3344	1067	0	1	2409	14	3357	0.0	3205
NP_001157570.1	pgXP_039730942.1	0.73	1335	348	0	1	1335	14	1302	0.0	1870
NP_001180264.1	pgXP_039736312.1	0.846	241	36	0	1	241	1	233	1.532e-126	404
NP_001186009.1	pgXP_039742401.1	0.933	613	41	0	30	642	1	613	0.0	1148
NP_001186010.1	pgXP_039742401.1	0.933	613	41	0	30	642	1	613	0.0	1148
NP_001186011.1	pgXP_039742401.1	0.707	613	138	0	49	519	1	613	3.969e-261	808
NP_001191281.1	pgXP_039732257.1	0.947	247	13	0	16	262	64	310	2.101e-160	509
NP_001191282.1	pgXP_039732257.1	0.943	193	11	0	1	193	118	310	8.979000000000001e-123	397
NP_001191283.1	pgXP_039732257.1	0.945	221	12	0	1	221	90	310	1.205e-141	453
NP_001191284.1	pgXP_039732257.1	0.938	194	12	0	24	217	117	310	2.534e-122	397
NP_001191285.1	pgXP_039732256.1	0.852	434	58	0	1	393	1	434	1.77e-244	752
NP_001191287.1	pgXP_039732257.1	0.952	313	15	0	1	313	1	313	4.793e-205	634
NP_001230174.1	pgXP_039716223.1	0.482	221	109	0	1	211	3	223	1.734e-48	177
NP_001231879.1	pgXP_039728004.1	0.952	424	20	0	1	424	112	535	1.46e-279	856
NP_001238896.1	pgXP_039732256.1	0.741	434	87	0	1	338	1	434	1.179e-198	617
NP_001258.2	pgXP_039702247.1	0.955	359	16	0	1	359	1	359	6.808e-232	714
NP_001269297.1	pgXP_039709167.1	0.762	719	169	0	1	719	1	713	0.0	1043
NP_001278789.1	pgXP_039710562.1	0.899	4400	443	0	5	4392	5	4404	0.0	8307
NP_001554.2	pgXP_039709167.1	0.687	797	223	0	1	797	1	713	0.0	1008
NP_001702.1	pgXP_039722863.1	0.956	369	16	0	1	368	4	372	1.198e-239	737
NP_001875.1	pgXP_039730943.1	0.932	354	24	0	1	354	1	354	1.353e-234	722
NP_001911.1	pgXP_039724956.1	0.924	359	27	0	1	359	1	353	4.965e-219	677
NP_002014.2	pgXP_039737813.1	0.944	376	21	0	1	376	1	376	2.1139999999999998e-241	743
NP_002336.1	pgXP_039724955.1	0.893	339	36	0	1	338	1	339	2.562e-206	639
NP_002716.1	pgXP_039737804.1	0.89	382	42	0	1	382	1	381	2.3410000000000002e-223	691
NP_002718.2	pgXP_039727914.1	0.649	157	51	0	2	158	1	147	1.779e-52	185
NP_002719.3	pgXP_039716223.1	0.5	222	110	0	1	222	3	223	8.490999999999999e-53	190
NP_004376.2	pgXP_039730942.1	0.744	3396	856	0	1	3396	14	3357	0.0	4776
NP_004377.2	pgXP_039723921.1	0.765	1336	310	0	1	1321	1	1336	0.0	2034
NP_004589.1	pgXP_039692039.1	0.949	439	22	0	1	439	1	439	9.019e-297	906
NP_004941.2	pgXP_039725266.1	0.928	322	23	0	1	322	1	321	4.1959999999999995e-196	609
NP_005005.1	pgXP_039736302.1	0.817	421	76	0	1	421	1	417	6.218e-234	724
NP_005520.4	pgXP_039710562.1	0.899	4400	443	0	5	4391	5	4404	0.0	8311
NP_005798.2	pgXP_039737166.1	0.504	1404	498	0	1	1404	1	1006	6.43e-316	1011
NP_006084.2	pgXP_039716223.1	0.622	225	83	0	1	225	3	223	5.922e-86	286
NP_008966.1	pgXP_039725267.1	0.914	352	30	0	1	352	1	352	4.914e-219	677
NP_008967.1	pgXP_039726175.1	0.842	183	29	0	2	184	3	184	2.028e-101	328
NP_037359.3	pgXP_039714144.1	0.637	2530	707	0	1	2530	1	1948	0.0	2910
NP_054776.1	pgXP_039736309.1	0.868	145	19	0	1	145	1	145	1.317e-72	251
NP_055174.1	pgXP_039737809.1	0.756	332	81	0	1	332	1	331	5.006e-148	471
NP_055582.1	pgXP_039728004.1	0.952	424	20	0	1	424	112	535	1.46e-279	856
NP_057331.2	pgXP_039712768.1	0.792	1248	258	0	1	1241	1	1248	0.0	1924
NP_058646.2	pgXP_039732254.1	0.945	437	24	0	1	436	1	437	1.36e-279	856
NP_060150.4	pgXP_039736312.1	0.883	377	43	0	1	377	1	370	8.281999999999999e-218	675
NP_068589.1	pgXP_039723141.1	0.917	340	28	0	1	339	28	367	1.688e-217	672
NP_068767.3	pgXP_039723219.1	0.667	907	228	0	1	907	1	685	0.0	1163
NP_072089.1	pgXP_039738926.1	0.876	468	58	0	14	481	14	481	5.410000000000001e-256	791
NP_075378.1	pgXP_039723918.1	0.942	402	23	0	1	402	1	399	1.026e-260	800
NP_079101.3	pgXP_039738769.1	0.88	418	50	0	82	496	21	438	3.644e-235	732
NP_148935.1	pgXP_039736309.1	0.868	145	19	0	1	145	1	145	1.317e-72	251
NP_598010.1	pgXP_039724956.1	0.924	359	27	0	1	359	1	353	4.965e-219	677
NP_598011.1	pgXP_039724956.1	0.637	353	90	0	1	250	1	353	1.356e-134	427
NP_598012.1	pgXP_039722863.1	0.557	156	67	0	61	212	216	371	3.752e-49	179
NP_598013.1	pgXP_039736312.1	0.517	85	40	0	88	172	288	371	3.414e-24	104
NP_598014.1	pgXP_039736312.1	0.38	84	43	0	1	71	1	84	0.0002492	42
NP_612490.1	pgXP_039719296.1	0.833	760	125	0	1	760	1	747	0.0	1250
NP_714914.2	pgXP_039742401.1	0.933	613	41	0	49	661	1	613	0.0	1148
NP_839946.1	pgXP_039714152.1	0.846	358	55	0	1	358	5	362	7.64e-210	651
NP_940819.1	pgXP_039723219.1	0.93	359	25	0	1	359	1	359	2.3129999999999997e-220	698
NP_958505.1	pgXP_039737804.1	0.89	382	42	0	1	382	1	381	2.3410000000000002e-223	691
XP_005245472.1	pgXP_039723141.1	0.917	340	28	0	1	339	28	367	1.688e-217	672
XP_005259802.1	pgXP_039723921.1	0.765	1336	310	0	1	1321	1	1336	0.0	2034
XP_005259803.1	pgXP_039723921.1	0.765	1336	310	0	1	1321	1	1336	0.0	2034
XP_005268750.1	pgXP_039724956.1	0.924	359	27	0	1	359	1	353	4.965e-219	677
XP_005270514.1	pgXP_039742401.1	0.933	613	41	0	1	613	1	613	0.0	1146
XP_005272689.1	pgXP_039738926.1	0.876	468	58	0	14	481	14	481	5.410000000000001e-256	791
XP_006719333.1	pgXP_039724956.1	0.924	359	27	0	1	359	1	353	4.965e-219	677
NP_001035249.1	paXP_006917080.1	0.944	434	24	0	1	433	1	434	7.102e-278	851
NP_001119808.1	paXP_024905521.1	0.4	308	177	0	40	347	70	365	1.9709999999999998e-53	207
NP_001121180.1	paXP_024899709.1	0.664	1363	418	0	1	1363	1	1246	0.0	1352
NP_001121181.1	paXP_024899710.1	0.662	1311	402	0	1	1311	1	1189	0.0	1336
NP_001121182.1	paXP_024899711.1	0.655	1270	396	0	1	1270	1	1148	0.0	1245
NP_001126.3	paXP_024905519.1	0.681	2431	724	0	1	2431	1	2272	0.0	3055
NP_001129076.1	paXP_006912516.1	0.592	182	54	0	2	134	3	184	3.206e-60	206
NP_001139726.1	paXP_024907401.1	0.887	496	55	0	10	500	6	501	1.8589999999999998e-286	880
NP_001139727.1	paXP_024907401.1	0.715	496	114	0	10	411	6	501	9.561e-216	671
NP_001157569.1	paXP_015445799.1	0.775	2409	541	0	1	2409	1	2404	0.0	3585
NP_001157570.1	paXP_024903640.1	0.735	1335	341	0	1	1335	14	1302	0.0	1877
NP_001180264.1	paXP_006922859.2	0.846	241	36	0	1	241	15	247	1.532e-126	404
NP_001186009.1	paXP_024907874.1	0.933	613	41	0	30	642	1	613	0.0	1148
NP_001186010.1	paXP_024907874.1	0.933	613	41	0	30	642	1	613	0.0	1148
NP_001186011.1	paXP_024907874.1	0.707	613	138	0	49	519	1	613	3.969e-261	808
NP_001191281.1	paXP_006917080.1	0.94	371	22	0	16	385	64	434	3.29e-238	734
NP_001191282.1	paXP_006917085.1	0.936	317	20	0	1	316	1	317	1.323e-200	621
NP_001191283.1	paXP_006917082.1	0.939	345	21	0	1	344	1	345	1.802e-219	677
NP_001191284.1	paXP_006917083.1	0.941	341	20	0	1	340	1	341	4.906999999999999e-215	664
NP_001191285.1	paXP_006917081.1	0.941	394	23	0	1	393	1	394	3.853e-252	775
NP_001191287.1	paXP_006917080.1	0.951	310	15	0	1	310	1	310	7.423999999999999e-203	628
NP_001230174.1	paXP_006906077.1	0.558	148	63	0	69	211	62	209	4.452e-48	175
NP_001231879.1	paXP_006915599.2	0.952	424	20	0	1	424	112	535	1.46e-279	856
NP_001238896.1	paXP_006917084.1	0.949	339	17	0	1	338	1	339	5.047e-213	659
NP_001258.2	paXP_006924860.1	0.955	359	16	0	1	359	1	359	9.329999999999999e-232	714
NP_001269297.1	paXP_006926432.1	0.758	719	174	0	1	719	1	718	0.0	1040
NP_001278789.1	paXP_015454341.1	0.905	3855	364	0	558	4392	1	3855	0.0	7317
NP_001554.2	paXP_006926431.1	0.769	797	184	0	1	797	1	796	0.0	1174
NP_001702.1	paXP_006915330.1	0.959	369	15	0	1	368	4	372	3.3979999999999995e-240	739
NP_001875.1	paXP_006913260.1	0.929	354	25	0	1	354	1	354	1.683e-233	719
NP_001911.1	paXP_006923885.1	0.924	359	27	0	1	359	1	353	6.804e-219	677
NP_002014.2	paXP_006922944.1	0.944	376	21	0	1	376	1	376	2.1139999999999998e-241	743
NP_002336.1	paXP_006923884.1	0.89	339	37	0	1	338	1	339	1.238e-205	637
NP_002716.1	paXP_006922943.1	0.879	382	46	0	1	382	1	379	1.926e-221	685
NP_002718.2	paXP_006915626.1	0.656	157	50	0	2	158	1	147	1.4259999999999998e-53	188
NP_002719.3	paXP_006906077.1	0.584	154	61	0	69	222	62	209	2.179e-52	188
NP_004376.2	paXP_024903640.1	0.746	3396	849	0	1	3396	14	3357	0.0	4784
NP_004377.2	paXP_024899482.1	0.756	1350	322	0	1	1321	1	1350	0.0	2014
NP_004589.1	paXP_006923153.1	0.949	439	22	0	1	439	44	482	1.236e-296	906
NP_004941.2	paXP_006923882.1	0.928	322	23	0	1	322	1	321	4.1959999999999995e-196	609
NP_005005.1	paXP_024896237.1	0.814	421	77	0	1	421	1	417	7.722e-233	721
NP_005520.4	paXP_015454341.1	0.905	3855	364	0	557	4391	1	3855	0.0	7317
NP_005798.2	paXP_006907795.1	0.671	1404	423	0	1	1404	1	1287	0.0	1443
NP_006084.2	paXP_006906077.1	0.619	205	76	0	21	225	9	209	1.443e-78	264
NP_008966.1	paXP_006923883.1	0.914	352	30	0	1	352	1	352	4.914e-219	677
NP_008967.1	paXP_006912516.1	0.831	183	31	0	2	184	3	184	2.531e-100	325
NP_037359.3	paXP_024905519.1	0.709	2530	661	0	1	2530	1	2272	0.0	3257
NP_054776.1	paXP_006922856.2	0.908	296	27	0	3	298	61	356	2.536e-173	542
NP_055174.1	paXP_006922942.1	0.754	334	81	0	1	332	1	334	6.857999999999999e-148	470
NP_055582.1	paXP_006915599.2	0.952	424	20	0	1	424	112	535	1.46e-279	856
NP_057331.2	paXP_006913121.1	0.79	1222	254	0	1	1211	1	1222	0.0	1881
NP_058646.2	paXP_006917079.1	0.945	437	24	0	1	436	1	437	1.36e-279	856
NP_060150.4	paXP_006922859.2	0.883	377	43	0	1	377	15	384	1.135e-217	674
NP_068589.1	paXP_006923561.1	0.917	340	28	0	1	339	1	340	1.688e-217	672
NP_068767.3	paXP_015453825.1	0.877	907	110	0	1	907	1	897	0.0	1615
NP_072089.1	paXP_015449851.1	0.876	468	58	0	14	481	105	572	7.411000000000001e-256	790
NP_075378.1	paXP_024900127.1	0.902	401	37	0	2	402	71	451	1.044e-244	754
NP_079101.3	paXP_024907401.1	0.887	496	55	0	12	502	6	501	5.237e-286	879
NP_148935.1	paXP_006922856.2	0.908	296	27	0	3	298	61	356	2.536e-173	542
NP_598010.1	paXP_006923885.1	0.924	359	27	0	1	359	1	353	6.804e-219	677
NP_598011.1	paXP_006923885.1	0.635	353	91	0	1	250	1	353	4.784e-134	426
NP_598012.1	paXP_006915330.1	0.557	156	67	0	61	212	216	371	3.752e-49	179
NP_598013.1	paXP_006922859.2	0.517	85	40	0	88	172	302	385	6.391e-24	104
NP_612490.1	paXP_015449018.1	0.831	760	127	0	1	760	46	795	0.0	1251
NP_714914.2	paXP_024907874.1	0.933	613	41	0	49	661	1	613	0.0	1148
NP_839946.1	paXP_024905521.1	0.814	361	66	0	1	358	5	365	2.103e-200	623
NP_940819.1	paXP_015453825.1	0.844	649	100	0	1	649	1	639	0.0	1056
NP_958505.1	paXP_006922943.1	0.879	382	46	0	1	382	1	379	1.926e-221	685
XP_005245472.1	paXP_006923561.1	0.917	340	28	0	1	339	1	340	1.688e-217	672
XP_005259802.1	paXP_024899482.1	0.756	1350	322	0	1	1321	1	1350	0.0	2014
XP_005259803.1	paXP_024899482.1	0.756	1350	322	0	1	1321	1	1350	0.0	2014
XP_005268750.1	paXP_006923885.1	0.924	359	27	0	1	359	1	353	6.804e-219	677
XP_005270514.1	paXP_024907874.1	0.933	613	41	0	1	613	1	613	0.0	1146
XP_005272689.1	paXP_015449851.1	0.876	468	58	0	14	481	105	572	7.411000000000001e-256	790
XP_006719333.1	paXP_006923885.1	0.924	359	27	0	1	359	1	353	6.804e-219	677
NP_001035249.1	pkXP_036280262.1	0.942	433	25	0	1	433	1	433	1.786e-280	859
NP_001119808.1	pkXP_036265427.1	0.916	655	55	0	1	655	1	655	0.0	1332
NP_001121180.1	pkXP_036298858.1	0.492	1363	497	0	1	1363	3	981	7.999e-271	877
NP_001121181.1	pkXP_036298859.1	0.482	1311	481	0	1	1311	3	931	1.855e-266	862
NP_001121182.1	pkXP_036298860.1	0.47	1270	470	0	1	1270	3	890	4.0159999999999995e-238	777
NP_001126.3	pkXP_045427979.1	0.64	2406	768	0	1	2406	1	2134	0.0	2642
NP_001129076.1	pkXP_036265457.1	0.648	90	31	0	13	101	17	106	1.9550000000000003e-34	132
NP_001139726.1	pkXP_045445265.1	0.882	418	49	0	80	494	5	422	8.571e-235	731
NP_001139727.1	pkXP_036315897.1	0.692	488	122	0	10	405	6	493	3.2689999999999997e-202	632
NP_001157569.1	pkXP_036265426.1	0.726	2409	656	0	1	2409	1	2394	0.0	3312
NP_001157570.1	pkXP_045427651.1	0.714	1642	429	0	1	1642	1	1502	0.0	2299
NP_001180264.1	pkXP_036276009.1	0.847	242	36	0	1	242	1	235	7.211e-129	410
NP_001186009.1	pkXP_045440568.1	0.919	611	49	0	30	640	1	611	0.0	1122
NP_001186010.1	pkXP_045440568.1	0.919	611	49	0	30	640	1	611	0.0	1122
NP_001186011.1	pkXP_045440568.1	0.697	611	142	0	49	517	1	611	6.943e-254	787
NP_001191281.1	pkXP_036280262.1	0.943	370	21	0	16	385	64	433	9.115e-242	744
NP_001191282.1	pkXP_036280262.1	0.939	316	19	0	1	316	118	433	3.6559999999999996e-204	632
NP_001191283.1	pkXP_036280262.1	0.941	344	20	0	1	344	90	433	4.984e-223	688
NP_001191284.1	pkXP_036280262.1	0.936	317	20	0	24	340	117	433	1.119e-203	632
NP_001191285.1	pkXP_036280262.1	0.849	433	59	0	1	393	1	433	4.4490000000000004e-247	760
NP_001191287.1	pkXP_036280262.1	0.941	310	18	0	1	310	1	310	1.911e-202	627
NP_001230174.1	pkXP_045433776.1	0.475	220	110	0	1	211	1	220	1.03e-46	171
NP_001231879.1	pkXP_036293681.1	0.908	426	39	0	1	424	1	426	7.011999999999999e-266	816
NP_001238896.1	pkXP_036280262.1	0.745	433	86	0	1	338	1	433	1.2689999999999999e-202	629
NP_001258.2	pkXP_036307251.1	0.916	359	30	0	1	359	1	359	3.5380000000000004e-222	686
NP_001278789.1	pkXP_045441016.1	0.865	4392	593	0	1	4392	1	4391	0.0	8006
NP_001702.1	pkXP_036285884.1	0.953	368	17	0	1	368	1	368	2.48e-240	739
NP_001875.1	pkXP_036266598.1	0.943	354	20	0	1	354	1	354	1.9909999999999998e-238	733
NP_001911.1	pkXP_036312249.1	0.881	363	43	0	1	359	1	363	2.572e-209	649
NP_002014.2	pkXP_045438947.1	0.938	377	23	0	1	376	1	377	3.6019999999999997e-240	739
NP_002336.1	pkXP_036313535.1	0.87	341	44	0	1	338	1	341	3.773e-197	613
NP_002716.1	pkXP_036298353.1	0.853	382	55	0	1	382	1	378	4.793e-211	655
NP_002718.2	pkXP_036294177.1	0.581	157	63	0	2	158	1	152	6.09e-45	164
NP_002719.3	pkXP_045433776.1	0.488	222	112	0	1	222	1	220	6.903e-51	184
NP_004376.2	pkXP_036265424.1	0.684	3396	1024	0	1	3396	1	3241	0.0	4276
NP_004377.2	pkXP_045441823.1	0.73	1356	356	0	1	1321	1	1356	0.0	1956
NP_004589.1	pkXP_036280175.1	0.92	439	35	0	1	439	1	435	1.685e-283	868
NP_004941.2	pkXP_036312788.1	0.916	322	27	0	1	322	1	320	2.5230000000000002e-194	604
NP_005005.1	pkXP_036276005.1	0.8	421	83	0	1	421	1	417	8.033999999999999e-227	703
NP_005520.4	pkXP_045441016.1	0.865	4391	593	0	1	4391	1	4391	0.0	8011
NP_005798.2	pkXP_036298856.1	0.502	1404	507	0	1	1404	3	1022	3.4699999999999997e-299	962
NP_006084.2	pkXP_045433775.1	0.573	225	94	0	1	225	1	220	8.651e-77	259
NP_008966.1	pkXP_036314520.1	0.877	352	43	0	1	352	1	352	4.7890000000000003e-209	648
NP_008967.1	pkXP_036265457.1	0.58	172	72	0	13	184	17	188	1.038e-64	222
NP_037359.3	pkXP_045427978.1	0.641	2530	810	0	1	2530	1	2257	0.0	2811
NP_054776.1	pkXP_036276011.1	0.842	298	46	0	1	298	1	290	1.011e-157	497
NP_055174.1	pkXP_036312788.1	0.546	214	97	0	116	329	104	317	6.511e-69	242
NP_055582.1	pkXP_036293681.1	0.908	426	39	0	1	424	1	426	7.011999999999999e-266	816
NP_057331.2	pkXP_036301320.1	0.737	1250	326	0	1	1241	1	1250	0.0	1789
NP_058646.2	pkXP_036280261.1	0.942	436	25	0	1	436	1	436	3.42e-282	864
NP_060150.4	pkXP_036276008.1	0.864	377	50	0	1	377	1	370	2.454e-212	659
NP_068589.1	pkXP_045439230.1	0.882	340	40	0	1	339	1	340	2.8119999999999995e-206	639
NP_068767.3	pkXP_036297886.1	0.868	911	119	0	1	911	1	906	0.0	1584
NP_072089.1	pkXP_036316352.1	0.777	475	106	0	5	479	39	513	3.3349999999999996e-229	713
NP_075378.1	pkXP_036306222.1	0.91	402	36	0	1	402	1	398	2.567e-250	770
NP_079101.3	pkXP_045445265.1	0.882	418	49	0	82	496	5	422	9.361999999999999e-235	731
NP_148935.1	pkXP_036276011.1	0.842	298	46	0	1	298	1	290	1.011e-157	497
NP_598010.1	pkXP_036312249.1	0.881	363	43	0	1	359	1	363	2.572e-209	649
NP_598011.1	pkXP_036312249.1	0.609	363	97	0	1	250	1	363	1.2979999999999998e-127	407
NP_598012.1	pkXP_036285884.1	0.551	156	68	0	61	212	212	367	5.138e-49	178
NP_598013.1	pkXP_036276008.1	0.494	85	42	0	88	172	288	371	5.732999999999999e-23	101
NP_598014.1	pkXP_036312249.1	0.76	74	17	0	1	70	1	74	1.625e-27	109
NP_612490.1	pkXP_045443402.1	0.791	737	153	0	1	737	41	774	0.0	1174
NP_714914.2	pkXP_045440568.1	0.919	611	49	0	49	659	1	611	0.0	1122
NP_839946.1	pkXP_036267727.2	0.756	359	87	0	1	358	18	376	5.56e-181	567
NP_940819.1	pkXP_036297886.1	0.86	649	91	0	1	649	1	648	0.0	1061
NP_958505.1	pkXP_036298353.1	0.853	382	55	0	1	382	1	378	4.793e-211	655
XP_005245472.1	pkXP_045439230.1	0.882	340	40	0	1	339	1	340	2.8119999999999995e-206	639
XP_005259802.1	pkXP_045441823.1	0.73	1356	356	0	1	1321	1	1356	0.0	1956
XP_005259803.1	pkXP_045441823.1	0.73	1356	356	0	1	1321	1	1356	0.0	1956
XP_005268750.1	pkXP_036312249.1	0.881	363	43	0	1	359	1	363	2.572e-209	649
XP_005270514.1	pkXP_045440568.1	0.919	611	49	0	1	611	1	611	0.0	1120
XP_005272689.1	pkXP_036316352.1	0.777	475	106	0	5	479	39	513	3.3349999999999996e-229	713
XP_006719333.1	pkXP_036312249.1	0.881	363	43	0	1	359	1	363	2.572e-209	649
NP_001035249.1	phXP_045687853.1	0.921	433	34	0	1	433	48	478	1.538e-272	836
NP_001119808.1	phXP_045704047.1	0.923	656	50	0	1	655	1	656	0.0	1331
NP_001121180.1	phXP_045694446.1	0.531	1363	507	0	1	1363	1	1081	0.0	1058
NP_001121181.1	phXP_045694448.1	0.537	1311	458	0	1	1311	1	990	0.0	1056
NP_001121182.1	phXP_045694448.1	0.51	1270	485	0	1	1270	1	990	4.365e-296	947
NP_001126.3	phXP_045680994.1	0.628	2406	727	0	1	2406	1	1954	0.0	2702
NP_001129076.1	phXP_045695878.1	0.478	185	67	0	5	134	9	193	3.5829999999999997e-44	160
NP_001139726.1	phXP_045709349.1	0.839	503	81	0	10	510	6	508	2.5220000000000003e-270	834
NP_001139727.1	phXP_045709349.1	0.673	503	134	0	10	421	6	508	7.607e-201	628
NP_001157569.1	phXP_045704045.1	0.741	2409	621	0	1	2409	1	2399	0.0	3413
NP_001157570.1	phXP_045704045.1	0.37	2399	1034	0	1	1642	1	2399	0.0	1128
NP_001180264.1	phXP_045700883.1	0.847	236	35	0	1	236	23	249	3.5829999999999997e-125	400
NP_001186009.1	phXP_045712497.1	0.931	613	42	0	30	642	1	613	0.0	1136
NP_001186010.1	phXP_045712497.1	0.931	613	42	0	30	642	1	613	0.0	1136
NP_001186011.1	phXP_045712497.1	0.707	613	138	0	49	519	1	613	6.099e-259	801
NP_001191281.1	phXP_045687853.1	0.916	370	31	0	16	385	111	478	1.0769999999999999e-233	721
NP_001191282.1	phXP_045687854.1	0.924	316	24	0	1	316	119	434	4.668e-200	620
NP_001191283.1	phXP_045687854.1	0.918	344	28	0	1	344	91	434	7.906999999999999e-218	673
NP_001191284.1	phXP_045687854.1	0.921	317	25	0	24	340	118	434	1.4250000000000002e-199	620
NP_001191285.1	phXP_045687853.1	0.831	431	66	0	1	393	48	478	1.087e-239	739
NP_001191287.1	phXP_045687853.1	0.912	310	27	0	1	310	48	355	1.21e-194	604
NP_001230174.1	phXP_045714341.1	0.626	142	49	0	80	210	83	224	1.884e-55	197
NP_001231879.1	phXP_045697971.1	0.93	416	29	0	1	412	1	416	9.825e-263	807
NP_001238896.1	phXP_045687853.1	0.747	431	85	0	1	338	48	478	1.578e-201	625
NP_001258.2	phXP_045692821.1	0.96	356	14	0	4	359	6	361	1.161e-230	711
NP_001269297.1	phXP_045699390.1	0.658	785	245	0	1	716	1	785	9.483e-310	959
NP_001278789.1	phXP_045715350.1	0.878	4405	536	0	1	4392	1	4405	0.0	8104
NP_001554.2	phXP_045699390.1	0.733	794	209	0	1	794	1	785	0.0	1110
NP_001702.1	phXP_045701371.1	0.94	369	22	0	1	368	4	372	8.132e-236	726
NP_001875.1	phXP_045704023.1	0.951	354	17	0	1	354	1	354	2.1939999999999997e-239	736
NP_001911.1	phXP_045686444.1	0.889	361	40	0	1	359	1	361	6.469000000000001e-212	657
NP_002014.2	phXP_045697574.1	0.944	376	21	0	1	376	1	376	4.374e-242	745
NP_002336.1	phXP_045686496.1	0.879	339	41	0	1	338	1	339	2.689e-200	622
NP_002716.1	phXP_045697460.1	0.869	382	50	0	1	382	1	379	4.164e-216	670
NP_002718.2	phXP_045698017.1	0.603	154	57	0	5	158	4	147	6.491e-49	175
NP_002719.3	phXP_045714341.1	0.661	142	48	0	80	221	83	224	7.474e-61	213
NP_004376.2	phXP_045704045.1	0.526	3396	1137	0	1	3396	1	2399	0.0	3016
NP_004377.2	phXP_045709647.1	0.74	1359	343	0	1	1321	22	1380	0.0	1989
NP_004589.1	phXP_045685452.1	0.936	439	28	0	1	439	1	438	1.174e-289	885
NP_004941.2	phXP_045686549.1	0.913	322	28	0	1	322	1	320	5.894e-193	600
NP_005005.1	phXP_045700881.1	0.812	421	78	0	1	421	1	417	1.5989999999999999e-233	722
NP_005520.4	phXP_045715350.1	0.878	4405	536	0	1	4391	1	4405	0.0	8108
NP_005798.2	phXP_045694446.1	0.557	1404	478	0	1	1404	1	1081	0.0	1167
NP_006084.2	phXP_045714342.1	0.586	220	91	0	5	224	5	224	1.2809999999999999e-80	270
NP_008966.1	phXP_045686512.1	0.897	352	36	0	1	352	1	352	3.673e-216	668
NP_008967.1	phXP_045695878.1	0.661	185	61	0	5	184	9	193	3.1630000000000004e-79	264
NP_037359.3	phXP_045680994.1	0.636	2530	749	0	1	2530	1	2060	0.0	2891
NP_054776.1	phXP_045700884.1	0.872	298	38	0	1	298	1	297	5.515e-168	526
NP_055174.1	phXP_045697267.1	0.611	344	129	0	1	332	1	344	2.827e-111	364
NP_055582.1	phXP_045697971.1	0.93	416	29	0	1	412	1	416	9.825e-263	807
NP_057331.2	phXP_045707900.1	0.77	1257	285	0	1	1238	1	1257	0.0	1870
NP_058646.2	phXP_045687854.1	0.922	436	34	0	1	436	1	434	2.943e-274	841
NP_060150.4	phXP_045700882.1	0.875	377	46	0	1	377	23	390	2.648e-216	670
NP_068589.1	phXP_045673206.1	0.929	340	24	0	1	339	1	340	3.0919999999999997e-220	679
NP_068767.3	phXP_045673205.1	0.887	911	102	0	1	911	1	908	0.0	1621
NP_072089.1	phXP_045716387.1	0.836	466	76	0	14	479	168	633	1.617e-247	766
NP_075378.1	phXP_045709511.1	0.932	402	27	0	1	402	1	402	1.5860000000000002e-258	794
NP_079101.3	phXP_045709349.1	0.839	503	81	0	12	512	6	508	7.096e-270	833
NP_148935.1	phXP_045700884.1	0.872	298	38	0	1	298	1	297	5.515e-168	526
NP_598010.1	phXP_045686444.1	0.889	361	40	0	1	359	1	361	6.469000000000001e-212	657
NP_598011.1	phXP_045686444.1	0.602	361	99	0	1	250	1	361	6.2759999999999994e-127	405
NP_598012.1	phXP_045701371.1	0.551	156	68	0	61	212	216	371	7.034e-49	178
NP_598013.1	phXP_045700883.1	0.545	77	35	0	49	125	82	158	1.797e-21	96
NP_598014.1	phXP_045686444.1	0.716	73	20	0	1	71	1	73	1.495e-26	106
NP_612490.1	phXP_045690724.1	0.801	740	139	0	10	749	53	753	0.0	1174
NP_714914.2	phXP_045712497.1	0.931	613	42	0	49	661	1	613	0.0	1136
NP_839946.1	phXP_045704023.1	0.544	318	144	0	45	360	36	353	4.3680000000000004e-116	380
NP_940819.1	phXP_045673205.1	0.866	649	86	0	1	649	1	646	0.0	1069
NP_958505.1	phXP_045697460.1	0.869	382	50	0	1	382	1	379	4.164e-216	670
XP_005245472.1	phXP_045673206.1	0.929	340	24	0	1	339	1	340	3.0919999999999997e-220	679
XP_005259802.1	phXP_045709647.1	0.74	1359	343	0	1	1321	22	1380	0.0	1989
XP_005259803.1	phXP_045709647.1	0.74	1359	343	0	1	1321	22	1380	0.0	1989
XP_005268750.1	phXP_045686444.1	0.889	361	40	0	1	359	1	361	6.469000000000001e-212	657
XP_005270514.1	phXP_045712497.1	0.931	613	42	0	1	613	1	613	0.0	1134
XP_005272689.1	phXP_045716387.1	0.836	466	76	0	14	479	168	633	1.617e-247	766
XP_006719333.1	phXP_045686444.1	0.889	361	40	0	1	359	1	361	6.469000000000001e-212	657
NP_001035249.1	pdXP_028376980.2	0.923	433	33	0	1	433	48	478	6.589e-274	840
NP_001119808.1	pdXP_035876390.1	0.402	310	177	0	38	347	54	350	2.017e-60	228
NP_001121180.1	pdXP_035871826.1	0.54	1363	476	0	1	1363	1	1036	0.0	1063
NP_001121181.1	pdXP_035871827.1	0.531	1311	461	0	1	1311	1	984	0.0	1047
NP_001121182.1	pdXP_035871827.1	0.503	1270	489	0	1	1270	1	984	7.657000000000001e-293	938
NP_001126.3	pdXP_035869047.1	0.613	2431	769	0	1	2431	1	1987	0.0	2667
NP_001129076.1	pdXP_028388497.1	0.456	185	70	0	5	134	9	193	7.689e-42	153
NP_001139726.1	pdXP_035888293.1	0.845	503	77	0	10	510	6	508	5.771e-272	839
NP_001139727.1	pdXP_035888293.1	0.683	503	130	0	10	421	6	508	5.463e-204	637
NP_001157569.1	pdXP_035876389.1	0.738	2409	628	0	1	2409	1	2399	0.0	3397
NP_001157570.1	pdXP_028386552.1	0.719	1342	375	0	1	1335	1	1342	0.0	1842
NP_001180264.1	pdXP_028387783.1	0.846	241	36	0	1	241	23	255	5.406e-126	402
NP_001186009.1	pdXP_035881990.1	0.934	613	40	0	30	642	1	613	0.0	1140
NP_001186010.1	pdXP_035881990.1	0.934	613	40	0	30	642	1	613	0.0	1140
NP_001186011.1	pdXP_035881990.1	0.712	613	135	0	49	519	1	613	3.592e-260	805
NP_001191281.1	pdXP_028376980.2	0.918	370	30	0	16	385	111	478	4.6129999999999994e-235	725
NP_001191282.1	pdXP_035887874.1	0.927	316	23	0	1	316	119	434	1.997e-201	624
NP_001191283.1	pdXP_035887874.1	0.921	344	27	0	1	344	91	434	3.384e-219	677
NP_001191284.1	pdXP_035887874.1	0.924	317	24	0	24	340	118	434	6.104e-201	624
NP_001191285.1	pdXP_028376980.2	0.833	431	65	0	1	393	48	478	4.6589999999999996e-241	743
NP_001191287.1	pdXP_028376980.2	0.916	310	26	0	1	310	48	355	5.179e-196	608
NP_001230174.1	pdXP_028370844.1	0.577	142	55	0	80	210	83	224	5.466e-50	181
NP_001231879.1	pdXP_028367210.1	0.929	428	30	0	1	424	1	428	8.331e-271	830
NP_001238896.1	pdXP_028376980.2	0.747	431	85	0	1	338	48	478	1.578e-201	625
NP_001258.2	pdXP_035875564.1	0.409	327	191	0	23	346	403	729	3.527e-74	258
NP_001269297.1	pdXP_035880271.1	0.626	669	204	0	1	669	1	547	1.7529999999999998e-240	759
NP_001278789.1	pdXP_035881382.1	0.881	4405	523	0	1	4392	1	4405	0.0	8135
NP_001554.2	pdXP_035880269.1	0.642	748	224	0	1	748	1	626	1.696e-280	879
NP_001702.1	pdXP_035872203.1	0.943	369	21	0	1	368	4	372	8.96e-237	729
NP_001875.1	pdXP_028378503.1	0.946	354	19	0	1	354	1	354	2.7289999999999998e-238	732
NP_001911.1	pdXP_028388245.1	0.881	363	43	0	1	359	1	363	9.997e-210	650
NP_002014.2	pdXP_028386569.1	0.941	376	22	0	1	376	1	376	8.213999999999999e-242	744
NP_002336.1	pdXP_028388565.1	0.879	339	41	0	1	338	1	339	7.624e-201	623
NP_002716.1	pdXP_028386866.1	0.872	382	48	0	1	382	1	379	1.619e-216	671
NP_002718.2	pdXP_028369211.1	0.611	157	57	0	2	158	1	147	2.02e-50	179
NP_002719.3	pdXP_028370844.1	0.598	142	57	0	80	221	83	224	2.4159999999999997e-53	191
NP_004376.2	pdXP_028386552.1	0.715	3396	966	0	1	3396	1	3392	0.0	4578
NP_004377.2	pdXP_035888533.1	0.739	1359	345	0	1	1321	1	1359	0.0	1990
NP_004589.1	pdXP_028384373.1	0.943	439	25	0	1	439	1	438	7.599e-292	892
NP_004941.2	pdXP_028388734.1	0.916	322	27	0	1	322	1	320	1.219e-193	602
NP_005005.1	pdXP_028387782.1	0.819	421	75	0	1	421	1	417	5.524e-236	730
NP_005520.4	pdXP_035881382.1	0.881	4405	522	0	1	4391	1	4405	0.0	8139
NP_005798.2	pdXP_035871822.1	0.549	1404	485	0	1	1404	1	1077	0.0	1152
NP_006084.2	pdXP_028370844.1	0.577	220	93	0	5	224	5	224	1.031e-81	273
NP_008966.1	pdXP_035874476.1	0.897	352	36	0	1	352	1	352	3.673e-216	668
NP_008967.1	pdXP_028388497.1	0.639	185	65	0	5	184	9	193	1.266e-76	256
NP_037359.3	pdXP_035869045.1	0.63	2530	749	0	1	2530	1	2025	0.0	2844
NP_054776.1	pdXP_028387784.1	0.865	297	40	0	1	297	1	296	6.227e-166	520
NP_055174.1	pdXP_028388734.1	0.556	214	95	0	116	329	104	317	5.3380000000000004e-70	245
NP_055582.1	pdXP_028367210.1	0.929	428	30	0	1	424	1	428	8.331e-271	830
NP_057331.2	pdXP_035873886.1	0.774	1251	280	0	1	1238	1	1251	0.0	1885
NP_058646.2	pdXP_035887874.1	0.924	436	33	0	1	436	1	434	1.2610000000000001e-275	845
NP_060150.4	pdXP_028387783.1	0.875	377	46	0	1	377	23	392	6.812e-216	669
NP_068589.1	pdXP_035871100.1	0.929	340	24	0	1	339	1	340	3.0919999999999997e-220	679
NP_068767.3	pdXP_035871156.1	0.883	911	106	0	1	911	1	908	0.0	1617
NP_072089.1	pdXP_035873054.1	0.841	474	75	0	6	479	1	474	9.357e-252	779
NP_075378.1	pdXP_028376467.1	0.932	402	27	0	1	402	1	402	6.162e-259	795
NP_079101.3	pdXP_035888293.1	0.845	503	77	0	12	512	6	508	1.6240000000000002e-271	837
NP_148935.1	pdXP_028387784.1	0.865	297	40	0	1	297	1	296	6.227e-166	520
NP_598010.1	pdXP_028388245.1	0.881	363	43	0	1	359	1	363	9.997e-210	650
NP_598011.1	pdXP_028388245.1	0.596	363	101	0	1	250	1	363	9.718999999999999e-125	399
NP_598012.1	pdXP_035872203.1	0.551	156	68	0	61	212	216	371	7.034e-49	178
NP_598013.1	pdXP_035874325.1	0.517	85	40	0	88	172	310	393	6.391e-24	104
NP_598014.1	pdXP_028388245.1	0.697	75	21	0	1	71	1	75	3.564e-25	102
NP_612490.1	pdXP_035875564.1	0.832	753	125	0	10	762	21	765	0.0	1246
NP_714914.2	pdXP_035881990.1	0.934	613	40	0	49	661	1	613	0.0	1140
NP_839946.1	pdXP_035876390.1	0.54	318	145	0	45	360	35	352	1.534e-115	378
NP_940819.1	pdXP_035871156.1	0.864	649	88	0	1	649	1	646	0.0	1070
NP_958505.1	pdXP_028386866.1	0.872	382	48	0	1	382	1	379	1.619e-216	671
XP_005245472.1	pdXP_035871100.1	0.929	340	24	0	1	339	1	340	3.0919999999999997e-220	679
XP_005259802.1	pdXP_035888533.1	0.739	1359	345	0	1	1321	1	1359	0.0	1990
XP_005259803.1	pdXP_035888533.1	0.739	1359	345	0	1	1321	1	1359	0.0	1990
XP_005268750.1	pdXP_028388245.1	0.881	363	43	0	1	359	1	363	9.997e-210	650
XP_005270514.1	pdXP_035881990.1	0.934	613	40	0	1	613	1	613	0.0	1138
XP_005272689.1	pdXP_035873054.1	0.841	474	75	0	6	479	1	474	9.357e-252	779
XP_006719333.1	pdXP_028388245.1	0.881	363	43	0	1	359	1	363	9.997e-210	650
NP_001035249.1	mmXP_036171460.1	0.942	433	25	0	1	433	1	433	6.298e-280	857
NP_001119808.1	mmXP_036164915.1	0.922	655	51	0	1	655	1	655	0.0	1342
NP_001121180.1	mmXP_036199448.1	0.487	1363	484	0	1	1363	3	946	4.305e-271	878
NP_001121181.1	mmXP_036199450.1	0.471	1311	472	0	1	1311	3	896	4.5029999999999995e-261	846
NP_001121182.1	mmXP_036199452.1	0.459	1270	461	0	1	1270	3	855	3.7329999999999997e-233	763
NP_001129076.1	mmXP_036166962.1	0.468	186	69	0	5	134	89	274	6.396e-40	148
NP_001139726.1	mmXP_036158632.1	0.87	488	63	0	10	494	77	564	6.262999999999999e-276	850
NP_001139727.1	mmXP_036158632.1	0.7	488	119	0	10	405	77	564	1.8919999999999998e-206	644
NP_001157569.1	mmXP_036164914.1	0.735	2409	634	0	1	2409	1	2393	0.0	3363
NP_001157570.1	mmXP_036164913.1	0.701	1335	367	0	1	1335	1	1227	0.0	1757
NP_001180264.1	mmXP_036167111.1	0.842	242	37	0	1	242	1	235	1.355e-128	409
NP_001186009.1	mmXP_036206312.1	0.931	611	42	0	30	640	1	611	0.0	1140
NP_001186010.1	mmXP_036206312.1	0.931	611	42	0	30	640	1	611	0.0	1140
NP_001186011.1	mmXP_036206312.1	0.705	611	138	0	49	517	1	611	6.099e-259	801
NP_001191281.1	mmXP_036171460.1	0.937	370	23	0	16	385	64	433	2.916e-240	740
NP_001191282.1	mmXP_036171460.1	0.933	316	21	0	1	316	118	433	1.171e-202	627
NP_001191283.1	mmXP_036171460.1	0.936	344	22	0	1	344	90	433	1.596e-221	683
NP_001191284.1	mmXP_036171460.1	0.93	317	22	0	24	340	117	433	3.582e-202	627
NP_001191285.1	mmXP_036171460.1	0.849	433	59	0	1	393	1	433	1.569e-246	758
NP_001191287.1	mmXP_036171460.1	0.941	310	18	0	1	310	1	310	6.742e-202	625
NP_001230174.1	mmXP_036182801.1	0.46	219	113	0	1	211	1	219	1.029e-40	154
NP_001231879.1	mmXP_036192909.1	0.938	426	26	0	1	424	1	426	2.871e-273	837
NP_001238896.1	mmXP_036171460.1	0.748	433	85	0	1	338	1	433	3.597e-203	630
NP_001258.2	mmXP_036197833.1	0.941	359	21	0	1	359	1	359	4.1939999999999996e-227	700
NP_001269297.1	mmXP_036174307.1	0.66	777	244	0	1	719	1	777	6.319e-303	940
NP_001278789.1	mmXP_036204316.1	0.878	4399	536	0	1	4392	1	4399	0.0	8106
NP_001554.2	mmXP_036174307.1	0.741	797	201	0	1	797	1	777	0.0	1103
NP_001702.1	mmXP_036161325.1	0.932	368	25	0	1	368	1	368	4.888e-234	721
NP_001875.1	mmXP_036166800.1	0.96	354	14	0	1	354	1	354	2.931e-242	744
NP_001911.1	mmXP_036154606.1	0.873	363	45	0	1	359	1	363	3.9750000000000005e-207	643
NP_002014.2	mmXP_036200059.1	0.931	377	26	0	1	376	1	377	1.58e-238	734
NP_002336.1	mmXP_036157264.1	0.879	337	41	0	1	337	1	336	3.773e-197	613
NP_002716.1	mmXP_036200105.1	0.838	382	60	0	1	382	1	372	1.418e-205	640
NP_002718.2	mmXP_036192826.1	0.679	157	49	0	2	158	1	155	4.288e-58	201
NP_002719.3	mmXP_036182801.1	0.478	222	114	0	1	222	1	219	7.653e-46	169
NP_004376.2	mmXP_036164913.1	0.705	3396	965	0	1	3396	1	3272	0.0	4442
NP_004377.2	mmXP_036171172.1	0.744	1355	338	0	1	1321	1	1355	0.0	1988
NP_004589.1	mmXP_036171460.1	0.527	434	202	0	5	438	6	433	3.308e-148	477
NP_004941.2	mmXP_036152610.1	0.913	322	28	0	1	322	1	321	1.343e-194	604
NP_005005.1	mmXP_036167109.1	0.809	421	79	0	1	421	1	417	3.4469999999999997e-228	707
NP_005520.4	mmXP_036204316.1	0.878	4399	536	0	1	4391	1	4399	0.0	8110
NP_005798.2	mmXP_036199446.1	0.497	1404	495	0	1	1404	3	987	4.733e-299	962
NP_006084.2	mmXP_036181740.1	0.673	101	33	0	1	101	1	101	1.175e-31	128
NP_008966.1	mmXP_036156009.1	0.894	352	37	0	1	352	1	352	4.146e-214	662
NP_008967.1	mmXP_036166962.1	0.622	186	68	0	5	184	89	274	2.7780000000000002e-71	241
NP_054776.1	mmXP_036167116.1	0.865	298	39	0	1	298	1	290	1.32e-163	514
NP_055174.1	mmXP_036152610.1	0.546	214	97	0	116	329	105	318	1.2169999999999999e-68	241
NP_055582.1	mmXP_036192909.1	0.938	426	26	0	1	424	1	426	2.871e-273	837
NP_057331.2	mmXP_036204789.1	0.769	1250	286	0	1	1240	1	1250	0.0	1872
NP_058646.2	mmXP_036171459.1	0.942	436	25	0	1	436	1	436	1.2059999999999998e-281	862
NP_060150.4	mmXP_036167110.1	0.862	377	51	0	1	377	1	370	9.538999999999999e-213	660
NP_068589.1	mmXP_036198535.1	0.908	340	31	0	1	339	1	340	1.263e-214	663
NP_068767.3	mmXP_036198532.1	0.877	911	111	0	1	911	1	905	0.0	1611
NP_072089.1	mmXP_036161493.1	0.832	467	78	0	13	479	21	485	3.8899999999999995e-240	745
NP_075378.1	mmXP_036171502.1	0.917	402	33	0	1	402	1	398	8.844999999999999e-253	777
NP_079101.3	mmXP_036158632.1	0.87	488	63	0	12	496	77	564	1.7630000000000002e-275	849
NP_148935.1	mmXP_036167116.1	0.865	298	39	0	1	298	1	290	1.32e-163	514
NP_598010.1	mmXP_036154606.1	0.873	363	45	0	1	359	1	363	3.9750000000000005e-207	643
NP_598011.1	mmXP_036154606.1	0.601	363	99	0	1	250	1	363	4.158e-126	403
NP_598012.1	mmXP_036161325.1	0.544	156	69	0	61	212	212	367	1.319e-48	177
NP_598013.1	mmXP_036167110.1	0.505	85	41	0	88	172	288	371	5.732999999999999e-23	101
NP_598014.1	mmXP_036154606.1	0.8	74	14	0	1	70	1	74	2.6379999999999996e-29	114
NP_612490.1	mmXP_036154677.1	0.844	759	117	0	1	759	1	748	0.0	1280
NP_714914.2	mmXP_036206312.1	0.931	611	42	0	49	659	1	611	0.0	1140
NP_839946.1	mmXP_036211726.1	0.794	356	73	0	3	358	4	357	2.474e-192	600
NP_940819.1	mmXP_036198532.1	0.861	649	90	0	1	649	1	647	0.0	1075
NP_958505.1	mmXP_036200105.1	0.838	382	60	0	1	382	1	372	1.418e-205	640
XP_005245472.1	mmXP_036198535.1	0.908	340	31	0	1	339	1	340	1.263e-214	663
XP_005259802.1	mmXP_036171172.1	0.744	1355	338	0	1	1321	1	1355	0.0	1988
XP_005259803.1	mmXP_036171172.1	0.744	1355	338	0	1	1321	1	1355	0.0	1988
XP_005268750.1	mmXP_036154606.1	0.873	363	45	0	1	359	1	363	3.9750000000000005e-207	643
XP_005270514.1	mmXP_036206312.1	0.931	611	42	0	1	611	1	611	0.0	1138
XP_005272689.1	mmXP_036161493.1	0.832	467	78	0	13	479	21	485	3.8899999999999995e-240	745
XP_006719333.1	mmXP_036154606.1	0.873	363	45	0	1	359	1	363	3.9750000000000005e-207	643
NP_001035249.1	mlXP_023609241.1	0.941	344	20	0	90	433	1	344	1.1570000000000002e-221	689
NP_001119808.1	mlXP_006109616.1	0.471	184	95	0	24	207	7	186	6.995e-46	184
NP_001121180.1	mlXP_023610579.1	0.446	1363	515	0	1	1363	3	933	1.084e-243	797
NP_001121181.1	mlXP_023610579.1	0.414	1311	545	0	1	1311	3	933	1.412e-228	751
NP_001121182.1	mlXP_023610579.1	0.39	1270	567	0	1	1270	3	933	5.731e-194	647
NP_001126.3	mlXP_014303894.2	0.659	2406	689	0	1	2406	1	2022	0.0	2824
NP_001129076.1	mlXP_006085300.1	0.343	93	55	0	28	120	35	119	0.0003959	44
NP_001139726.1	mlXP_023619716.1	0.868	488	64	0	10	494	6	493	7.771000000000001e-275	847
NP_001139727.1	mlXP_023619716.1	0.7	488	119	0	10	405	6	493	6.663e-206	643
NP_001157569.1	mlXP_014305130.1	0.737	2409	630	0	1	2409	1	2397	0.0	3379
NP_001157570.1	mlXP_006081301.1	0.703	1335	364	0	1	1335	1	1227	0.0	1769
NP_001180264.1	mlXP_023599402.1	0.848	237	35	0	1	237	1	230	5.406e-126	402
NP_001186009.1	mlXP_023608549.1	0.929	285	20	0	30	314	1	285	7.396e-170	550
NP_001186010.1	mlXP_023608549.1	0.929	285	20	0	30	314	1	285	7.396e-170	550
NP_001186011.1	mlXP_023608549.1	0.521	284	136	0	49	332	1	284	7.452e-79	279
NP_001191281.1	mlXP_023609241.1	0.941	344	20	0	42	385	1	344	1.2980000000000001e-222	689
NP_001191282.1	mlXP_023609241.1	0.939	316	19	0	1	316	29	344	1.946e-204	632
NP_001191283.1	mlXP_023609241.1	0.941	344	20	0	1	344	1	344	2.6540000000000002e-223	689
NP_001191284.1	mlXP_023609241.1	0.936	317	20	0	24	340	28	344	5.96e-204	632
NP_001191285.1	mlXP_023609241.1	0.825	344	53	0	90	393	1	344	2.883e-188	590
NP_001191287.1	mlXP_023609241.1	0.941	221	13	0	90	310	1	221	1.3070000000000001e-143	457
NP_001230174.1	mlXP_023612287.1	0.521	220	101	0	1	211	1	220	3.155e-57	202
NP_001231879.1	mlXP_023610907.1	0.794	373	68	0	52	424	51	379	2.9389999999999996e-187	589
NP_001238896.1	mlXP_023609241.1	0.96	275	11	0	64	338	70	344	1.894e-177	556
NP_001258.2	mlXP_023618026.1	0.368	322	201	0	23	344	75	393	5.651e-48	182
NP_001269297.1	mlXP_023610080.1	0.677	778	232	0	1	719	1	778	9.423e-313	968
NP_001278789.1	mlXP_023614090.1	0.716	4372	1045	0	21	4392	244	3924	0.0	6212
NP_001554.2	mlXP_023610080.1	0.756	797	190	0	1	797	1	778	0.0	1128
NP_001702.1	mlXP_014310379.1	0.82	117	21	0	1	117	1	117	2.524e-56	207
NP_001875.1	mlXP_023606852.1	0.96	354	14	0	1	354	1	354	2.931e-242	744
NP_001911.1	mlXP_006084078.1	0.854	363	52	0	1	359	1	363	1.179e-201	627
NP_002014.2	mlXP_006109003.1	0.928	377	27	0	1	376	1	377	4.0649999999999995e-238	733
NP_002336.1	mlXP_006084077.1	0.884	337	39	0	1	337	1	336	8.604e-199	617
NP_002716.1	mlXP_006096976.1	0.84	382	59	0	1	382	1	372	6.08e-207	644
NP_002718.2	mlXP_006106819.1	0.666	157	51	0	2	158	1	155	2.1479999999999999e-54	191
NP_002719.3	mlXP_023612287.1	0.539	222	101	0	1	222	1	220	1.551e-61	215
NP_004376.2	mlXP_006081301.1	0.707	3396	960	0	1	3396	1	3276	0.0	4470
NP_004377.2	mlXP_023619771.1	0.748	1346	333	0	1	1321	1	1346	0.0	1999
NP_004589.1	mlXP_023607937.1	0.933	284	19	0	156	439	20	302	8.803e-182	574
NP_004941.2	mlXP_023605496.1	0.916	322	27	0	1	322	1	321	2.028e-195	607
NP_005005.1	mlXP_006102263.1	0.807	421	80	0	1	421	1	417	3.1239999999999997e-227	704
NP_005520.4	mlXP_023614090.1	0.717	4371	1041	0	21	4391	244	3924	0.0	6213
NP_005798.2	mlXP_023610579.1	0.47	1404	493	0	1	1404	3	933	1.916e-278	901
NP_006084.2	mlXP_023612294.1	0.618	220	82	0	6	225	5	219	4.008e-82	274
NP_008966.1	mlXP_006084076.1	0.892	352	38	0	1	352	1	352	1.462e-213	661
NP_008967.1	mlXP_014306363.2	0.475	79	39	0	109	184	1	79	3.944e-14	76
NP_037359.3	mlXP_014303894.2	0.655	2505	718	0	1	2505	1	2083	0.0	2938
NP_054776.1	mlXP_006102264.1	0.872	298	37	0	1	298	1	290	5.652e-165	518
NP_055174.1	mlXP_023605496.1	0.546	214	97	0	116	329	105	318	1.2169999999999999e-68	241
NP_055582.1	mlXP_023610907.1	0.794	373	68	0	52	424	51	379	2.9389999999999996e-187	589
NP_057331.2	mlXP_023617872.1	0.772	1251	283	0	1	1241	1	1251	0.0	1876
NP_058646.2	mlXP_023609241.1	0.941	344	20	0	93	436	1	344	1.325e-221	689
NP_060150.4	mlXP_006102262.1	0.867	377	49	0	1	377	1	370	2.9840000000000002e-214	664
NP_068589.1	mlXP_023617328.1	0.905	340	32	0	1	339	1	340	4.454e-214	662
NP_068767.3	mlXP_023617296.1	0.597	911	261	0	1	911	1	649	0.0	1020
NP_072089.1	mlXP_023617615.1	0.403	191	73	0	253	443	21	143	6.173e-17	90
NP_075378.1	mlXP_023619766.1	0.915	401	34	0	2	402	11	407	3.877e-251	772
NP_079101.3	mlXP_023619716.1	0.868	488	64	0	12	496	6	493	2.187e-274	846
NP_148935.1	mlXP_006102264.1	0.872	298	37	0	1	298	1	290	5.652e-165	518
NP_598010.1	mlXP_006084078.1	0.854	363	52	0	1	359	1	363	1.179e-201	627
NP_598011.1	mlXP_006084078.1	0.582	363	104	0	1	250	1	363	1.2400000000000001e-120	387
NP_598012.1	mlXP_006102262.1	0.539	141	65	0	72	212	231	371	5.722e-47	172
NP_598013.1	mlXP_014310379.1	0.522	109	47	0	10	109	10	118	1.0840000000000001e-25	109
NP_598014.1	mlXP_006084078.1	0.773	74	16	0	1	70	1	74	3.331e-28	111
NP_612490.1	mlXP_023618026.1	0.565	755	216	0	1	755	46	543	1.846e-236	749
NP_714914.2	mlXP_023608549.1	0.929	285	20	0	49	333	1	285	1.5269999999999999e-169	550
NP_839946.1	mlXP_023603016.1	0.8	356	71	0	3	358	8	361	1.06e-193	604
NP_940819.1	mlXP_023617296.1	0.808	355	67	0	1	355	1	351	1.647e-180	582
NP_958505.1	mlXP_006096976.1	0.84	382	59	0	1	382	1	372	6.08e-207	644
XP_005245472.1	mlXP_023617328.1	0.905	340	32	0	1	339	1	340	4.454e-214	662
XP_005259802.1	mlXP_023619771.1	0.748	1346	333	0	1	1321	1	1346	0.0	1999
XP_005259803.1	mlXP_023619771.1	0.748	1346	333	0	1	1321	1	1346	0.0	1999
XP_005268750.1	mlXP_006084078.1	0.854	363	52	0	1	359	1	363	1.179e-201	627
XP_005270514.1	mlXP_023608549.1	0.929	285	20	0	1	285	1	285	1.5729999999999998e-169	548
XP_005272689.1	mlXP_023617615.1	0.403	191	73	0	253	443	21	143	6.173e-17	90
XP_006719333.1	mlXP_006084078.1	0.854	363	52	0	1	359	1	363	1.179e-201	627
NP_001035249.1	mbXP_005860837.1	0.941	344	20	0	90	433	1	344	1.1570000000000002e-221	689
NP_001119808.1	mbXP_014386694.1	0.926	655	48	0	1	655	1	655	0.0	1348
NP_001121180.1	mbXP_005868557.2	0.503	1363	544	0	1	1363	3	1097	1.7769999999999998e-276	894
NP_001121181.1	mbXP_005868557.2	0.471	1311	579	0	1	1311	3	1097	1.141e-260	845
NP_001121182.1	mbXP_005868557.2	0.446	1270	606	0	1	1270	3	1097	6.548e-226	741
NP_001126.3	mbXP_014389039.1	0.611	2406	755	0	1	2406	1	1942	0.0	2562
NP_001129076.1	mbXP_005885921.1	0.343	93	55	0	28	120	35	119	0.0003959	44
NP_001139726.1	mbXP_014384920.1	0.879	491	59	0	10	500	35	525	1.554e-281	866
NP_001139727.1	mbXP_014384920.1	0.71	491	116	0	10	411	35	525	4.6980000000000005e-212	661
NP_001157569.1	mbXP_014386693.1	0.738	2409	628	0	1	2409	1	2398	0.0	3386
NP_001157570.1	mbXP_005883676.1	0.749	1642	385	0	1	1642	1	1534	0.0	2435
NP_001180264.1	mbXP_005881719.1	0.85	241	35	0	1	241	1	233	6.551000000000001e-128	407
NP_001186009.1	mbXP_005878739.2	0.834	611	91	0	30	640	1	551	7.16e-322	990
NP_001186010.1	mbXP_005878739.2	0.834	611	91	0	30	640	1	551	7.16e-322	990
NP_001186011.1	mbXP_005878739.2	0.608	551	183	0	49	517	1	551	4.8710000000000004e-207	651
NP_001191281.1	mbXP_005860837.1	0.941	344	20	0	42	385	1	344	1.2980000000000001e-222	689
NP_001191282.1	mbXP_005860837.1	0.939	316	19	0	1	316	29	344	1.946e-204	632
NP_001191283.1	mbXP_005860837.1	0.941	344	20	0	1	344	1	344	2.6540000000000002e-223	689
NP_001191284.1	mbXP_005860837.1	0.936	317	20	0	24	340	28	344	5.96e-204	632
NP_001191285.1	mbXP_005860837.1	0.825	344	53	0	90	393	1	344	2.883e-188	590
NP_001191287.1	mbXP_005860837.1	0.941	221	13	0	90	310	1	221	1.3070000000000001e-143	457
NP_001230174.1	mbXP_005885160.1	0.521	220	101	0	1	211	1	220	1.228e-57	203
NP_001231879.1	mbXP_014393898.1	0.916	311	26	0	64	374	64	374	5.281999999999999e-196	614
NP_001238896.1	mbXP_005860837.1	0.96	275	11	0	64	338	70	344	1.894e-177	556
NP_001258.2	mbXP_014396618.1	0.783	363	74	0	18	359	1	363	1.1230000000000001e-178	561
NP_001269297.1	mbXP_014391300.1	0.658	787	244	0	1	713	1	787	5.75e-296	919
NP_001278789.1	mbXP_005859769.1	0.875	4392	548	0	5	4392	2	4393	0.0	8077
NP_001554.2	mbXP_014391300.1	0.74	791	204	0	1	791	1	787	0.0	1084
NP_001702.1	mbXP_005886214.1	0.932	368	25	0	1	368	1	368	3.567e-234	721
NP_001875.1	mbXP_005883672.1	0.957	354	15	0	1	354	1	354	4.017e-242	743
NP_001911.1	mbXP_005874703.1	0.859	363	50	0	1	359	1	363	1.3e-202	630
NP_002014.2	mbXP_005857818.1	0.928	377	27	0	1	376	1	377	4.0649999999999995e-238	733
NP_002336.1	mbXP_005874706.1	0.876	337	42	0	1	337	1	336	1.8229999999999998e-196	611
NP_002716.1	mbXP_005878630.1	0.843	382	58	0	1	382	1	372	2.364e-207	645
NP_002718.2	mbXP_005876875.1	0.672	157	51	0	2	158	1	155	5.352000000000001e-57	198
NP_002719.3	mbXP_005885160.1	0.539	222	101	0	1	222	1	220	6.035e-62	216
NP_004376.2	mbXP_005883675.1	0.707	3396	960	0	1	3396	1	3277	0.0	4470
NP_004377.2	mbXP_014401286.1	0.685	1321	406	0	1	1321	1	1289	0.0	1787
NP_004589.1	mbXP_005866199.1	0.922	372	29	0	71	439	6	377	7.236999999999999e-240	742
NP_004941.2	mbXP_005874708.1	0.913	322	28	0	1	322	1	321	9.802e-195	605
NP_005005.1	mbXP_005881720.1	0.805	421	81	0	1	421	1	417	8.033999999999999e-227	703
NP_005520.4	mbXP_005859769.1	0.876	4392	544	0	5	4391	2	4393	0.0	8081
NP_005798.2	mbXP_005868557.2	0.527	1404	517	0	1	1404	3	1097	2.503e-311	998
NP_006084.2	mbXP_005885160.1	0.6	225	88	0	1	225	1	220	1.137e-82	276
NP_008966.1	mbXP_014401949.1	0.894	352	37	0	1	352	1	352	4.146e-214	662
NP_008967.1	mbXP_005874201.1	0.5	76	37	0	109	184	1	75	2.762e-16	82
NP_037359.3	mbXP_014389039.1	0.623	2505	755	0	1	2505	1	2003	0.0	2728
NP_054776.1	mbXP_005881721.1	0.872	298	37	0	1	298	1	290	5.652e-165	518
NP_055174.1	mbXP_005874708.1	0.528	231	106	0	99	329	94	318	4.763e-69	242
NP_055582.1	mbXP_014393898.1	0.916	311	26	0	64	374	64	374	5.281999999999999e-196	614
NP_057331.2	mbXP_014383788.1	0.767	1248	289	0	1	1241	1	1248	0.0	1858
NP_058646.2	mbXP_005860837.1	0.941	344	20	0	93	436	1	344	1.325e-221	689
NP_060150.4	mbXP_005881719.1	0.875	377	46	0	1	377	1	370	1.4100000000000001e-216	671
NP_068589.1	mbXP_014389041.1	0.655	92	31	0	247	337	45	136	6.425e-32	134
NP_068767.3	mbXP_014396138.1	0.884	831	96	0	81	911	221	1046	0.0	1490
NP_072089.1	mbXP_014405499.1	0.438	226	85	0	253	478	35	187	1.2149999999999998e-22	108
NP_075378.1	mbXP_014401285.1	0.864	228	30	0	2	229	32	249	1.628e-120	395
NP_079101.3	mbXP_014384920.1	0.879	491	59	0	12	502	35	525	4.3759999999999996e-281	865
NP_148935.1	mbXP_005881721.1	0.872	298	37	0	1	298	1	290	5.652e-165	518
NP_598010.1	mbXP_005874703.1	0.859	363	50	0	1	359	1	363	1.3e-202	630
NP_598011.1	mbXP_005874703.1	0.585	363	103	0	1	250	1	363	4.8190000000000005e-121	388
NP_598012.1	mbXP_005886214.1	0.551	156	68	0	61	212	212	367	3.752e-49	179
NP_598013.1	mbXP_005881719.1	0.505	85	41	0	88	172	288	371	4.1909999999999997e-23	101
NP_598014.1	mbXP_005874703.1	0.786	74	15	0	1	70	1	74	2.426e-28	111
NP_612490.1	mbXP_005871453.1	0.616	184	68	0	581	757	50	233	1.5419999999999998e-53	209
NP_714914.2	mbXP_005878739.2	0.834	611	91	0	49	659	1	551	1.67e-321	990
NP_839946.1	mbXP_014389041.1	0.86	93	13	0	266	358	45	137	1.242e-48	184
NP_940819.1	mbXP_014396138.1	0.872	569	73	0	81	649	221	788	2.712e-309	955
NP_958505.1	mbXP_005878630.1	0.843	382	58	0	1	382	1	372	2.364e-207	645
XP_005245472.1	mbXP_014389041.1	0.655	92	31	0	247	337	45	136	6.425e-32	134
XP_005259802.1	mbXP_014401286.1	0.685	1321	406	0	1	1321	1	1289	0.0	1787
XP_005259803.1	mbXP_014401286.1	0.685	1321	406	0	1	1321	1	1289	0.0	1787
XP_005268750.1	mbXP_005874703.1	0.859	363	50	0	1	359	1	363	1.3e-202	630
XP_005270514.1	mbXP_005878739.2	0.834	611	91	0	1	611	1	551	1.294e-321	988
XP_005272689.1	mbXP_014405499.1	0.438	226	85	0	253	478	35	187	1.2149999999999998e-22	108
XP_006719333.1	mbXP_005874703.1	0.859	363	50	0	1	359	1	363	1.3e-202	630
NP_001035249.1	moXP_036138013.1	0.931	436	30	0	1	433	1	436	1.21e-276	848
NP_001119808.1	moXP_036134704.1	0.926	655	48	0	1	655	1	655	0.0	1346
NP_001121180.1	moXP_036127808.1	0.514	1363	503	0	1	1363	3	1037	8.63e-310	991
NP_001121181.1	moXP_036127806.1	0.525	1311	449	0	1	1311	3	948	1.258e-317	1012
NP_001121182.1	moXP_036127807.1	0.511	1270	442	0	1	1270	3	907	4.362e-286	918
NP_001126.3	moXP_036133934.1	0.662	2431	732	0	1	2431	1	2168	0.0	2956
NP_001129076.1	moXP_036134696.1	0.494	181	66	0	3	134	4	184	6.472e-47	168
NP_001139726.1	moXP_036097142.1	0.864	492	66	0	6	494	1	492	3.022e-275	848
NP_001139727.1	moXP_036097142.1	0.697	492	121	0	6	405	1	492	2.5919999999999995e-206	644
NP_001157569.1	moXP_036134703.1	0.742	2409	617	0	1	2409	1	2392	0.0	3418
NP_001157570.1	moXP_036134705.1	0.723	1335	363	0	1	1335	14	1323	0.0	1836
NP_001180264.1	moXP_036134368.1	0.834	241	38	0	1	241	1	231	1.1480000000000001e-123	395
NP_001186009.1	moXP_036111986.1	0.924	613	47	0	30	642	1	613	0.0	1131
NP_001186010.1	moXP_036111986.1	0.924	613	47	0	30	642	1	613	0.0	1131
NP_001186011.1	moXP_036111986.1	0.699	613	141	0	49	519	1	613	1.162e-255	792
NP_001191281.1	moXP_036138013.1	0.929	371	26	0	15	385	66	436	4.9679999999999995e-239	736
NP_001191282.1	moXP_036138013.1	0.927	316	23	0	1	316	121	436	3.751e-201	623
NP_001191283.1	moXP_036138013.1	0.93	344	24	0	1	344	93	436	5.1089999999999996e-220	679
NP_001191284.1	moXP_036138013.1	0.924	317	24	0	24	340	120	436	1.146e-200	623
NP_001191285.1	moXP_036138013.1	0.841	436	62	0	1	393	1	436	1.606e-243	750
NP_001191287.1	moXP_036138013.1	0.923	313	24	0	1	310	1	313	1.299e-198	616
NP_001230174.1	moXP_036115611.1	0.436	218	116	0	5	211	6	223	4.0149999999999996e-47	173
NP_001231879.1	moXP_036120868.1	0.933	424	28	0	1	424	1	423	2.143e-270	829
NP_001238896.1	moXP_036138013.1	0.743	436	87	0	1	338	1	436	9.257e-203	629
NP_001258.2	moXP_036124045.1	0.958	359	15	0	1	359	1	359	1.279e-231	713
NP_001269297.1	moXP_036104961.1	0.649	723	226	0	1	645	1	723	5.245000000000001e-271	847
NP_001278789.1	moXP_036112721.1	0.885	4404	505	0	1	4392	1	4404	0.0	8167
NP_001554.2	moXP_036104961.1	0.733	723	193	0	1	723	1	723	1.3e-322	1001
NP_001702.1	moXP_036126718.1	0.948	369	19	0	1	368	4	372	1.353e-237	731
NP_001875.1	moXP_036136292.1	0.966	354	12	0	1	354	1	354	2.3559999999999996e-243	747
NP_001911.1	moXP_036107572.1	0.865	370	48	0	1	359	1	370	6.004e-208	645
NP_002014.2	moXP_036128877.1	0.936	376	24	0	1	376	1	376	1.741e-239	737
NP_002336.1	moXP_036108105.1	0.85	341	51	0	1	338	1	341	1.121e-191	597
NP_002716.1	moXP_036129595.1	0.89	382	42	0	1	382	1	379	1.549e-222	689
NP_002718.2	moXP_036120877.1	0.62	158	55	0	1	158	1	146	1.8970000000000003e-46	168
NP_002719.3	moXP_036115611.1	0.463	218	117	0	5	222	6	223	6.201999999999999e-53	190
NP_004376.2	moXP_036134705.1	0.719	3396	942	0	1	3396	14	3367	0.0	4581
NP_004377.2	moXP_036096909.1	0.754	1331	325	0	1	1321	1	1331	0.0	2001
NP_004589.1	moXP_036137720.1	0.922	362	28	0	78	439	12	373	1.115e-237	736
NP_004941.2	moXP_036108307.1	0.931	322	22	0	1	322	1	321	1.31e-197	613
NP_005005.1	moXP_036134367.1	0.8	421	83	0	1	421	2	418	1.2149999999999998e-227	706
NP_005520.4	moXP_036112721.1	0.885	4404	505	0	1	4391	1	4404	0.0	8172
NP_005798.2	moXP_036127808.1	0.542	1404	474	0	1	1404	3	1037	0.0	1105
NP_006084.2	moXP_036115611.1	0.597	221	88	0	5	225	5	223	1.031e-81	273
NP_008966.1	moXP_036108738.1	0.889	352	39	0	1	352	1	352	1.067e-213	661
NP_008967.1	moXP_036134696.1	0.648	182	63	0	3	184	4	184	4.471e-76	255
NP_037359.3	moXP_036133934.1	0.689	2530	674	0	1	2530	1	2168	0.0	3156
NP_054776.1	moXP_036134369.1	0.872	298	38	0	1	298	1	298	4.884e-170	532
NP_055174.1	moXP_036108307.1	0.537	214	99	0	116	329	105	318	1.483e-67	238
NP_055582.1	moXP_036120868.1	0.933	424	28	0	1	424	1	423	2.143e-270	829
NP_057331.2	moXP_036099347.1	0.784	1249	268	0	1	1241	1	1249	0.0	1917
NP_058646.2	moXP_036138013.1	0.938	436	27	0	1	436	1	436	3.856e-280	858
NP_060150.4	moXP_036134368.1	0.856	377	53	0	1	377	1	368	1.211e-208	648
NP_068589.1	moXP_036129200.1	0.917	340	28	0	1	339	1	340	1.391e-215	666
NP_068767.3	moXP_036129207.1	0.888	911	102	0	1	911	1	910	0.0	1638
NP_072089.1	moXP_036127440.1	0.879	474	57	0	6	479	1	474	1.635e-263	812
NP_075378.1	moXP_036138082.1	0.925	401	30	0	2	402	11	411	6.307000000000001e-256	786
NP_079101.3	moXP_036097142.1	0.866	492	65	0	8	496	1	492	2.4150000000000002e-275	848
NP_148935.1	moXP_036134369.1	0.872	298	38	0	1	298	1	298	4.884e-170	532
NP_598010.1	moXP_036107572.1	0.865	370	48	0	1	359	1	370	6.004e-208	645
NP_598011.1	moXP_036107572.1	0.587	370	103	0	1	250	1	370	8.825000000000001e-124	396
NP_598012.1	moXP_036126718.1	0.551	156	68	0	61	212	216	371	5.138e-49	178
NP_598013.1	moXP_036134368.1	0.494	85	42	0	88	172	286	369	3.3610000000000002e-21	96
NP_598014.1	moXP_036107572.1	0.638	82	25	0	1	71	1	82	2.2009999999999998e-23	97
NP_612490.1	moXP_036106658.1	0.848	679	103	0	10	688	75	750	0.0	1169
NP_714914.2	moXP_036111986.1	0.924	613	47	0	49	661	1	613	0.0	1131
NP_839946.1	moXP_036133994.1	0.798	357	72	0	1	357	1	356	3.009e-194	606
NP_940819.1	moXP_036129207.1	0.862	649	89	0	1	649	1	648	0.0	1075
NP_958505.1	moXP_036129595.1	0.89	382	42	0	1	382	1	379	1.549e-222	689
XP_005245472.1	moXP_036129200.1	0.917	340	28	0	1	339	1	340	1.391e-215	666
XP_005259802.1	moXP_036096909.1	0.754	1331	325	0	1	1321	1	1331	0.0	2001
XP_005259803.1	moXP_036096909.1	0.754	1331	325	0	1	1321	1	1331	0.0	2001
XP_005268750.1	moXP_036107572.1	0.865	370	48	0	1	359	1	370	6.004e-208	645
XP_005270514.1	moXP_036111986.1	0.924	613	47	0	1	613	1	613	0.0	1128
XP_005272689.1	moXP_036127440.1	0.879	474	57	0	6	479	1	474	1.635e-263	812
XP_006719333.1	moXP_036107572.1	0.865	370	48	0	1	359	1	370	6.004e-208	645
NP_001035249.1	mdXP_059553670.1	0.939	433	26	0	1	433	1	433	1.62e-279	856
NP_001119808.1	mdXP_059550146.1	0.923	655	50	0	1	655	1	655	0.0	1340
NP_001121180.1	mdXP_059531465.1	0.494	1363	485	0	1	1363	3	961	1.188e-280	906
NP_001121181.1	mdXP_059531466.1	0.479	1311	473	0	1	1311	3	911	1.411e-271	877
NP_001121182.1	mdXP_059531467.1	0.468	1270	461	0	1	1270	3	870	1.242e-243	794
NP_001126.3	mdXP_059534360.1	0.637	2431	782	0	1	2431	1	2156	0.0	2805
NP_001129076.1	mdXP_059547868.1	0.676	104	31	0	5	101	92	195	5.32e-38	142
NP_001139726.1	mdXP_059552578.1	0.883	369	43	0	133	500	53	421	8.486e-207	650
NP_001139727.1	mdXP_059552577.1	0.745	459	101	0	10	405	6	464	2.0530000000000002e-210	656
NP_001157569.1	mdXP_059550145.1	0.728	2409	652	0	1	2409	1	2398	0.0	3319
NP_001157570.1	mdXP_059550144.1	0.708	1335	358	0	1	1335	1	1227	0.0	1783
NP_001180264.1	mdXP_059512266.1	0.834	241	39	0	1	241	1	233	1.733e-124	398
NP_001186009.1	mdXP_059545526.1	0.931	611	42	0	30	640	1	611	0.0	1140
NP_001186010.1	mdXP_059545526.1	0.931	611	42	0	30	640	1	611	0.0	1140
NP_001186011.1	mdXP_059545526.1	0.705	611	138	0	49	517	1	611	4.453e-259	802
NP_001191281.1	mdXP_059553670.1	0.935	370	24	0	16	385	64	433	7.503999999999999e-240	739
NP_001191282.1	mdXP_059553670.1	0.93	316	22	0	1	316	118	433	3.014e-202	626
NP_001191283.1	mdXP_059553670.1	0.933	344	23	0	1	344	90	433	4.107e-221	682
NP_001191284.1	mdXP_059553670.1	0.927	317	23	0	24	340	117	433	9.217e-202	626
NP_001191285.1	mdXP_059553670.1	0.847	433	60	0	1	393	1	433	4.0370000000000005e-246	757
NP_001191287.1	mdXP_059553670.1	0.938	310	19	0	1	310	1	310	9.24e-202	625
NP_001230174.1	mdXP_059565308.1	0.521	220	101	0	1	211	1	220	1.682e-57	203
NP_001231879.1	mdXP_059518426.1	0.946	426	23	0	1	424	1	426	2.5450000000000002e-275	843
NP_001238896.1	mdXP_059553670.1	0.743	433	87	0	1	338	1	433	1.151e-201	626
NP_001258.2	mdXP_059526632.1	0.938	359	22	0	1	359	1	359	1.079e-226	699
NP_001269297.1	mdXP_059555692.1	0.615	837	276	0	1	719	1	837	5.2179999999999995e-289	899
NP_001278789.1	mdXP_059537215.1	0.897	1410	145	0	2983	4392	42	1451	0.0	2652
NP_001554.2	mdXP_059555692.1	0.689	837	248	0	1	797	1	837	0.0	1060
NP_001702.1	mdXP_059535821.1	0.932	368	25	0	1	368	1	368	4.888e-234	721
NP_001875.1	mdXP_059550143.1	0.951	354	17	0	1	354	1	354	1.601e-239	736
NP_001911.1	mdXP_059539752.1	0.862	363	49	0	1	359	1	363	2.967e-204	634
NP_002014.2	mdXP_059529400.1	0.931	377	26	0	1	376	1	377	1.58e-238	734
NP_002336.1	mdXP_059539750.1	0.882	337	40	0	1	337	1	336	3.0339999999999997e-198	616
NP_002716.1	mdXP_059531454.1	0.845	382	58	0	1	382	1	372	4.4380000000000004e-207	644
NP_002718.2	mdXP_059518499.1	0.672	157	51	0	2	158	1	155	7.337e-57	198
NP_002719.3	mdXP_059565308.1	0.539	222	101	0	1	222	1	220	8.266e-62	216
NP_004376.2	mdXP_059550144.1	0.702	3396	976	0	1	3396	1	3277	0.0	4422
NP_004377.2	mdXP_059552079.1	0.739	1357	345	0	1	1321	1	1357	0.0	1980
NP_004589.1	mdXP_059554439.1	0.938	439	27	0	1	439	1	436	2.7420000000000003e-288	882
NP_004941.2	mdXP_059537023.1	0.916	322	27	0	1	322	1	321	2.028e-195	607
NP_005005.1	mdXP_059512265.1	0.809	421	79	0	1	421	1	417	3.4469999999999997e-228	707
NP_005520.4	mdXP_059537215.1	0.897	1410	145	0	2982	4391	42	1451	0.0	2652
NP_005798.2	mdXP_059531464.1	0.504	1404	496	0	1	1404	3	1002	1.253e-308	990
NP_006084.2	mdXP_059565310.1	0.611	224	84	0	1	224	1	218	2.18e-79	267
NP_008966.1	mdXP_059537024.1	0.892	352	38	0	1	352	1	352	1.462e-213	661
NP_008967.1	mdXP_059547868.1	0.601	186	71	0	5	184	92	277	7.363e-68	231
NP_037359.3	mdXP_059534360.1	0.664	2530	724	0	1	2530	1	2156	0.0	3005
NP_054776.1	mdXP_059512271.1	0.862	298	40	0	1	298	1	290	1.32e-163	514
NP_055174.1	mdXP_059537023.1	0.546	214	97	0	116	329	105	318	8.901000000000001e-69	241
NP_055582.1	mdXP_059518426.1	0.946	426	23	0	1	424	1	426	2.5450000000000002e-275	843
NP_057331.2	mdXP_059543990.1	0.765	1251	291	0	1	1241	1	1251	0.0	1863
NP_058646.2	mdXP_059553670.1	0.933	436	29	0	1	436	1	433	1.533e-277	850
NP_060150.4	mdXP_059512266.1	0.862	377	51	0	1	377	1	370	2.454e-212	659
NP_068589.1	mdXP_059530378.1	0.905	340	32	0	1	339	1	340	1.5709999999999998e-213	660
NP_068767.3	mdXP_059529425.1	0.872	911	116	0	1	911	1	905	0.0	1602
NP_072089.1	mdXP_059534522.1	0.822	474	84	0	6	479	1	472	1.6979999999999998e-238	740
NP_075378.1	mdXP_059552082.1	0.92	402	32	0	1	402	1	398	7.115e-254	780
NP_079101.3	mdXP_059552578.1	0.883	369	43	0	135	502	53	421	9.251000000000001e-207	650
NP_148935.1	mdXP_059512271.1	0.862	298	40	0	1	298	1	290	1.32e-163	514
NP_598010.1	mdXP_059539752.1	0.862	363	49	0	1	359	1	363	2.967e-204	634
NP_598011.1	mdXP_059539752.1	0.593	363	101	0	1	250	1	363	1.332e-124	398
NP_598012.1	mdXP_059535821.1	0.544	156	69	0	61	212	212	367	1.319e-48	177
NP_598013.1	mdXP_059512266.1	0.505	85	41	0	88	172	288	371	5.732999999999999e-23	101
NP_598014.1	mdXP_059539752.1	0.786	74	15	0	1	70	1	74	1.2870000000000001e-28	112
NP_612490.1	mdXP_059536761.1	0.854	749	108	0	13	761	12	751	0.0	1279
NP_714914.2	mdXP_059545526.1	0.931	611	42	0	49	659	1	611	0.0	1140
NP_839946.1	mdXP_059534356.1	0.8	356	71	0	3	358	4	357	1.991e-193	603
NP_940819.1	mdXP_059529425.1	0.856	649	93	0	1	649	1	647	0.0	1068
NP_958505.1	mdXP_059531454.1	0.845	382	58	0	1	382	1	372	4.4380000000000004e-207	644
XP_005245472.1	mdXP_059530378.1	0.905	340	32	0	1	339	1	340	1.5709999999999998e-213	660
XP_005259802.1	mdXP_059552079.1	0.739	1357	345	0	1	1321	1	1357	0.0	1980
XP_005259803.1	mdXP_059552079.1	0.739	1357	345	0	1	1321	1	1357	0.0	1980
XP_005268750.1	mdXP_059539752.1	0.862	363	49	0	1	359	1	363	2.967e-204	634
XP_005270514.1	mdXP_059545526.1	0.931	611	42	0	1	611	1	611	0.0	1138
XP_005272689.1	mdXP_059534522.1	0.822	474	84	0	6	479	1	472	1.6979999999999998e-238	740
XP_006719333.1	mdXP_059539752.1	0.862	363	49	0	1	359	1	363	2.967e-204	634
NP_001035249.1	sbXP_066135682.1	0.926	433	32	0	1	433	1	432	1.1220000000000001e-272	836
NP_001119808.1	sbXP_066129828.1	0.925	656	49	0	1	655	1	656	0.0	1344
NP_001121180.1	sbXP_066117449.1	0.528	1363	460	0	1	1363	1	975	3.401e-315	1007
NP_001121181.1	sbXP_066117450.1	0.523	1311	437	0	1	1311	1	918	1.273e-312	997
NP_001121182.1	sbXP_066117451.1	0.51	1270	429	0	1	1270	1	877	4.911e-282	906
NP_001126.3	sbXP_066096152.1	0.668	2431	736	0	1	2431	1	2218	0.0	2946
NP_001129076.1	sbXP_066109650.1	0.505	177	62	0	3	129	4	180	5.173e-48	171
NP_001139726.1	sbXP_066109419.1	0.781	371	80	0	133	500	56	426	1.483e-175	560
NP_001139727.1	sbXP_066109419.1	0.623	382	136	0	51	411	45	426	2.923e-133	433
NP_001157569.1	sbXP_066129826.1	0.732	2409	641	0	1	2409	1	2391	0.0	3363
NP_001157570.1	sbXP_066129827.1	0.767	1644	382	0	1	1642	1	1644	0.0	2535
NP_001180264.1	sbXP_066113554.1	0.817	241	42	0	1	241	1	233	1.429e-122	392
NP_001186009.1	sbXP_066125265.1	0.934	611	40	0	30	640	1	611	0.0	1145
NP_001186010.1	sbXP_066125265.1	0.934	611	40	0	30	640	1	611	0.0	1145
NP_001186011.1	sbXP_066125265.1	0.71	611	136	0	49	517	1	611	3.969e-261	808
NP_001191281.1	sbXP_066135682.1	0.921	370	29	0	16	385	64	432	1.0769999999999999e-233	721
NP_001191282.1	sbXP_066135682.1	0.93	317	22	0	1	316	116	432	1.997e-201	624
NP_001191283.1	sbXP_066135682.1	0.93	345	24	0	1	344	88	432	1.315e-219	678
NP_001191284.1	sbXP_066135682.1	0.927	318	23	0	24	340	115	432	6.104e-201	624
NP_001191285.1	sbXP_066135682.1	0.834	432	65	0	1	393	1	432	2.7979999999999997e-239	737
NP_001191287.1	sbXP_066135682.1	0.925	310	23	0	1	310	1	308	4.162e-197	611
NP_001230174.1	sbXP_066110069.1	0.44	213	115	0	5	211	6	218	3.263e-45	167
NP_001231879.1	sbXP_066098465.1	0.941	424	25	0	1	424	1	424	3.844e-276	846
NP_001238896.1	sbXP_066135682.1	0.745	432	86	0	1	338	1	432	1.432e-200	623
NP_001258.2	sbXP_066120036.1	0.958	359	15	0	1	359	1	359	1.0279999999999999e-232	717
NP_001269297.1	sbXP_066110004.1	0.728	720	195	0	1	719	1	720	2.386e-318	984
NP_001278789.1	sbXP_066126276.1	0.891	4397	479	0	1	4392	1	4397	0.0	8218
NP_001554.2	sbXP_066109998.1	0.737	749	196	0	1	748	1	749	0.0	1049
NP_001702.1	sbXP_066105706.1	0.94	369	22	0	1	368	1	369	8.132e-236	726
NP_001875.1	sbXP_066133850.1	0.96	354	14	0	1	354	1	354	2.931e-242	744
NP_001911.1	sbXP_066113861.1	0.901	365	35	0	1	359	1	365	4.6119999999999995e-215	666
NP_002014.2	sbXP_066117749.1	0.946	376	20	0	1	376	1	376	1.542e-241	743
NP_002336.1	sbXP_066113863.1	0.884	339	39	0	1	338	6	344	2.963e-201	625
NP_002716.1	sbXP_066117746.1	0.856	382	54	0	1	382	1	379	4.255e-213	661
NP_002718.2	sbXP_066098659.1	0.643	157	54	0	2	158	1	153	2.9449999999999997e-54	190
NP_002719.3	sbXP_066110069.1	0.459	218	115	0	5	222	6	218	2.185e-49	180
NP_004376.2	sbXP_066129827.1	0.721	1337	372	0	1	1335	1	1337	0.0	1855
NP_004377.2	sbXP_066124537.1	0.731	1358	355	0	1	1321	1	1358	0.0	1956
NP_004589.1	sbXP_066128641.1	0.933	439	29	0	1	439	104	540	3.408e-287	878
NP_004941.2	sbXP_066110890.1	0.944	322	18	0	1	322	1	321	2.179e-199	618
NP_005005.1	sbXP_066113552.1	0.809	421	79	0	1	421	1	417	7.139e-229	709
NP_005520.4	sbXP_066126276.1	0.891	4397	479	0	1	4391	1	4397	0.0	8223
NP_005798.2	sbXP_066117448.1	0.539	1404	468	0	1	1404	1	1016	0.0	1098
NP_006084.2	sbXP_066110069.1	0.568	225	94	0	1	225	1	218	7.234000000000001e-72	245
NP_008966.1	sbXP_066110886.1	0.911	352	31	0	1	352	1	352	2.617e-219	677
NP_008967.1	sbXP_066109650.1	0.719	177	49	0	3	179	4	180	1.4390000000000002e-84	279
NP_037359.3	sbXP_066096152.1	0.695	2530	676	0	1	2530	1	2218	0.0	3146
NP_054776.1	sbXP_066113551.1	0.912	298	26	0	1	298	1	298	5.779e-175	546
NP_055174.1	sbXP_066110890.1	0.551	214	96	0	116	329	105	318	7.297e-70	244
NP_055582.1	sbXP_066098465.1	0.941	424	25	0	1	424	1	424	3.844e-276	846
NP_057331.2	sbXP_066097771.1	0.75	1239	308	0	3	1241	1	1233	0.0	1802
NP_058646.2	sbXP_066135682.1	0.919	436	35	0	1	436	1	432	1.061e-270	831
NP_060150.4	sbXP_066113554.1	0.854	377	54	0	1	377	1	370	4.6070000000000004e-212	658
NP_068589.1	sbXP_066117900.1	0.938	311	19	0	29	339	36	346	1.731e-201	625
NP_068767.3	sbXP_066117897.1	0.882	876	103	0	1	876	1	873	0.0	1558
NP_072089.1	sbXP_066105258.1	0.852	480	71	0	1	479	1	480	4.36e-257	794
NP_075378.1	sbXP_066124501.1	0.934	396	26	0	7	402	4	399	8.643e-256	786
NP_079101.3	sbXP_066109419.1	0.781	371	80	0	135	502	56	426	1.612e-175	560
NP_148935.1	sbXP_066113551.1	0.912	298	26	0	1	298	1	298	5.779e-175	546
NP_598010.1	sbXP_066113861.1	0.901	365	35	0	1	359	1	365	4.6119999999999995e-215	666
NP_598011.1	sbXP_066113861.1	0.616	365	96	0	1	250	1	365	1.148e-129	413
NP_598012.1	sbXP_066105706.1	0.557	156	67	0	61	212	213	368	1.067e-49	180
NP_598013.1	sbXP_066113554.1	0.517	85	40	0	88	172	288	371	6.391e-24	104
NP_598014.1	sbXP_066113861.1	0.727	77	19	0	1	71	1	77	3.0639999999999998e-27	108
NP_612490.1	sbXP_066109172.1	0.825	761	131	0	1	761	1	749	0.0	1238
NP_714914.2	sbXP_066125265.1	0.934	611	40	0	49	659	1	611	0.0	1145
NP_839946.1	sbXP_066094867.1	0.812	358	67	0	1	358	1	356	1.9070000000000001e-199	621
NP_940819.1	sbXP_066117897.1	0.853	649	95	0	1	649	1	646	0.0	1060
NP_958505.1	sbXP_066117746.1	0.856	382	54	0	1	382	1	379	4.255e-213	661
XP_005245472.1	sbXP_066117900.1	0.938	311	19	0	29	339	36	346	1.731e-201	625
XP_005259802.1	sbXP_066124537.1	0.731	1358	355	0	1	1321	1	1358	0.0	1956
XP_005259803.1	sbXP_066124537.1	0.731	1358	355	0	1	1321	1	1358	0.0	1956
XP_005268750.1	sbXP_066113861.1	0.901	365	35	0	1	359	1	365	4.6119999999999995e-215	666
XP_005270514.1	sbXP_066125265.1	0.934	611	40	0	1	611	1	611	0.0	1142
XP_005272689.1	sbXP_066105258.1	0.852	480	71	0	1	479	1	480	4.36e-257	794
XP_006719333.1	sbXP_066113861.1	0.901	365	35	0	1	359	1	365	4.6119999999999995e-215	666
NP_001035249.1	ajXP_053514069.1	0.919	433	35	0	1	433	1	431	7.428e-272	834
NP_001119808.1	ajXP_036998863.2	0.922	656	51	0	1	655	1	656	0.0	1331
NP_001121180.1	ajXP_053514458.1	0.552	1363	472	0	1	1363	2	1056	0.0	1094
NP_001121181.1	ajXP_053514462.1	0.547	1311	452	0	1	1311	2	1000	0.0	1082
NP_001121182.1	ajXP_053514467.1	0.536	1270	444	0	1	1270	2	959	1.657e-311	992
NP_001126.3	ajXP_053514883.1	0.613	2431	781	0	1	2431	1	2020	0.0	2698
NP_001129076.1	ajXP_037001022.2	0.489	185	66	0	5	134	7	191	6.738e-44	159
NP_001139726.1	ajXP_037001415.2	0.849	498	74	0	1	494	1	498	2.785e-271	837
NP_001139727.1	ajXP_037001415.2	0.678	498	130	0	1	405	1	498	4.054e-201	629
NP_001157569.1	ajXP_036998862.2	0.728	2409	651	0	1	2409	1	2393	0.0	3337
NP_001157570.1	ajXP_036998861.2	0.708	1343	390	0	1	1335	1	1343	0.0	1822
NP_001180264.1	ajXP_053518778.1	0.847	236	35	0	1	236	23	251	3.254e-124	397
NP_001186009.1	ajXP_053511501.1	0.945	554	30	0	30	583	1	554	0.0	1055
NP_001186010.1	ajXP_053511501.1	0.945	554	30	0	30	583	1	554	0.0	1055
NP_001186011.1	ajXP_053511498.1	0.711	613	136	0	49	519	1	613	6.099e-259	801
NP_001191281.1	ajXP_053514069.1	0.913	370	32	0	16	385	64	431	5.202e-233	719
NP_001191282.1	ajXP_053514069.1	0.917	316	26	0	1	316	116	431	4.238e-199	617
NP_001191283.1	ajXP_053514069.1	0.915	344	29	0	1	344	88	431	3.822e-217	671
NP_001191284.1	ajXP_053514069.1	0.914	317	27	0	24	340	115	431	1.293e-198	617
NP_001191285.1	ajXP_053514069.1	0.831	431	66	0	1	393	1	431	2.7979999999999997e-239	737
NP_001191287.1	ajXP_053514069.1	0.909	310	28	0	1	310	1	308	3.116e-194	603
NP_001230174.1	ajXP_053515185.1	0.457	215	111	0	5	210	6	220	6.095e-48	175
NP_001231879.1	ajXP_053519965.1	0.932	428	29	0	1	424	1	428	2.363e-271	832
NP_001238896.1	ajXP_053514069.1	0.747	431	85	0	1	338	1	431	4.474e-202	627
NP_001258.2	ajXP_037016431.2	0.409	327	191	0	23	346	388	714	7.397e-75	260
NP_001269297.1	ajXP_036988886.2	0.57	716	288	0	1	716	1	670	3.381e-252	793
NP_001278789.1	ajXP_053516244.1	0.887	4404	496	0	1	4392	1	4404	0.0	8171
NP_001554.2	ajXP_036988886.2	0.645	794	237	0	1	794	1	670	1.419e-302	943
NP_001702.1	ajXP_037006742.1	0.945	369	20	0	1	368	4	372	2.541e-237	730
NP_001875.1	ajXP_053520392.1	0.943	354	20	0	1	354	1	354	6.377e-237	728
NP_001911.1	ajXP_037003376.1	0.887	363	40	0	1	359	1	363	2.281e-211	655
NP_002014.2	ajXP_037020644.1	0.938	376	23	0	1	376	1	376	3.969e-241	742
NP_002336.1	ajXP_037003378.1	0.879	339	41	0	1	338	1	339	1.045e-200	623
NP_002716.1	ajXP_037009069.2	0.869	382	50	0	1	382	1	379	1.303e-217	674
NP_002718.2	ajXP_036986535.1	0.579	157	61	0	2	158	1	147	4.885e-46	167
NP_002719.3	ajXP_053515185.1	0.475	217	112	0	5	221	6	220	2.179e-52	188
NP_004376.2	ajXP_036998861.2	0.703	3396	1006	0	1	3396	1	3387	0.0	4493
NP_004377.2	ajXP_053524024.1	0.734	1359	351	0	1	1321	22	1380	0.0	1960
NP_004589.1	ajXP_053522478.1	0.927	439	32	0	1	439	1	438	5.1480000000000005e-288	881
NP_004941.2	ajXP_037003375.1	0.919	322	26	0	1	322	1	321	2.5230000000000002e-194	604
NP_005005.1	ajXP_037012988.2	0.821	421	74	0	1	421	2	418	1.421e-235	728
NP_005520.4	ajXP_053516244.1	0.887	4404	496	0	1	4391	1	4404	0.0	8176
NP_005798.2	ajXP_053514447.1	0.562	1404	480	0	1	1404	2	1097	0.0	1184
NP_006084.2	ajXP_053515185.1	0.584	224	91	0	1	224	1	220	2.9880000000000003e-79	266
NP_008966.1	ajXP_037003372.2	0.886	352	40	0	1	352	1	350	2.051e-210	652
NP_008967.1	ajXP_037001022.2	0.655	185	62	0	5	184	7	191	1.266e-76	256
NP_037359.3	ajXP_053514883.1	0.64	2530	727	0	1	2530	1	2020	0.0	2897
NP_054776.1	ajXP_053518779.1	0.862	298	41	0	1	298	1	297	2.1960000000000004e-165	519
NP_055174.1	ajXP_053523908.1	0.625	326	119	0	7	332	67	384	4.832e-104	344
NP_055582.1	ajXP_053519965.1	0.932	428	29	0	1	424	1	428	2.363e-271	832
NP_057331.2	ajXP_036987532.2	0.748	1261	312	0	1	1241	1	1261	0.0	1815
NP_058646.2	ajXP_053514069.1	0.912	436	38	0	1	436	1	431	7.022000000000001e-270	828
NP_060150.4	ajXP_037012990.1	0.878	378	45	0	1	378	1	371	1.4100000000000001e-216	671
NP_068589.1	ajXP_036988550.2	0.905	340	32	0	1	339	1	340	6.724e-215	664
NP_068767.3	ajXP_036988541.2	0.874	910	115	0	1	910	1	910	0.0	1605
NP_072089.1	ajXP_037021560.2	0.841	466	74	0	14	479	120	585	1.9729999999999998e-249	772
NP_075378.1	ajXP_037008494.2	0.932	402	27	0	1	402	1	402	4.0800000000000004e-258	792
NP_079101.3	ajXP_037001415.2	0.86	488	68	0	12	496	11	498	2.76e-270	834
NP_148935.1	ajXP_053518779.1	0.862	298	41	0	1	298	1	297	2.1960000000000004e-165	519
NP_598010.1	ajXP_037003376.1	0.887	363	40	0	1	359	1	363	2.281e-211	655
NP_598011.1	ajXP_037003376.1	0.607	363	98	0	1	250	1	363	1.2979999999999998e-127	407
NP_598012.1	ajXP_037006742.1	0.551	156	68	0	61	212	216	371	7.034e-49	178
NP_598013.1	ajXP_053518778.1	0.532	77	36	0	49	125	84	160	1.175e-20	94
NP_598014.1	ajXP_037003376.1	0.723	75	19	0	1	71	1	75	1.089e-26	106
NP_612490.1	ajXP_037016431.2	0.817	756	136	0	1	756	1	744	0.0	1229
NP_714914.2	ajXP_053511501.1	0.945	554	30	0	49	602	1	554	0.0	1055
NP_839946.1	ajXP_053514917.1	0.66	357	120	0	1	357	1	354	5.5600000000000005e-143	458
NP_940819.1	ajXP_036988541.2	0.855	649	94	0	1	649	1	649	0.0	1062
NP_958505.1	ajXP_037009069.2	0.869	382	50	0	1	382	1	379	1.303e-217	674
XP_005245472.1	ajXP_036988550.2	0.905	340	32	0	1	339	1	340	6.724e-215	664
XP_005259802.1	ajXP_053524024.1	0.734	1359	351	0	1	1321	22	1380	0.0	1960
XP_005259803.1	ajXP_053524024.1	0.734	1359	351	0	1	1321	22	1380	0.0	1960
XP_005268750.1	ajXP_037003376.1	0.887	363	40	0	1	359	1	363	2.281e-211	655
XP_005270514.1	ajXP_053511501.1	0.945	554	30	0	1	554	1	554	0.0	1053
XP_005272689.1	ajXP_037021560.2	0.841	466	74	0	14	479	120	585	1.9729999999999998e-249	772
XP_006719333.1	ajXP_037003376.1	0.887	363	40	0	1	359	1	363	2.281e-211	655
NP_001035249.1	pnCAK6445821.1	0.935	433	28	0	1	433	1	433	5.183e-278	852
NP_001119808.1	pnCAK6444371.1	0.391	329	190	0	19	347	39	351	4.02e-59	224
NP_001121180.1	pnCAK6439636.1	0.474	1363	535	0	1	1363	1	1019	1.158e-259	844
NP_001121181.1	pnCAK6439636.1	0.446	1311	564	0	1	1311	1	1019	4.1909999999999997e-249	811
NP_001121182.1	pnCAK6439636.1	0.421	1270	589	0	1	1270	1	1019	5.437e-214	706
NP_001126.3	pnCAK6442447.1	0.611	2431	824	0	1	2431	1	2118	0.0	2571
NP_001129076.1	pnCAK6444096.1	0.619	91	34	0	12	101	16	106	3.3509999999999995e-33	128
NP_001139726.1	pnCAK6445415.1	0.872	488	62	0	10	494	6	493	1.065e-274	846
NP_001139727.1	pnCAK6445415.1	0.698	488	119	0	10	405	6	493	2.911e-204	638
NP_001157569.1	pnCAK6444370.1	0.724	2409	661	0	1	2409	1	2395	0.0	3306
NP_001157570.1	pnCAK6444371.1	0.391	329	190	0	19	347	39	351	1.223e-56	224
NP_001180264.1	pnCAK6434148.1	0.838	241	38	0	1	241	1	233	3.5829999999999997e-125	400
NP_001186009.1	pnCAK6441138.1	0.906	622	58	0	19	640	8	629	0.0	1124
NP_001186010.1	pnCAK6441138.1	0.906	622	58	0	19	640	8	629	0.0	1124
NP_001186011.1	pnCAK6441138.1	0.691	622	148	0	38	517	8	629	5.602e-255	790
NP_001191281.1	pnCAK6445821.1	0.937	370	23	0	16	385	64	433	7.503999999999999e-240	739
NP_001191282.1	pnCAK6445821.1	0.933	316	21	0	1	316	118	433	3.014e-202	626
NP_001191283.1	pnCAK6445821.1	0.936	344	22	0	1	344	90	433	4.107e-221	682
NP_001191284.1	pnCAK6445821.1	0.93	317	22	0	24	340	117	433	9.217e-202	626
NP_001191285.1	pnCAK6445821.1	0.842	433	62	0	1	393	1	433	1.2910000000000001e-244	753
NP_001191287.1	pnCAK6445821.1	0.932	310	21	0	1	310	1	310	5.559e-200	619
NP_001230174.1	pnCAK6449378.1	0.475	220	110	0	1	211	1	220	2.9329999999999997e-47	173
NP_001231879.1	pnCAK6436395.1	0.899	424	43	0	1	424	1	423	6.504e-262	805
NP_001238896.1	pnCAK6445821.1	0.741	433	87	0	1	338	1	433	2.963e-201	625
NP_001258.2	pnCAK6449900.1	0.3	342	218	0	23	334	26	367	6.588e-33	137
NP_001278789.1	pnCAK6440721.1	0.818	4392	756	0	1	4392	1	4153	0.0	7466
NP_001702.1	pnCAK6450104.1	0.956	368	16	0	1	368	1	368	1.9939999999999997e-241	742
NP_001875.1	pnCAK6444371.1	0.94	354	21	0	1	354	1	354	7.025e-238	731
NP_001911.1	pnCAK6443114.1	0.879	363	43	0	1	359	1	363	3.5250000000000003e-209	649
NP_002014.2	pnCAK6439758.1	0.938	377	23	0	1	376	1	377	3.6019999999999997e-240	739
NP_002336.1	pnCAK6443117.1	0.868	341	44	0	1	338	1	341	1.33e-196	611
NP_002716.1	pnCAK6439757.1	0.853	382	55	0	1	382	1	378	4.793e-211	655
NP_002718.2	pnCAK6436360.1	0.587	157	62	0	2	158	1	152	4.885e-46	167
NP_002719.3	pnCAK6449378.1	0.488	222	112	0	1	222	1	220	3.6829999999999995e-51	185
NP_004376.2	pnCAK6444370.1	0.514	3396	1163	0	1	3396	1	2395	0.0	2908
NP_004377.2	pnCAK6445283.1	0.732	1356	354	0	1	1321	1	1356	0.0	1965
NP_004589.1	pnCAK6446080.1	0.92	439	35	0	1	439	1	435	2.094e-282	865
NP_004941.2	pnCAK6443119.1	0.913	322	28	0	1	322	1	320	8.898e-194	602
NP_005005.1	pnCAK6434147.1	0.798	421	84	0	1	421	1	417	2.831e-226	702
NP_005520.4	pnCAK6440721.1	0.818	4391	756	0	1	4391	1	4153	0.0	7471
NP_005798.2	pnCAK6439636.1	0.498	1404	511	0	1	1404	1	1019	7.145000000000001e-295	949
NP_006084.2	pnCAK6449378.1	0.577	225	93	0	1	225	1	220	3.363e-77	260
NP_008966.1	pnCAK6443118.1	0.883	352	41	0	1	352	1	352	2.051e-210	652
NP_008967.1	pnCAK6444096.1	0.56	173	76	0	12	184	16	188	4.561e-63	217
NP_037359.3	pnCAK6442447.1	0.623	2530	798	0	1	2530	1	2118	0.0	2709
NP_054776.1	pnCAK6434146.1	0.832	298	49	0	1	298	1	290	1.943e-154	487
NP_055174.1	pnCAK6443119.1	0.546	214	97	0	116	329	104	317	6.511e-69	242
NP_055582.1	pnCAK6436395.1	0.899	424	43	0	1	424	1	423	6.504e-262	805
NP_057331.2	pnCAK6441586.1	0.746	1250	315	0	1	1241	1	1250	0.0	1819
NP_058646.2	pnCAK6445821.1	0.928	436	31	0	1	436	1	433	4.901999999999999e-276	846
NP_060150.4	pnCAK6434148.1	0.867	377	49	0	1	377	1	370	1.791e-212	659
NP_068589.1	pnCAK6439517.1	0.894	340	36	0	1	339	1	340	7.063000000000001e-209	647
NP_068767.3	pnCAK6439518.1	0.863	911	122	0	1	911	1	895	0.0	1568
NP_072089.1	pnCAK6449900.1	0.777	470	105	0	6	475	1	470	2.469e-226	705
NP_075378.1	pnCAK6445282.1	0.92	402	32	0	1	402	1	398	2.765e-254	781
NP_079101.3	pnCAK6445415.1	0.872	488	62	0	12	496	6	493	2.996e-274	845
NP_148935.1	pnCAK6434146.1	0.832	298	49	0	1	298	1	290	1.943e-154	487
NP_598010.1	pnCAK6443114.1	0.879	363	43	0	1	359	1	363	3.5250000000000003e-209	649
NP_598011.1	pnCAK6443114.1	0.607	363	98	0	1	250	1	363	1.7789999999999999e-127	407
NP_598012.1	pnCAK6450104.1	0.551	156	68	0	61	212	212	367	5.138e-49	178
NP_598013.1	pnCAK6434148.1	0.494	85	42	0	88	172	288	371	5.732999999999999e-23	101
NP_598014.1	pnCAK6443114.1	0.746	74	18	0	1	70	1	74	1.089e-26	106
NP_612490.1	pnCAK6449900.1	0.333	342	209	0	396	709	26	367	3.247e-32	141
NP_714914.2	pnCAK6441138.1	0.906	622	58	0	38	659	8	629	0.0	1124
NP_839946.1	pnCAK6444371.1	0.547	318	143	0	45	360	36	353	4.353e-119	389
NP_940819.1	pnCAK6439518.1	0.854	649	93	0	1	649	1	637	0.0	1048
NP_958505.1	pnCAK6439757.1	0.853	382	55	0	1	382	1	378	4.793e-211	655
XP_005245472.1	pnCAK6439517.1	0.894	340	36	0	1	339	1	340	7.063000000000001e-209	647
XP_005259802.1	pnCAK6445283.1	0.732	1356	354	0	1	1321	1	1356	0.0	1965
XP_005259803.1	pnCAK6445283.1	0.732	1356	354	0	1	1321	1	1356	0.0	1965
XP_005268750.1	pnCAK6443114.1	0.879	363	43	0	1	359	1	363	3.5250000000000003e-209	649
XP_005270514.1	pnCAK6441138.1	0.916	611	51	0	1	611	19	629	0.0	1118
XP_005272689.1	pnCAK6449900.1	0.777	470	105	0	6	475	1	470	2.469e-226	705
XP_006719333.1	pnCAK6443114.1	0.879	363	43	0	1	359	1	363	3.5250000000000003e-209	649
