qseqid	sseqid	pident	length	mismatch	gapopen	qstart	qend	sstart	send	evalue	bitscore
59463.ENSMLUP00000000083	rfXP_032946134.1	0.964	284	10	0	1	284	94	377	1.343e-183	571
59463.ENSMLUP00000001427	rfXP_032943217.1	0.931	189	13	0	24	212	1	189	1.609e-118	379
59463.ENSMLUP00000001789	rfXP_032971332.1	0.959	524	21	0	1	524	1	524	0.0	1043
59463.ENSMLUP00000002616	rfXP_032990906.1	0.929	427	30	0	1	427	1	427	4.627e-270	828
59463.ENSMLUP00000002847	rfXP_032969289.1	0.807	209	39	0	1	209	1	203	3.69e-105	340
59463.ENSMLUP00000003315	rfXP_032946413.1	0.829	1226	208	0	1	1219	1	1226	0.0	2077
59463.ENSMLUP00000003322	rfXP_032986834.1	0.972	324	9	0	4	327	172	495	2.202e-213	659
59463.ENSMLUP00000004009	rfXP_032960936.1	0.925	242	18	0	1	242	1	241	5.182e-142	448
59463.ENSMLUP00000004202	rfXP_032946676.1	0.944	449	25	0	1	449	1	449	2.4690000000000002e-265	817
59463.ENSMLUP00000005054	rfXP_032956699.1	0.972	760	21	0	1	759	1	760	0.0	1442
59463.ENSMLUP00000005277	rfXP_032979411.1	0.919	346	28	0	1	346	34	379	3.058e-204	634
59463.ENSMLUP00000005366	rfXP_032960851.1	0.799	1445	278	0	1	1386	6	1450	0.0	2243
59463.ENSMLUP00000005595	rfXP_032946676.1	0.954	307	14	0	1	307	144	450	6.377999999999999e-179	559
59463.ENSMLUP00000008027	rfXP_032943586.1	0.917	327	26	0	1	309	21	347	7.327e-195	604
59463.ENSMLUP00000009180	rfXP_032977584.1	0.961	565	22	0	7	571	7	570	0.0	1026
59463.ENSMLUP00000009404	rfXP_032948995.1	0.892	411	44	0	1	411	1	410	2.353e-236	731
59463.ENSMLUP00000010380	rfXP_032971986.1	0.885	385	44	0	7	391	37	421	4.1219999999999997e-231	714
59463.ENSMLUP00000011160	rfXP_032990303.1	0.921	754	59	0	9	762	5	758	0.0	1478
59463.ENSMLUP00000011196	rfXP_032984803.1	0.826	759	131	0	2	757	2	760	0.0	1229
59463.ENSMLUP00000011227	rfXP_032983309.1	0.914	293	25	0	5	296	1	293	3.403e-170	533
59463.ENSMLUP00000011717	rfXP_032945859.1	0.803	449	88	0	1	449	1	448	6.656e-201	631
59463.ENSMLUP00000012090	rfXP_032955476.1	0.921	345	27	0	5	349	23	364	2.76e-208	646
59463.ENSMLUP00000013453	rfXP_032947164.1	0.887	541	61	0	123	663	1	541	0.0	1016
59463.ENSMLUP00000013787	rfXP_032952375.1	0.63	286	97	0	1	263	97	382	3.006e-91	303
59463.ENSMLUP00000014213	rfXP_032945966.1	1.0	394	0	0	89	482	15	408	4.826999999999999e-249	781
59463.ENSMLUP00000016071	rfXP_032971383.1	0.738	463	121	0	1	462	1	463	5.4210000000000006e-214	668
59463.ENSMLUP00000016363	rfXP_032965734.1	0.887	391	44	0	1	387	1	391	2.0119999999999997e-232	717
59463.ENSMLUP00000016529	rfXP_032947163.1	0.819	663	120	0	1	663	1	663	0.0	1143
59463.ENSMLUP00000022559	rfXP_032952376.1	0.949	157	8	0	1	157	123	279	7.547e-95	307
59463.ENSMLUP00000000083	drXP_053766493.1	0.971	284	8	0	1	284	94	377	1.627e-185	576
59463.ENSMLUP00000001427	drXP_024433875.1	0.878	190	23	0	24	212	1	190	4.5290000000000005e-109	351
59463.ENSMLUP00000001789	drXP_024410096.1	0.963	524	19	0	1	524	1	524	0.0	1044
59463.ENSMLUP00000002616	drXP_024425024.1	0.946	428	23	0	1	427	1	428	6.989e-271	831
59463.ENSMLUP00000002847	drXP_024421388.1	0.799	209	40	0	1	209	1	199	1.6229999999999998e-103	335
59463.ENSMLUP00000003315	drXP_024420605.2	0.866	1224	163	0	1	1219	2	1225	0.0	2168
59463.ENSMLUP00000003322	drXP_045047578.2	0.972	324	9	0	4	327	145	468	4.554e-214	661
59463.ENSMLUP00000004009	drXP_024418601.1	0.933	242	16	0	1	242	1	241	1.179e-143	453
59463.ENSMLUP00000004202	drXP_024428890.2	0.955	449	20	0	1	449	1	449	1.169e-267	824
59463.ENSMLUP00000005054	drXP_053769596.1	0.967	760	25	0	1	759	1	760	0.0	1439
59463.ENSMLUP00000005277	drXP_053771512.1	0.933	346	23	0	1	346	34	379	4.5100000000000006e-208	645
59463.ENSMLUP00000005366	drXP_053772323.1	0.796	1416	282	0	1	1385	6	1421	0.0	2221
59463.ENSMLUP00000005595	drXP_024428890.2	0.96	307	12	0	1	307	144	450	3.396e-179	560
59463.ENSMLUP00000008027	drXP_024436450.2	0.92	327	25	0	1	309	21	347	1.106e-195	607
59463.ENSMLUP00000009180	drXP_024414685.1	0.955	566	25	0	10	575	1	565	0.0	1022
59463.ENSMLUP00000009404	drXP_024427405.1	0.893	423	45	0	1	423	1	423	4.153e-245	756
59463.ENSMLUP00000010380	drXP_053777195.1	0.864	385	52	0	7	391	37	421	4.853e-223	691
59463.ENSMLUP00000011160	drXP_024416550.1	0.92	756	60	0	7	762	3	756	0.0	1476
59463.ENSMLUP00000011196	drXP_024425231.1	0.815	759	140	0	2	757	2	760	0.0	1217
59463.ENSMLUP00000011227	drXP_024425273.2	0.921	294	23	0	5	297	1	294	5.009e-174	544
59463.ENSMLUP00000011717	drXP_024409255.1	0.872	461	57	0	1	461	1	445	1.381e-226	706
59463.ENSMLUP00000012090	drXP_045040527.2	0.913	346	30	0	4	349	22	365	2.2200000000000002e-209	649
59463.ENSMLUP00000013453	drXP_045055206.2	0.888	513	57	0	1	513	1	513	1.246e-311	962
59463.ENSMLUP00000013787	drXP_024432590.2	0.636	286	95	0	1	263	97	382	2.7199999999999998e-90	300
59463.ENSMLUP00000014213	drXP_024420519.1	1.0	429	0	0	1	429	21	449	1.329e-279	869
59463.ENSMLUP00000016071	drXP_024410613.2	0.755	463	113	0	1	462	1	463	4.2480000000000003e-221	689
59463.ENSMLUP00000016363	drXP_024434372.2	0.883	387	45	0	1	387	1	387	1.825e-231	715
59463.ENSMLUP00000016529	drXP_045055206.2	0.849	513	77	0	1	513	1	513	3.7169999999999996e-297	920
59463.ENSMLUP00000022559	drXP_024432590.2	0.923	157	12	0	1	157	226	382	7.13e-91	296
59463.ENSMLUP00000000083	raXP_015999162.1	0.968	284	9	0	1	284	94	377	2.0260000000000003e-184	573
59463.ENSMLUP00000001427	raXP_015990781.2	0.84	212	34	0	2	212	2	213	1.067e-117	376
59463.ENSMLUP00000001789	raXP_016004729.2	0.946	524	28	0	1	524	1	524	0.0	1034
59463.ENSMLUP00000002616	raXP_016014391.1	0.962	427	16	0	1	427	1	427	2.861e-278	852
59463.ENSMLUP00000002847	raXP_016009829.1	0.774	209	46	0	1	209	1	203	7.1380000000000005e-102	331
59463.ENSMLUP00000003315	raXP_016010199.2	0.848	1224	185	0	1	1219	1	1224	0.0	2114
59463.ENSMLUP00000003322	raXP_015997976.2	0.978	325	7	0	4	327	170	494	6.242e-214	661
59463.ENSMLUP00000004009	raXP_015999463.2	0.906	204	19	0	39	242	1	203	5.312e-116	373
59463.ENSMLUP00000004202	raXP_016006474.2	0.944	449	25	0	1	449	1	449	1.802e-265	817
59463.ENSMLUP00000005054	raXP_016015693.1	0.971	760	22	0	1	759	1	760	0.0	1435
59463.ENSMLUP00000005277	raXP_015992905.1	0.925	346	26	0	1	346	34	379	1.443e-206	640
59463.ENSMLUP00000005366	raXP_036084611.1	0.81	1392	263	0	1	1386	6	1397	0.0	2237
59463.ENSMLUP00000005595	raXP_016006474.2	0.941	307	18	0	1	307	144	450	3.4770000000000004e-176	551
59463.ENSMLUP00000008027	raXP_016003904.1	0.923	327	24	0	1	309	21	347	2.287e-196	609
59463.ENSMLUP00000009180	raXP_015978729.1	0.959	569	23	0	7	575	7	574	0.0	1036
59463.ENSMLUP00000009404	raXP_015996560.2	0.817	423	76	0	1	423	1	416	1.7149999999999999e-220	685
59463.ENSMLUP00000010380	raXP_015995376.2	0.857	392	55	0	4	390	28	419	1.5179999999999998e-224	695
59463.ENSMLUP00000011160	raXP_015987888.2	0.938	754	47	0	9	762	5	756	0.0	1497
59463.ENSMLUP00000011196	raXP_036088371.1	0.831	498	84	0	1	498	12	509	4.754e-264	829
59463.ENSMLUP00000011227	raXP_036088415.1	0.918	293	24	0	5	296	1	293	3.089e-169	530
59463.ENSMLUP00000011717	raXP_016006487.2	0.862	475	65	0	1	475	1	473	1.5030000000000001e-230	717
59463.ENSMLUP00000012090	raXP_016006050.1	0.904	345	33	0	5	349	23	365	5.848e-206	639
59463.ENSMLUP00000013453	raXP_015997557.2	0.888	663	74	0	1	663	1	663	0.0	1244
59463.ENSMLUP00000013787	raXP_036080377.1	0.689	205	58	0	75	263	106	310	2.595e-74	254
59463.ENSMLUP00000014213	raXP_015991808.2	0.997	410	1	0	20	429	1	410	5.306e-265	827
59463.ENSMLUP00000016071	raXP_016004931.2	0.706	462	133	0	1	462	1	454	6.987e-204	639
59463.ENSMLUP00000016363	raXP_015990984.1	0.899	387	39	0	1	387	1	387	2.695e-235	726
59463.ENSMLUP00000016529	raXP_015997557.2	0.823	663	117	0	1	663	1	663	0.0	1152
59463.ENSMLUP00000022559	raXP_036080377.1	0.942	157	9	0	1	157	154	310	9.427999999999999e-94	304
59463.ENSMLUP00000000083	pvXP_011366803.1	0.971	282	8	0	3	284	1	282	1.84e-183	570
59463.ENSMLUP00000001427	pvXP_023381416.1	0.92	189	15	0	24	212	1	189	2.0050000000000002e-117	376
59463.ENSMLUP00000001789	pvXP_011356324.1	0.917	524	43	0	1	524	1	521	4.313e-320	978
59463.ENSMLUP00000002616	pvXP_023385989.1	0.967	427	14	0	1	427	1	427	1.3510000000000001e-280	859
59463.ENSMLUP00000002847	pvXP_011361195.1	0.774	209	46	0	1	209	1	203	9.784000000000001e-102	330
59463.ENSMLUP00000003315	pvXP_011357230.1	0.858	1223	173	0	1	1219	29	1251	0.0	2147
59463.ENSMLUP00000003322	pvXP_011357616.1	0.771	350	75	0	1	327	136	485	4.317e-168	528
59463.ENSMLUP00000004009	pvXP_011362316.1	0.933	242	16	0	1	242	1	242	7.816000000000001e-143	451
59463.ENSMLUP00000004202	pvXP_011381398.1	0.949	414	21	0	1	414	1	414	3.4320000000000003e-246	762
59463.ENSMLUP00000005054	pvXP_023386725.1	0.869	718	84	0	42	759	99	740	0.0	1176
59463.ENSMLUP00000005277	pvXP_011362607.1	0.913	346	30	0	1	346	34	379	2.0249999999999998e-203	631
59463.ENSMLUP00000005366	pvXP_011371577.1	0.795	1412	284	0	1	1386	6	1417	0.0	2207
59463.ENSMLUP00000005595	pvXP_011381398.1	0.948	271	14	0	1	271	144	414	6.77e-157	496
59463.ENSMLUP00000008027	pvXP_011359430.1	0.91	280	23	0	48	309	1	280	1.9850000000000002e-162	511
59463.ENSMLUP00000009180	pvXP_023384443.1	0.97	570	17	0	6	575	5	573	0.0	1046
59463.ENSMLUP00000009404	pvXP_011371263.1	0.846	423	65	0	1	423	1	422	1.0709999999999999e-228	709
59463.ENSMLUP00000010380	pvXP_011373329.1	0.859	307	43	0	85	391	2	307	2.51e-178	561
59463.ENSMLUP00000011160	pvXP_011365053.1	0.937	754	47	0	9	762	5	756	0.0	1496
59463.ENSMLUP00000011196	pvXP_023391126.1	0.786	372	79	0	42	413	1	372	1.759e-177	578
59463.ENSMLUP00000011227	pvXP_011366253.1	0.931	293	20	0	5	296	1	293	8.541e-173	540
59463.ENSMLUP00000011717	pvXP_011379562.1	0.804	450	88	0	1	449	1	450	2.868e-202	635
59463.ENSMLUP00000012090	pvXP_011365554.1	0.904	345	33	0	5	349	23	365	2.273e-206	640
59463.ENSMLUP00000013453	pvXP_023386162.1	0.883	548	64	0	1	548	1	548	0.0	1022
59463.ENSMLUP00000013787	pvXP_023388557.1	0.689	205	58	0	75	263	29	233	2.595e-74	254
59463.ENSMLUP00000014213	pvXP_011379860.1	0.995	482	2	0	1	482	21	502	1.654e-312	964
59463.ENSMLUP00000016071	pvXP_023388381.1	0.723	407	110	0	56	462	1	399	2.382e-181	574
59463.ENSMLUP00000016363	pvXP_011368972.1	0.909	387	35	0	1	387	1	387	1.7439999999999999e-237	732
59463.ENSMLUP00000016529	pvXP_023386162.1	0.846	547	84	0	1	547	1	547	1.348e-318	982
59463.ENSMLUP00000022559	pvXP_023388558.1	0.949	157	8	0	1	157	1	157	3.657e-94	305
59463.ENSMLUP00000000083	pgXP_039715138.1	0.968	284	9	0	1	284	94	377	2.0260000000000003e-184	573
59463.ENSMLUP00000001427	pgXP_039706701.1	0.921	190	15	0	23	212	43	232	4.143e-118	377
59463.ENSMLUP00000001789	pgXP_039710232.1	0.95	524	26	0	1	524	1	524	0.0	1034
59463.ENSMLUP00000002616	pgXP_039731941.1	0.967	427	14	0	1	427	1	427	1.3510000000000001e-280	859
59463.ENSMLUP00000002847	pgXP_039713374.1	0.769	209	47	0	1	209	1	203	1.219e-100	327
59463.ENSMLUP00000003315	pgXP_039703228.1	0.858	1223	173	0	1	1219	29	1251	0.0	2151
59463.ENSMLUP00000003322	pgXP_039727061.1	0.981	324	6	0	4	327	145	468	1.949e-215	665
59463.ENSMLUP00000004009	pgXP_039738780.1	0.929	242	17	0	1	242	1	242	9.735e-142	447
59463.ENSMLUP00000004202	pgXP_039729753.1	0.948	449	23	0	1	449	1	449	1.059e-266	821
59463.ENSMLUP00000005054	pgXP_039725816.1	0.971	760	22	0	1	759	1	760	0.0	1434
59463.ENSMLUP00000005277	pgXP_039717391.1	0.893	261	28	0	1	261	34	294	2.1329999999999997e-149	475
59463.ENSMLUP00000005366	pgXP_039702365.1	0.808	1423	266	0	1	1386	6	1428	0.0	2262
59463.ENSMLUP00000005595	pgXP_039729753.1	0.944	307	17	0	1	307	144	450	3.832e-177	554
59463.ENSMLUP00000008027	pgXP_039698376.1	0.917	327	26	0	1	309	21	347	2.8459999999999998e-195	606
59463.ENSMLUP00000009180	pgXP_039722978.1	0.972	546	15	0	7	552	7	551	0.0	1005
59463.ENSMLUP00000009404	pgXP_039737823.1	0.843	423	66	0	1	423	1	422	2.011e-228	708
59463.ENSMLUP00000010380	pgXP_039721823.1	0.848	395	59	0	2	391	26	420	1.886e-223	692
59463.ENSMLUP00000011160	pgXP_039723858.1	0.938	754	47	0	9	762	5	756	0.0	1497
59463.ENSMLUP00000011196	pgXP_039722132.1	0.813	759	141	0	2	757	2	760	0.0	1212
59463.ENSMLUP00000011227	pgXP_039722139.1	0.931	293	20	0	5	296	1	293	6.232e-173	541
59463.ENSMLUP00000011717	pgXP_039729736.1	0.87	475	61	0	1	475	1	469	5.211999999999999e-233	724
59463.ENSMLUP00000012090	pgXP_039739437.1	0.904	345	33	0	5	349	3	345	2.273e-206	640
59463.ENSMLUP00000013453	pgXP_039730598.1	0.886	663	75	0	1	663	1	663	0.0	1242
59463.ENSMLUP00000013787	pgXP_039734888.1	0.689	205	58	0	75	263	106	310	2.595e-74	254
59463.ENSMLUP00000014213	pgXP_039706604.1	0.997	341	1	0	89	429	15	355	3.021e-215	683
59463.ENSMLUP00000016071	pgXP_039698121.1	0.719	462	127	0	1	462	1	454	7.6290000000000005e-208	651
59463.ENSMLUP00000016363	pgXP_039698502.1	0.909	387	35	0	1	387	1	387	1.7439999999999999e-237	732
59463.ENSMLUP00000016529	pgXP_039730598.1	0.826	663	115	0	1	663	1	663	0.0	1152
59463.ENSMLUP00000022559	pgXP_039734888.1	0.949	157	8	0	1	157	154	310	3.657e-94	305
59463.ENSMLUP00000000083	paXP_006912343.1	0.968	284	9	0	1	284	94	377	2.0260000000000003e-184	573
59463.ENSMLUP00000001427	paXP_015455545.1	0.915	190	16	0	23	212	43	232	5.679e-118	377
59463.ENSMLUP00000001789	paXP_006924536.1	0.948	524	27	0	1	524	1	524	0.0	1030
59463.ENSMLUP00000002616	paXP_024898165.1	0.967	427	14	0	1	427	1	427	1.3510000000000001e-280	859
59463.ENSMLUP00000002847	paXP_006909323.1	0.769	209	47	0	1	209	1	203	3.139e-100	326
59463.ENSMLUP00000003315	paXP_006922427.2	0.858	1223	173	0	1	1219	29	1251	0.0	2149
59463.ENSMLUP00000003322	paXP_006921000.1	0.966	324	11	0	4	327	145	468	5.146000000000001e-212	655
59463.ENSMLUP00000004009	paXP_006916440.1	0.933	242	16	0	1	242	1	242	7.816000000000001e-143	451
59463.ENSMLUP00000004202	paXP_006924730.1	0.948	449	23	0	1	449	1	449	1.059e-266	821
59463.ENSMLUP00000005054	paXP_006926112.1	0.968	760	24	0	1	759	1	760	0.0	1431
59463.ENSMLUP00000005277	paXP_006918013.1	0.922	346	27	0	1	346	34	379	6.975e-206	638
59463.ENSMLUP00000005366	paXP_006916392.1	0.81	1423	263	0	1	1386	6	1428	0.0	2269
59463.ENSMLUP00000005595	paXP_006924730.1	0.944	307	17	0	1	307	144	450	3.832e-177	554
59463.ENSMLUP00000008027	paXP_006919993.1	0.92	327	25	0	1	309	21	347	5.886999999999999e-196	608
59463.ENSMLUP00000009180	paXP_006908094.1	0.971	569	16	0	7	575	7	574	0.0	1046
59463.ENSMLUP00000009404	paXP_006922897.1	0.848	423	64	0	1	423	1	422	1.62e-229	711
59463.ENSMLUP00000010380	paXP_006923760.1	0.802	409	77	0	2	391	23	431	2.01e-214	666
59463.ENSMLUP00000011160	paXP_006904386.1	0.937	754	47	0	9	762	5	756	0.0	1494
59463.ENSMLUP00000011196	paXP_024902552.1	0.813	759	141	0	2	757	2	760	0.0	1212
59463.ENSMLUP00000011227	paXP_015444810.1	0.931	293	20	0	5	296	1	293	8.541e-173	540
59463.ENSMLUP00000011717	paXP_006924699.1	0.864	475	64	0	1	475	1	469	8.011e-231	718
59463.ENSMLUP00000012090	paXP_024900574.1	0.901	284	28	0	3	286	38	319	5.11e-166	524
59463.ENSMLUP00000013453	paXP_006922338.1	0.886	663	75	0	1	663	1	663	0.0	1239
59463.ENSMLUP00000013787	paXP_024905335.1	0.611	287	102	0	1	263	121	407	7.837999999999999e-88	293
59463.ENSMLUP00000014213	paXP_024898058.1	0.997	394	1	0	89	482	15	408	6.606999999999999e-249	780
59463.ENSMLUP00000016071	paXP_015446900.1	0.72	407	111	0	56	462	1	399	8.375e-181	572
59463.ENSMLUP00000016363	paXP_006919578.1	0.909	387	35	0	1	387	1	387	1.7439999999999999e-237	732
59463.ENSMLUP00000016529	paXP_006922338.1	0.823	663	117	0	1	663	1	663	0.0	1148
59463.ENSMLUP00000022559	paXP_024905335.1	0.949	157	8	0	1	157	251	407	3.657e-94	305
59463.ENSMLUP00000000083	pkXP_036306523.1	0.989	284	3	0	1	284	94	377	1.4379999999999998e-187	582
59463.ENSMLUP00000001427	pkXP_036302719.1	0.989	189	2	0	24	212	1	189	8.056999999999999e-125	397
59463.ENSMLUP00000001789	pkXP_036302572.1	0.977	524	12	0	1	524	1	524	0.0	1062
59463.ENSMLUP00000002616	pkXP_045432385.1	0.969	427	13	0	1	427	1	427	4.32e-279	854
59463.ENSMLUP00000002847	pkXP_036302573.1	0.889	209	22	0	1	209	1	199	7.668e-116	371
59463.ENSMLUP00000003315	pkXP_036308020.1	0.883	1003	117	0	222	1219	1	1003	0.0	1808
59463.ENSMLUP00000003322	pkXP_036295060.1	0.99	324	3	0	4	327	145	468	3.239e-217	670
59463.ENSMLUP00000004009	pkXP_045443435.1	0.799	204	39	0	39	242	1	194	3.603e-99	325
59463.ENSMLUP00000004202	pkXP_036263632.1	0.951	457	22	0	1	449	1	457	1.949e-269	829
59463.ENSMLUP00000005054	pkXP_036271341.1	0.994	760	5	0	1	759	1	760	0.0	1472
59463.ENSMLUP00000005277	pkXP_045428022.1	0.933	346	23	0	1	346	34	379	1.0529999999999999e-206	641
59463.ENSMLUP00000005366	pkXP_036314135.1	0.899	1417	140	0	1	1386	6	1422	0.0	2542
59463.ENSMLUP00000005595	pkXP_036263632.1	0.977	307	7	0	1	307	152	458	2.42e-182	569
59463.ENSMLUP00000008027	pkXP_036273992.1	0.932	327	21	0	1	309	21	347	2.024e-198	615
59463.ENSMLUP00000009180	pkXP_036284360.1	0.987	570	7	0	6	575	3	572	0.0	1072
59463.ENSMLUP00000009404	pkXP_036298830.1	0.924	424	32	0	1	423	1	424	1.633e-258	795
59463.ENSMLUP00000010380	pkXP_036313685.1	0.879	399	47	0	2	391	9	407	1.4209999999999998e-233	721
59463.ENSMLUP00000011160	pkXP_036305808.1	0.958	754	32	0	9	762	5	758	0.0	1535
59463.ENSMLUP00000011196	pkXP_036272319.2	0.83	760	129	0	1	757	29	788	0.0	1238
59463.ENSMLUP00000011227	pkXP_036272368.1	0.952	293	14	0	5	296	1	293	2.863e-178	556
59463.ENSMLUP00000011717	pkXP_036263611.1	0.916	478	40	0	1	475	1	478	9.774e-252	778
59463.ENSMLUP00000012090	pkXP_036296085.1	0.844	371	54	0	1	349	4	374	8.202e-203	630
59463.ENSMLUP00000013453	pkXP_036307678.1	0.936	663	42	0	1	663	1	663	0.0	1309
59463.ENSMLUP00000013787	pkXP_036280301.1	0.684	205	59	0	75	263	106	310	4.865e-74	253
59463.ENSMLUP00000014213	pkXP_036300663.1	0.991	487	4	0	174	660	65	551	7.793e-318	979
59463.ENSMLUP00000016071	pkXP_036316803.1	0.866	462	62	0	1	462	1	461	5.982e-253	781
59463.ENSMLUP00000016363	pkXP_036265305.1	0.935	387	25	0	1	387	1	386	1.3390000000000001e-244	752
59463.ENSMLUP00000016529	pkXP_036307681.1	0.918	663	54	0	1	663	1	663	0.0	1274
59463.ENSMLUP00000022559	pkXP_036280301.1	0.955	157	7	0	1	157	154	310	2.928e-95	308
59463.ENSMLUP00000000083	phXP_045691911.1	0.968	284	9	0	1	284	94	377	1.0780000000000001e-184	574
59463.ENSMLUP00000001427	phXP_045707315.1	0.901	193	19	0	24	212	1	193	1.507e-114	367
59463.ENSMLUP00000001789	phXP_045715589.1	0.954	524	24	0	1	524	1	524	0.0	1031
59463.ENSMLUP00000002616	phXP_045687553.1	0.939	427	26	0	1	427	1	427	6.34e-270	828
59463.ENSMLUP00000002847	phXP_045703068.1	0.794	209	41	0	1	209	1	199	5.2080000000000005e-102	331
59463.ENSMLUP00000003315	phXP_045680450.1	0.862	1224	168	0	1	1219	1	1224	0.0	2161
59463.ENSMLUP00000003322	phXP_045710189.1	0.962	324	12	0	4	327	145	468	1.172e-213	660
59463.ENSMLUP00000004009	phXP_045677680.1	0.938	243	15	0	1	242	1	243	2.4370000000000001e-144	455
59463.ENSMLUP00000004202	phXP_045692366.1	0.955	449	20	0	1	449	1	449	7.731e-267	821
59463.ENSMLUP00000005054	phXP_045699260.1	0.968	760	24	0	1	759	1	760	0.0	1439
59463.ENSMLUP00000005277	phXP_045702296.1	0.916	346	29	0	1	346	34	379	1.31e-205	638
59463.ENSMLUP00000005366	phXP_045677464.1	0.784	1433	299	0	1	1386	6	1438	0.0	2204
59463.ENSMLUP00000005595	phXP_045692366.1	0.96	307	12	0	1	307	144	450	4.6539999999999994e-179	559
59463.ENSMLUP00000008027	phXP_045705558.1	0.923	327	24	0	1	309	21	347	2.287e-196	609
59463.ENSMLUP00000009180	phXP_045681526.1	0.954	566	26	0	10	575	1	565	0.0	1021
59463.ENSMLUP00000009404	phXP_045697522.1	0.89	410	45	0	1	410	1	410	4.873e-237	733
59463.ENSMLUP00000010380	phXP_045686107.1	0.862	392	54	0	1	391	27	418	5.901e-225	696
59463.ENSMLUP00000011160	phXP_045709182.1	0.926	753	56	0	10	762	6	756	0.0	1482
59463.ENSMLUP00000011196	phXP_045701093.1	0.82	759	136	0	2	757	2	760	0.0	1223
59463.ENSMLUP00000011227	phXP_045701187.1	0.914	293	25	0	5	296	1	293	5.658000000000001e-172	538
59463.ENSMLUP00000011717	phXP_045693148.1	0.817	449	81	0	1	449	1	446	4.2979999999999994e-206	646
59463.ENSMLUP00000012090	phXP_045673108.1	0.901	346	34	0	4	349	22	365	5.183e-208	645
59463.ENSMLUP00000013453	phXP_045680629.1	0.88	551	66	0	113	663	31	581	0.0	1019
59463.ENSMLUP00000013787	phXP_045680737.1	0.633	286	96	0	1	263	97	382	9.576e-90	299
59463.ENSMLUP00000014213	phXP_045707297.1	1.0	428	0	0	2	429	5	432	6.396e-279	867
59463.ENSMLUP00000016071	phXP_045715842.1	0.693	469	142	0	1	462	1	469	5.778e-199	625
59463.ENSMLUP00000016363	phXP_045704050.1	0.894	387	41	0	1	387	1	386	1.6189999999999998e-233	721
59463.ENSMLUP00000016529	phXP_045680628.1	0.823	663	117	0	1	663	1	663	0.0	1138
59463.ENSMLUP00000022559	phXP_045680737.1	0.923	157	12	0	1	157	226	382	7.13e-91	296
59463.ENSMLUP00000000083	pdXP_028375016.1	0.968	284	9	0	1	284	94	377	1.0780000000000001e-184	574
59463.ENSMLUP00000001427	pdXP_028360749.1	0.91	191	17	0	24	212	1	191	4.2690000000000005e-115	369
59463.ENSMLUP00000001789	pdXP_035881363.1	0.954	524	24	0	1	524	1	524	0.0	1032
59463.ENSMLUP00000002616	pdXP_028375516.1	0.936	427	27	0	1	427	1	427	1.631e-269	827
59463.ENSMLUP00000002847	pdXP_035882395.1	0.78	209	44	0	1	209	1	200	5.36e-99	322
59463.ENSMLUP00000003315	pdXP_028390175.1	0.857	1224	174	0	1	1219	1	1224	0.0	2148
59463.ENSMLUP00000003322	pdXP_028368820.1	0.962	324	12	0	4	327	145	468	1.172e-213	660
59463.ENSMLUP00000004009	pdXP_028382052.2	0.926	204	15	0	39	242	1	204	1.8259999999999999e-118	380
59463.ENSMLUP00000004202	pdXP_028376247.1	0.957	449	19	0	1	449	1	449	1.451e-266	820
59463.ENSMLUP00000005054	pdXP_028364317.1	0.968	760	24	0	1	759	1	760	0.0	1437
59463.ENSMLUP00000005277	pdXP_035878097.1	0.919	346	28	0	1	346	34	379	3.7139999999999996e-206	639
59463.ENSMLUP00000005366	pdXP_035867530.1	0.809	1400	264	0	2	1385	7	1406	0.0	2235
59463.ENSMLUP00000005595	pdXP_028376247.1	0.96	307	12	0	1	307	144	450	4.6539999999999994e-179	559
59463.ENSMLUP00000008027	pdXP_028380653.1	0.923	327	24	0	1	309	21	347	2.287e-196	609
59463.ENSMLUP00000009180	pdXP_028371519.1	0.955	566	25	0	10	575	1	565	0.0	1022
59463.ENSMLUP00000009404	pdXP_028386799.1	0.878	427	51	0	1	423	1	427	1.8559999999999998e-240	743
59463.ENSMLUP00000010380	pdXP_028389239.1	0.867	392	52	0	1	391	27	418	4.749e-226	699
59463.ENSMLUP00000011160	pdXP_028376370.1	0.924	756	57	0	7	762	3	756	0.0	1483
59463.ENSMLUP00000011196	pdXP_028385790.1	0.82	759	136	0	2	757	2	760	0.0	1223
59463.ENSMLUP00000011227	pdXP_028385851.1	0.908	293	27	0	5	297	1	293	6.39e-170	532
59463.ENSMLUP00000011717	pdXP_028375175.2	0.891	475	52	0	1	475	1	475	3.0199999999999997e-237	736
59463.ENSMLUP00000012090	pdXP_035871977.1	0.89	346	38	0	4	349	22	365	2.826e-205	637
59463.ENSMLUP00000013453	pdXP_035889055.1	0.894	133	14	0	531	663	1	133	2.052e-70	259
59463.ENSMLUP00000013787	pdXP_028383086.1	0.633	286	96	0	1	263	97	382	9.576e-90	299
59463.ENSMLUP00000014213	pdXP_028360552.2	1.0	410	0	0	20	429	1	410	3.875e-265	827
59463.ENSMLUP00000016071	pdXP_028369249.1	0.673	468	151	0	1	462	1	468	2.3219999999999997e-190	600
59463.ENSMLUP00000016363	pdXP_028375112.1	0.894	390	41	0	1	387	1	390	6.933999999999999e-235	724
59463.ENSMLUP00000016529	pdXP_035889055.1	0.706	133	39	0	531	663	1	133	8.739e-50	196
59463.ENSMLUP00000022559	pdXP_028383086.1	0.923	157	12	0	1	157	226	382	7.13e-91	296
59463.ENSMLUP00000000083	mmXP_036195761.1	0.996	284	1	0	1	284	94	377	6.1489999999999995e-189	586
59463.ENSMLUP00000001427	mmXP_036208258.1	0.994	189	1	0	24	212	1	189	2.509e-126	401
59463.ENSMLUP00000001789	mmXP_036207606.1	1.0	524	0	0	1	524	1	524	0.0	1080
59463.ENSMLUP00000002616	mmXP_036169772.1	0.995	427	2	0	1	427	1	427	1.289e-286	876
59463.ENSMLUP00000002847	mmXP_036207802.1	0.923	209	15	0	1	209	1	199	1.4910000000000002e-122	390
59463.ENSMLUP00000003315	mmXP_036197834.1	0.961	1223	47	0	1	1218	1	1223	0.0	2427
59463.ENSMLUP00000003322	mmXP_036191760.1	0.996	324	1	0	4	327	145	468	1.386e-218	674
59463.ENSMLUP00000004009	mmXP_036152966.1	0.995	233	1	0	10	242	29	260	8.122e-150	471
59463.ENSMLUP00000004202	mmXP_036197705.1	0.988	449	5	0	1	449	1	449	8.853e-278	853
59463.ENSMLUP00000005054	mmXP_036172070.1	0.998	759	2	0	1	759	1	759	0.0	1480
59463.ENSMLUP00000005277	mmXP_036185587.1	0.959	346	14	0	1	346	34	379	3.9009999999999996e-213	659
59463.ENSMLUP00000005366	mmXP_036154392.1	0.975	1221	30	0	1	1221	15	1233	0.0	2393
59463.ENSMLUP00000005595	mmXP_036197705.1	0.986	307	4	0	1	307	144	450	2.144e-184	575
59463.ENSMLUP00000008027	mmXP_036179611.1	0.935	327	20	0	1	309	21	347	4.1860000000000005e-199	617
59463.ENSMLUP00000009180	mmXP_036182083.1	0.998	570	1	0	6	575	3	572	0.0	1082
59463.ENSMLUP00000009404	mmXP_036199724.1	0.978	411	9	0	1	411	1	411	3.234e-265	814
59463.ENSMLUP00000010380	mmXP_036156209.1	0.953	391	18	0	1	391	7	397	1.238e-251	773
59463.ENSMLUP00000011160	mmXP_036167606.1	0.978	754	17	0	9	762	5	758	0.0	1564
59463.ENSMLUP00000011196	mmXP_036201853.1	0.835	759	125	0	2	757	2	760	0.0	1241
59463.ENSMLUP00000011227	mmXP_036201301.1	0.979	298	6	0	5	297	1	298	1.594e-185	577
59463.ENSMLUP00000011717	mmXP_036194923.1	0.962	475	18	0	1	475	1	474	1.516e-265	818
59463.ENSMLUP00000012090	mmXP_036211051.1	0.976	346	8	0	4	349	22	367	8.417e-226	696
59463.ENSMLUP00000013453	mmXP_036197234.1	0.963	663	24	0	1	663	1	663	0.0	1348
59463.ENSMLUP00000013787	mmXP_036168455.1	0.689	205	58	0	75	263	106	310	4.865e-74	253
59463.ENSMLUP00000014213	mmXP_036203510.1	1.0	394	0	0	89	482	15	408	4.826999999999999e-249	781
59463.ENSMLUP00000016071	mmXP_036205755.1	0.948	462	24	0	1	462	1	462	1.232e-285	875
59463.ENSMLUP00000016363	mmXP_036164646.1	0.953	387	18	0	1	387	1	387	1.551e-252	775
59463.ENSMLUP00000016529	mmXP_036197236.1	0.883	513	60	0	1	513	1	513	4.001e-307	949
59463.ENSMLUP00000022559	mmXP_036168455.1	0.993	157	1	0	1	157	154	310	9.979e-98	316
59463.ENSMLUP00000000083	mlXP_023612723.1	1.0	283	0	0	2	284	28	310	8.427999999999999e-189	586
59463.ENSMLUP00000001427	mlXP_006084811.1	1.0	189	0	0	24	212	1	189	7.106999999999999e-127	403
59463.ENSMLUP00000001789	mlXP_006094076.1	1.0	524	0	0	1	524	1	524	0.0	1080
59463.ENSMLUP00000002616	mlXP_014311180.1	1.0	427	0	0	1	427	1	427	5.5200000000000004e-288	880
59463.ENSMLUP00000002847	mlXP_014314819.1	0.952	209	10	0	1	209	1	199	3.283e-127	404
59463.ENSMLUP00000003315	mlXP_006102661.1	0.996	1221	5	0	1	1219	1	1221	0.0	2512
59463.ENSMLUP00000003322	mlXP_006088216.1	0.993	328	2	0	1	327	136	463	3.1559999999999997e-220	679
59463.ENSMLUP00000004009	mlXP_023612896.1	0.995	233	1	0	10	242	53	284	8.122e-150	471
59463.ENSMLUP00000004202	mlXP_006095025.1	0.997	449	1	0	1	449	1	449	5.737e-280	859
59463.ENSMLUP00000005054	mlXP_006098082.1	1.0	759	0	0	1	759	1	759	0.0	1482
59463.ENSMLUP00000005277	mlXP_023615902.1	1.0	302	0	0	45	346	1	302	6.94e-193	601
59463.ENSMLUP00000005366	mlXP_023607616.1	0.999	1386	1	0	1	1386	6	1391	0.0	2777
59463.ENSMLUP00000005595	mlXP_006095025.1	0.996	307	1	0	1	307	144	450	6.699e-186	579
59463.ENSMLUP00000008027	mlXP_006109748.2	0.99	308	3	0	2	309	56	362	2.702e-201	623
59463.ENSMLUP00000009180	mlXP_023600738.1	1.0	570	0	0	6	575	11	580	0.0	1086
59463.ENSMLUP00000009404	mlXP_006094908.1	1.0	423	0	0	1	423	1	423	7.42e-280	856
59463.ENSMLUP00000010380	mlXP_023616445.1	1.0	391	0	0	1	391	7	397	7.448e-263	805
59463.ENSMLUP00000011160	mlXP_006100443.1	0.993	754	5	0	9	762	5	758	0.0	1583
59463.ENSMLUP00000011196	mlXP_023604919.1	0.782	886	165	0	2	757	2	887	0.0	1355
59463.ENSMLUP00000011227	mlXP_014304701.2	0.996	294	1	0	5	297	1	294	2.1279999999999997e-188	585
59463.ENSMLUP00000011717	mlXP_006095031.1	0.995	475	2	0	1	475	1	473	2.385e-276	849
59463.ENSMLUP00000012090	mlXP_023604648.1	1.0	340	0	0	9	348	1	340	1.9179999999999998e-227	701
59463.ENSMLUP00000013453	mlXP_006105147.1	1.0	663	0	0	1	663	1	663	0.0	1391
59463.ENSMLUP00000013787	mlXP_014305940.1	0.63	157	51	0	124	263	1	157	7.481e-46	171
59463.ENSMLUP00000014213	mlXP_006084840.2	0.958	602	25	0	59	660	36	636	0.0	1151
59463.ENSMLUP00000016071	mlXP_006104586.1	0.995	462	2	0	1	462	1	462	8.056e-301	919
59463.ENSMLUP00000016363	mlXP_023610807.1	0.961	389	15	0	1	387	1	389	3.536e-254	780
59463.ENSMLUP00000016529	mlXP_014302774.1	1.0	663	0	0	1	663	1	663	0.0	1385
59463.ENSMLUP00000022559	mlXP_014305940.1	1.0	157	0	0	1	157	1	157	7.989e-99	319
59463.ENSMLUP00000000083	mbXP_005875843.1	1.0	282	0	0	3	284	1	282	5.586999999999999e-188	583
59463.ENSMLUP00000001427	mbXP_005873252.1	1.0	189	0	0	24	212	1	189	7.106999999999999e-127	403
59463.ENSMLUP00000001789	mbXP_005859738.1	0.996	524	2	0	1	524	1	524	0.0	1077
59463.ENSMLUP00000002616	mbXP_005871463.1	0.995	427	2	0	1	427	1	427	3.655e-287	878
59463.ENSMLUP00000002847	mbXP_005878486.1	0.937	209	12	0	1	209	1	199	3.723e-125	398
59463.ENSMLUP00000003315	mbXP_005878849.1	0.981	1223	23	0	1	1219	1	1223	0.0	2481
59463.ENSMLUP00000003322	mbXP_005874619.1	1.0	324	0	0	4	327	130	453	5.928e-220	678
59463.ENSMLUP00000004009	mbXP_014386881.1	0.811	233	36	0	10	242	97	286	4.379e-114	368
59463.ENSMLUP00000004202	mbXP_005861908.1	0.991	449	4	0	1	449	1	449	3.442e-278	854
59463.ENSMLUP00000005054	mbXP_005883885.2	0.993	718	5	0	42	759	89	806	0.0	1386
59463.ENSMLUP00000005277	mbXP_014384793.1	0.93	346	24	0	1	346	26	366	4.728e-202	627
59463.ENSMLUP00000005366	mbXP_014393357.1	0.971	1416	40	0	1	1386	15	1430	0.0	2739
59463.ENSMLUP00000005595	mbXP_005861908.1	0.986	307	4	0	1	307	144	450	4.0260000000000004e-184	574
59463.ENSMLUP00000008027	mbXP_005865805.2	0.941	327	18	0	1	309	34	360	6.956e-201	622
59463.ENSMLUP00000009180	mbXP_005864486.1	1.0	570	0	0	6	575	3	572	0.0	1086
59463.ENSMLUP00000009404	mbXP_005885346.1	0.988	423	5	0	1	423	1	423	7.594e-277	848
59463.ENSMLUP00000010380	mbXP_005871745.1	0.976	391	9	0	1	391	7	397	1.782e-258	793
59463.ENSMLUP00000011160	mbXP_005873961.2	0.964	708	25	0	61	762	8	715	0.0	1452
59463.ENSMLUP00000011196	mbXP_005863442.1	0.792	765	157	0	2	757	2	766	0.0	1163
59463.ENSMLUP00000011227	mbXP_014392858.1	0.992	263	2	0	35	297	64	326	2.311e-166	522
59463.ENSMLUP00000011717	mbXP_005862025.1	0.976	475	11	0	1	475	1	473	1.458e-271	835
59463.ENSMLUP00000012090	mbXP_014387840.1	0.976	346	8	0	4	349	22	367	6.765999999999999e-227	699
59463.ENSMLUP00000013453	mbXP_014405388.1	0.985	618	9	0	46	663	31	648	0.0	1285
59463.ENSMLUP00000013787	mbXP_014386464.1	0.641	286	94	0	1	263	84	369	1.292e-92	307
59463.ENSMLUP00000014213	mbXP_005880821.2	0.958	602	25	0	59	660	36	636	0.0	1151
59463.ENSMLUP00000016071	mbXP_005873547.1	0.981	437	8	0	26	462	48	484	1.761e-279	857
59463.ENSMLUP00000016363	mbXP_005876055.1	1.0	326	0	0	62	387	31	356	2.198e-220	683
59463.ENSMLUP00000016529	mbXP_014397415.1	0.935	663	43	0	1	663	1	663	0.0	1285
59463.ENSMLUP00000022559	mbXP_014386464.1	0.993	157	1	0	1	157	213	369	5.308e-98	316
59463.ENSMLUP00000000083	moXP_036123910.1	0.982	284	5	0	1	284	94	377	3.7029999999999997e-187	581
59463.ENSMLUP00000001427	moXP_036099218.1	0.947	189	10	0	23	211	3	191	6.245e-119	380
59463.ENSMLUP00000001789	moXP_036112964.1	0.958	524	22	0	1	524	1	524	0.0	1044
59463.ENSMLUP00000002616	moXP_036096354.1	0.943	427	24	0	1	427	1	427	6.198e-273	837
59463.ENSMLUP00000002847	moXP_036112869.1	0.792	207	41	0	1	207	1	197	2.52e-101	329
59463.ENSMLUP00000003315	moXP_036125294.1	0.856	1226	175	0	1	1218	1	1226	0.0	2148
59463.ENSMLUP00000003322	moXP_036121405.1	0.975	324	8	0	4	327	171	494	1.291e-214	662
59463.ENSMLUP00000004009	moXP_036106138.1	0.925	242	18	0	1	242	1	242	1.071e-142	450
59463.ENSMLUP00000004202	moXP_036124041.1	0.948	449	23	0	1	449	1	449	2.238e-264	814
59463.ENSMLUP00000005054	moXP_036104500.1	0.98	760	15	0	1	759	1	760	0.0	1455
59463.ENSMLUP00000005277	moXP_036117424.1	0.956	346	15	0	1	346	34	379	7.326e-213	659
59463.ENSMLUP00000005366	moXP_036105838.1	0.855	1282	185	0	1	1278	6	1287	0.0	2175
59463.ENSMLUP00000005595	moXP_036124041.1	0.96	307	12	0	1	307	144	450	1.32e-179	561
59463.ENSMLUP00000008027	moXP_036101281.1	0.923	327	24	0	1	309	21	347	2.287e-196	609
59463.ENSMLUP00000009180	moXP_036113887.1	0.968	569	18	0	7	575	7	574	0.0	1049
59463.ENSMLUP00000009404	moXP_036129501.1	0.905	423	40	0	1	423	1	421	2.388e-249	768
59463.ENSMLUP00000010380	moXP_036108146.1	0.883	394	45	0	4	391	27	420	4.1219999999999997e-231	714
59463.ENSMLUP00000011160	moXP_036095710.1	0.943	756	43	0	7	762	2	755	0.0	1507
59463.ENSMLUP00000011196	moXP_036130990.1	0.827	759	131	0	2	757	2	760	0.0	1227
59463.ENSMLUP00000011227	moXP_036131859.1	0.925	294	22	0	5	297	1	294	9.407e-174	543
59463.ENSMLUP00000011717	moXP_036124284.1	0.899	426	43	0	1	426	1	423	7.675e-218	680
59463.ENSMLUP00000012090	moXP_036133433.1	0.913	346	30	0	4	349	22	365	7.827e-209	647
59463.ENSMLUP00000013453	moXP_036124931.1	0.889	663	73	0	1	663	1	662	0.0	1235
59463.ENSMLUP00000013787	moXP_036097890.1	0.62	286	100	0	1	263	97	382	1.3119999999999999e-89	298
59463.ENSMLUP00000014213	moXP_036098758.1	1.0	341	0	0	89	429	15	355	2.208e-215	683
59463.ENSMLUP00000016071	moXP_036111589.1	0.725	463	127	0	1	462	1	463	3.2830000000000004e-209	655
59463.ENSMLUP00000016363	moXP_036135537.1	0.912	387	34	0	1	387	1	387	1.5459999999999999e-239	738
59463.ENSMLUP00000016529	moXP_036125124.1	0.859	663	93	0	1	663	1	663	0.0	1195
59463.ENSMLUP00000022559	moXP_036097890.1	0.942	157	9	0	1	157	226	382	2.4299999999999997e-93	303
59463.ENSMLUP00000000083	mdXP_059526062.1	0.996	284	1	0	1	284	94	377	6.1489999999999995e-189	586
59463.ENSMLUP00000001427	mdXP_059543434.1	0.994	189	1	0	24	212	1	189	2.509e-126	401
59463.ENSMLUP00000001789	mdXP_059546891.1	1.0	524	0	0	1	524	1	524	0.0	1080
59463.ENSMLUP00000002616	mdXP_059553879.1	0.995	427	2	0	1	427	1	427	1.289e-286	876
59463.ENSMLUP00000002847	mdXP_059544627.1	0.923	209	15	0	1	209	1	199	3.08e-123	392
59463.ENSMLUP00000003315	mdXP_059524654.1	0.953	1225	57	0	1	1219	1	1225	0.0	2401
59463.ENSMLUP00000003322	mdXP_059517512.1	0.987	328	4	0	1	327	136	463	4.888e-218	672
59463.ENSMLUP00000004009	mdXP_059537099.1	1.0	204	0	0	39	242	1	204	1.451e-132	421
59463.ENSMLUP00000004202	mdXP_059526981.1	0.991	449	4	0	1	449	1	449	2.512e-278	854
59463.ENSMLUP00000005054	mdXP_059556772.1	0.998	759	2	0	1	759	1	759	0.0	1480
59463.ENSMLUP00000005277	mdXP_059513967.1	0.925	347	26	0	1	346	34	380	2.84e-200	622
59463.ENSMLUP00000005366	mdXP_059541456.1	0.972	1221	34	0	1	1221	6	1224	0.0	2383
59463.ENSMLUP00000005595	mdXP_059526981.1	0.993	307	2	0	1	307	144	450	2.362e-185	578
59463.ENSMLUP00000008027	mdXP_059563204.1	0.938	327	19	0	1	309	21	347	3.363e-200	620
59463.ENSMLUP00000009180	mdXP_059565645.1	0.992	566	5	0	10	575	1	566	0.0	1070
59463.ENSMLUP00000009404	mdXP_059531184.1	0.985	411	6	0	1	411	1	411	3.93e-267	820
59463.ENSMLUP00000010380	mdXP_059539467.1	0.953	391	18	0	1	391	7	397	2.3240000000000003e-251	772
59463.ENSMLUP00000011160	mdXP_059552122.1	0.981	754	14	0	9	762	5	758	0.0	1566
59463.ENSMLUP00000011196	mdXP_059522145.1	0.831	759	128	0	2	757	2	760	0.0	1236
59463.ENSMLUP00000011227	mdXP_059522134.1	0.993	294	2	0	5	297	1	294	1.933e-187	582
59463.ENSMLUP00000011717	mdXP_059526989.1	0.964	475	17	0	1	475	1	474	4.302e-266	820
59463.ENSMLUP00000012090	mdXP_059533887.1	0.956	346	15	0	4	349	22	367	1.1820000000000001e-222	687
59463.ENSMLUP00000013453	mdXP_059524875.1	0.969	618	19	0	46	663	21	638	0.0	1266
59463.ENSMLUP00000013787	mdXP_059555375.1	0.689	205	58	0	75	263	106	310	4.865e-74	253
59463.ENSMLUP00000014213	mdXP_059543353.1	0.956	602	26	0	59	660	36	636	0.0	1148
59463.ENSMLUP00000016071	mdXP_059547208.1	0.948	462	24	0	1	462	1	462	8.152e-285	873
59463.ENSMLUP00000016363	mdXP_059550832.1	0.948	387	20	0	1	387	1	387	9.32e-251	770
59463.ENSMLUP00000016529	mdXP_059524892.1	0.953	663	31	0	1	663	1	663	0.0	1321
59463.ENSMLUP00000022559	mdXP_059555375.1	0.993	157	1	0	1	157	154	310	9.979e-98	316
59463.ENSMLUP00000000083	sbXP_066093091.1	0.982	284	5	0	1	284	94	377	2.7019999999999996e-187	581
59463.ENSMLUP00000001427	sbXP_066097555.1	0.914	211	18	0	2	212	22	232	1.178e-128	408
59463.ENSMLUP00000001789	sbXP_066126286.1	0.969	524	16	0	1	524	2	525	0.0	1053
59463.ENSMLUP00000002616	sbXP_066137369.1	0.932	427	29	0	1	427	1	427	1.3120000000000001e-270	830
59463.ENSMLUP00000002847	sbXP_066121018.1	0.717	209	56	0	1	209	1	199	2.4919999999999997e-91	300
59463.ENSMLUP00000003315	sbXP_066120310.1	0.826	1223	212	0	1	1219	1	1223	0.0	2059
59463.ENSMLUP00000003322	sbXP_066095214.1	0.972	324	9	0	4	327	145	468	8.554e-214	660
59463.ENSMLUP00000004009	sbXP_066093548.1	0.917	242	20	0	1	242	1	242	2.2140000000000003e-143	452
59463.ENSMLUP00000004202	sbXP_066119769.1	0.957	449	19	0	1	449	22	470	9.411e-269	827
59463.ENSMLUP00000005054	sbXP_066103763.1	0.976	760	18	0	1	759	1	760	0.0	1447
59463.ENSMLUP00000005277	sbXP_066112343.1	0.919	346	28	0	1	346	34	379	3.803e-203	631
59463.ENSMLUP00000005366	sbXP_066091206.1	0.796	1429	283	0	1	1386	6	1434	0.0	2246
59463.ENSMLUP00000005595	sbXP_066119769.1	0.96	307	12	0	1	307	165	471	1.1980000000000002e-178	558
59463.ENSMLUP00000008027	sbXP_066103492.1	0.917	327	26	0	1	309	21	347	2.077e-195	606
59463.ENSMLUP00000009180	sbXP_066107369.1	0.964	570	20	0	6	575	3	571	0.0	1043
59463.ENSMLUP00000009404	sbXP_066111249.1	0.912	425	37	0	1	423	1	425	5.453e-251	773
59463.ENSMLUP00000010380	sbXP_066114335.1	0.871	396	50	0	2	391	23	418	1.806e-229	709
59463.ENSMLUP00000011160	sbXP_066125039.1	0.926	690	51	0	73	762	1	690	0.0	1373
59463.ENSMLUP00000011196	sbXP_066127896.1	0.823	759	134	0	2	757	2	760	0.0	1216
59463.ENSMLUP00000011227	sbXP_066127918.1	0.945	293	16	0	5	296	1	293	4.026e-175	547
59463.ENSMLUP00000011717	sbXP_066119747.1	0.893	466	49	0	1	466	1	458	3.805e-233	724
59463.ENSMLUP00000012090	sbXP_066094798.1	0.919	346	28	0	4	349	40	383	1.785e-210	652
59463.ENSMLUP00000013453	sbXP_066119007.1	0.903	664	64	0	1	663	1	664	0.0	1260
59463.ENSMLUP00000013787	sbXP_066129585.1	0.631	285	96	0	2	263	99	383	3.726e-90	300
59463.ENSMLUP00000014213	sbXP_066097288.1	1.0	341	0	0	89	429	15	355	2.208e-215	683
59463.ENSMLUP00000016071	sbXP_066126507.1	0.74	408	106	0	56	462	1	408	8.240999999999999e-187	590
59463.ENSMLUP00000016363	sbXP_066109644.1	0.906	387	36	0	1	387	9	394	2.634e-238	734
59463.ENSMLUP00000016529	sbXP_066111434.1	0.862	664	91	0	1	663	1	664	0.0	1199
59463.ENSMLUP00000022559	sbXP_066129585.1	0.955	157	7	0	1	157	227	383	7.547e-95	307
59463.ENSMLUP00000000083	ajXP_036983857.1	0.975	284	7	0	1	284	94	377	3.364e-186	578
59463.ENSMLUP00000001427	ajXP_036993059.2	0.875	192	24	0	24	212	1	192	2.652e-110	355
59463.ENSMLUP00000001789	ajXP_036991776.2	0.967	524	17	0	1	524	1	524	0.0	1049
59463.ENSMLUP00000002616	ajXP_037018247.2	0.943	427	24	0	1	427	1	427	4.523e-273	837
59463.ENSMLUP00000002847	ajXP_037008806.2	0.789	209	42	0	1	209	1	199	5.897e-100	325
59463.ENSMLUP00000003315	ajXP_037020870.2	0.847	1223	186	0	1	1219	1	1223	0.0	2123
59463.ENSMLUP00000003322	ajXP_053524495.1	0.951	329	16	0	1	327	163	491	1.815e-211	653
59463.ENSMLUP00000004009	ajXP_036984798.2	0.882	204	24	0	39	242	1	203	6.779e-112	361
59463.ENSMLUP00000004202	ajXP_036985630.2	0.944	449	25	0	1	449	1	449	3.066e-264	814
59463.ENSMLUP00000005054	ajXP_037014889.2	0.969	760	23	0	1	759	1	760	0.0	1442
59463.ENSMLUP00000005277	ajXP_037018967.2	0.927	346	25	0	1	346	34	379	1.0529999999999999e-206	641
59463.ENSMLUP00000005366	ajXP_053515842.1	0.79	1432	291	0	1	1385	6	1437	0.0	2220
59463.ENSMLUP00000005595	ajXP_036985630.2	0.954	307	14	0	1	307	144	450	7.931000000000001e-178	556
59463.ENSMLUP00000008027	ajXP_037021015.2	0.923	327	24	0	1	309	21	347	2.287e-196	609
59463.ENSMLUP00000009180	ajXP_053529084.1	0.959	566	23	0	10	575	1	565	0.0	1027
59463.ENSMLUP00000009404	ajXP_053523998.1	0.88	410	49	0	1	410	1	410	1.253e-236	732
59463.ENSMLUP00000010380	ajXP_036996197.2	0.852	386	57	0	7	391	30	415	6.159e-219	679
59463.ENSMLUP00000011160	ajXP_036998032.2	0.912	756	66	0	7	762	3	754	0.0	1467
59463.ENSMLUP00000011196	ajXP_037003923.1	0.819	759	137	0	2	757	2	760	0.0	1223
59463.ENSMLUP00000011227	ajXP_037003912.2	0.904	294	28	0	5	297	1	294	5.800999999999999e-169	529
59463.ENSMLUP00000011717	ajXP_036985597.1	0.83	474	78	0	1	474	1	460	6.941e-217	677
59463.ENSMLUP00000012090	ajXP_037016765.2	0.91	347	31	0	3	349	57	401	9.505000000000001e-211	653
59463.ENSMLUP00000013453	ajXP_036985111.2	0.871	663	85	0	1	663	1	663	0.0	1226
59463.ENSMLUP00000013787	ajXP_036993816.1	0.679	205	60	0	75	263	106	310	1.127e-72	249
59463.ENSMLUP00000014213	ajXP_036987670.1	0.993	660	5	0	1	660	21	680	0.0	1328
59463.ENSMLUP00000016071	ajXP_037021567.2	0.723	462	128	0	1	462	1	462	1.155e-208	653
59463.ENSMLUP00000016363	ajXP_036994412.1	0.899	387	39	0	1	387	1	387	1.047e-235	727
59463.ENSMLUP00000016529	ajXP_036985111.2	0.823	663	117	0	1	663	1	663	0.0	1148
59463.ENSMLUP00000022559	ajXP_036993816.1	0.923	157	12	0	1	157	154	310	7.13e-91	296
59463.ENSMLUP00000000083	pnCAK6438137.1	0.989	284	3	0	1	284	94	377	1.4379999999999998e-187	582
59463.ENSMLUP00000001427	pnCAK6441771.1	0.978	189	4	0	24	212	1	189	2.587e-123	392
59463.ENSMLUP00000001789	pnCAK6440718.1	0.977	524	12	0	1	524	1	524	0.0	1062
59463.ENSMLUP00000002616	pnCAK6445899.1	0.974	427	11	0	1	427	1	427	5.2489999999999993e-281	860
59463.ENSMLUP00000002847	pnCAK6441408.1	0.885	209	23	0	1	209	1	199	7.668e-116	371
59463.ENSMLUP00000003315	pnCAK6437681.1	0.882	1224	144	0	1	1219	1	1224	0.0	2212
59463.ENSMLUP00000003322	pnCAK6436079.1	0.978	328	7	0	1	327	136	463	4.031e-216	667
59463.ENSMLUP00000004009	pnCAK6442564.1	0.826	242	40	0	1	242	1	232	8.378e-124	396
59463.ENSMLUP00000004202	pnCAK6438415.1	0.958	453	19	0	1	449	1	453	7.578e-270	830
59463.ENSMLUP00000005054	pnCAK6446717.1	0.993	760	5	0	1	759	1	760	0.0	1471
59463.ENSMLUP00000005277	pnCAK6433628.1	0.939	346	21	0	1	346	34	379	3.6270000000000004e-209	648
59463.ENSMLUP00000005366	pnCAK6442623.1	0.901	1416	137	0	1	1386	6	1421	0.0	2548
59463.ENSMLUP00000005595	pnCAK6438415.1	0.973	307	8	0	1	307	148	454	3.316e-182	569
59463.ENSMLUP00000008027	pnCAK6447973.1	0.935	327	20	0	1	309	21	347	1.6260000000000002e-199	618
59463.ENSMLUP00000009180	pnCAK6449506.1	0.985	569	9	0	7	575	7	575	0.0	1070
59463.ENSMLUP00000009404	pnCAK6439716.1	0.908	424	39	0	1	423	1	424	1.8809999999999998e-253	780
59463.ENSMLUP00000010380	pnCAK6443236.1	0.879	399	47	0	2	391	9	407	2.6679999999999997e-233	720
59463.ENSMLUP00000011160	pnCAK6445298.1	0.954	754	35	0	9	762	5	758	0.0	1532
59463.ENSMLUP00000011196	pnCAK6437196.1	0.829	759	129	0	2	757	2	760	0.0	1233
59463.ENSMLUP00000011227	pnCAK6437199.1	0.948	294	15	0	5	297	1	294	1.384e-177	554
59463.ENSMLUP00000011717	pnCAK6438461.1	0.869	405	52	0	45	449	1	400	5.379e-202	634
59463.ENSMLUP00000012090	pnCAK6442310.1	0.861	361	48	0	4	349	22	382	6.751e-201	624
59463.ENSMLUP00000013453	pnCAK6437759.1	0.935	663	43	0	1	663	1	663	0.0	1307
59463.ENSMLUP00000013787	pnCAK6446407.1	0.643	286	94	0	1	263	97	382	9.431999999999999e-93	307
59463.ENSMLUP00000014213	pnCAK6441801.1	0.995	660	3	0	1	660	21	680	0.0	1330
59463.ENSMLUP00000016071	pnCAK6440610.1	0.835	462	75	0	1	462	1	453	3.428e-241	747
59463.ENSMLUP00000016363	pnCAK6444154.1	0.975	248	6	0	140	387	1	248	5.966e-157	499
59463.ENSMLUP00000016529	pnCAK6437761.1	0.912	663	58	0	1	663	1	663	0.0	1269
59463.ENSMLUP00000022559	pnCAK6446407.1	0.98	157	3	0	1	157	226	382	4.836e-97	314
