NP_000484.2	XP_036172394.1	91.324	680	59	0	1	680	1	680	0.0	677
NP_000484.2	XP_036172393.1	91.324	680	59	0	1	680	1	680	0.0	677
NP_000484.2	XP_036206522.1	53.795	448	184	4	249	680	303	743	5.12e-59	213
NP_000484.2	XP_036206522.1	34.197	193	54	5	88	207	303	495	6.2	31.6
NP_000484.2	XP_036206521.1	53.795	448	184	4	249	680	303	743	5.12e-59	213
NP_000484.2	XP_036206521.1	34.197	193	54	5	88	207	303	495	6.2	31.6
NP_000484.2	XP_036206523.1	53.795	448	184	4	249	680	302	742	6.73e-59	213
NP_000484.2	XP_036206523.1	34.197	193	54	5	88	207	302	494	6.4	31.6
XP_006715395.1	XP_036172394.1	91.324	680	59	0	1	680	1	680	0.0	677
XP_006715395.1	XP_036172393.1	91.324	680	59	0	1	680	1	680	0.0	677
XP_006715395.1	XP_036206522.1	53.795	448	184	4	249	680	303	743	5.12e-59	213
XP_006715395.1	XP_036206522.1	34.197	193	54	5	88	207	303	495	6.2	31.6
XP_006715395.1	XP_036206521.1	53.795	448	184	4	249	680	303	743	5.12e-59	213
XP_006715395.1	XP_036206521.1	34.197	193	54	5	88	207	303	495	6.2	31.6
XP_006715395.1	XP_036206523.1	53.795	448	184	4	249	680	302	742	6.73e-59	213
XP_006715395.1	XP_036206523.1	34.197	193	54	5	88	207	302	494	6.4	31.6
XP_006715396.1	XP_036172394.1	91.324	680	59	0	1	680	1	680	0.0	677
XP_006715396.1	XP_036172393.1	91.324	680	59	0	1	680	1	680	0.0	677
XP_006715396.1	XP_036206522.1	53.795	448	184	4	249	680	303	743	5.12e-59	213
XP_006715396.1	XP_036206522.1	34.197	193	54	5	88	207	303	495	6.2	31.6
XP_006715396.1	XP_036206521.1	53.795	448	184	4	249	680	303	743	5.12e-59	213
XP_006715396.1	XP_036206521.1	34.197	193	54	5	88	207	303	495	6.2	31.6
XP_006715396.1	XP_036206523.1	53.795	448	184	4	249	680	302	742	6.73e-59	213
XP_006715396.1	XP_036206523.1	34.197	193	54	5	88	207	302	494	6.4	31.6
NP_001177638.1	XP_036200025.1	93.802	1807	72	2	1	1767	1	1807	0.0	2317
NP_001177638.1	XP_036212184.1	65.564	1754	530	13	39	1767	32	1736	0.0	1404
NP_001177638.1	XP_036212185.1	65.611	1736	478	12	39	1767	32	1655	0.0	1375
NP_001177638.1	XP_036212186.1	72.903	1395	337	6	380	1767	269	1629	0.0	1154
NP_001177638.1	XP_036212186.1	50.691	217	99	2	39	255	32	240	8.50e-67	252
NP_001177638.1	XP_036212186.1	40.236	1019	415	19	666	1505	266	1269	4.49e-38	158
NP_001177638.1	XP_036212186.1	40.747	562	214	9	1035	1498	263	803	8.20e-31	134
NP_001177638.1	XP_036170325.1	59.607	1426	539	9	32	1440	26	1431	0.0	919
NP_001845.3	XP_036200025.1	95.351	1807	83	1	1	1806	1	1807	0.0	2397
NP_001845.3	XP_036185062.1	73.994	1815	408	13	34	1806	40	1832	0.0	1592
NP_001845.3	XP_036185064.1	73.554	1815	416	13	34	1806	40	1832	0.0	1579
NP_001845.3	XP_036212184.1	65.227	1783	527	16	39	1806	32	1736	0.0	1406
NP_001845.3	XP_036212185.1	71.488	1431	365	7	385	1806	259	1655	0.0	1154
NP_001845.3	XP_036212185.1	47.036	253	107	5	39	272	32	276	1.78e-67	254
NP_542196.2	XP_036200025.1	93.410	1821	103	3	1	1818	1	1807	0.0	2328
NP_542196.2	XP_036185062.1	74.062	1812	424	13	34	1818	40	1832	0.0	1582
NP_542196.2	XP_036185064.1	73.620	1812	432	13	34	1818	40	1832	0.0	1570
NP_542196.2	XP_036212184.1	64.936	1791	531	17	39	1818	32	1736	0.0	1405
NP_542196.2	XP_036212186.1	72.903	1395	337	6	431	1818	269	1629	0.0	1155
NP_542196.2	XP_036212186.1	46.531	245	121	3	39	283	32	266	5.50e-67	253
NP_542196.2	XP_036212186.1	38.828	1007	386	21	777	1556	266	1269	1.93e-35	150
NP_542196.2	XP_036212186.1	40.927	518	226	8	717	1163	266	774	3.05e-31	136
NP_542196.2	XP_036212186.1	40.747	562	214	9	1086	1549	263	803	9.80e-31	134
NP_542197.3	XP_036200025.1	93.041	1480	88	7	226	1690	328	1807	0.0	1627
NP_542197.3	XP_036200025.1	90.033	301	30	0	1	301	1	301	4.36e-178	585
NP_542197.3	XP_036212185.1	68.127	1666	475	11	39	1690	32	1655	0.0	1396
NP_542197.3	XP_036212186.1	68.053	1659	462	9	39	1690	32	1629	0.0	1392
NP_542197.3	XP_036212184.1	65.713	1747	462	19	39	1690	32	1736	0.0	1371
NP_542197.3	XP_036185062.1	78.933	1462	293	6	240	1690	375	1832	0.0	1225
NP_542197.3	XP_036185062.1	69.264	231	71	0	34	264	40	270	7.57e-105	374
NP_001157243.1	XP_036212186.1	91.949	236	19	0	32	267	32	267	6.83e-144	443
NP_001157243.1	XP_036212185.1	91.597	238	20	0	32	269	32	269	8.73e-144	443
NP_001157243.1	XP_036212184.1	91.597	238	20	0	32	269	32	269	2.12e-143	443
NP_001157243.1	XP_036200025.1	49.784	231	108	2	28	250	35	265	2.88e-72	243
NP_001157243.1	XP_036185064.1	49.782	229	107	2	29	249	42	270	1.51e-71	240
NP_542411.2	XP_036212185.1	87.788	1736	131	6	1	1736	1	1655	0.0	2685
NP_542411.2	XP_036212186.1	84.886	1621	198	10	138	1736	34	1629	0.0	2347
NP_542411.2	XP_036212186.1	92.340	235	18	0	32	266	32	266	8.58e-132	452
NP_542411.2	XP_036212184.1	96.129	1705	66	0	32	1736	32	1736	0.0	2334
NP_542411.2	XP_036200025.1	65.138	1810	544	16	3	1736	9	1807	0.0	1325
NP_542411.2	XP_036185064.1	66.095	1808	496	14	29	1736	42	1832	0.0	1259
NP_542412.2	XP_036212186.1	95.152	1650	59	1	1	1650	1	1629	0.0	2830
NP_542412.2	XP_036212185.1	95.203	1626	69	2	32	1650	32	1655	0.0	2139
NP_542412.2	XP_036212184.1	90.264	1705	80	5	32	1650	32	1736	0.0	2096
NP_542412.2	XP_036200025.1	72.234	1437	346	8	255	1650	383	1807	0.0	1067
NP_542412.2	XP_036200025.1	41.694	307	164	5	3	294	9	315	3.38e-73	273
NP_542412.2	XP_036185064.1	74.964	1402	311	7	285	1650	435	1832	0.0	1014
NP_542412.2	XP_036185064.1	49.782	229	107	2	29	249	42	270	2.41e-70	263
NP_542412.2	XP_036185064.1	37.988	845	345	18	715	1414	426	1236	1.42e-22	107
NP_542410.2	XP_036212186.1	96.378	1629	59	0	1	1629	1	1629	0.0	2840
NP_542410.2	XP_036212185.1	94.864	1655	59	1	1	1629	1	1655	0.0	2828
NP_542410.2	XP_036212184.1	82.454	1744	183	11	1	1629	1	1736	0.0	2465
NP_542410.2	XP_036200025.1	67.365	1575	451	12	97	1629	254	1807	0.0	1063
NP_542410.2	XP_036200025.1	46.693	257	128	3	3	250	9	265	1.59e-71	267
NP_542410.2	XP_036185064.1	73.864	1431	332	8	237	1629	406	1832	0.0	1020
NP_542410.2	XP_036185064.1	49.782	229	107	2	29	249	42	270	2.02e-70	263
NP_542412.2	XP_036212186.1	95.152	1650	59	1	1	1650	1	1629	0.0	2830
NP_542412.2	XP_036212185.1	95.203	1626	69	2	32	1650	32	1655	0.0	2139
NP_542412.2	XP_036212184.1	90.264	1705	80	5	32	1650	32	1736	0.0	2096
NP_542412.2	XP_036200025.1	72.234	1437	346	8	255	1650	383	1807	0.0	1067
NP_542412.2	XP_036200025.1	41.694	307	164	5	3	294	9	315	3.38e-73	273
NP_542412.2	XP_036185064.1	74.964	1402	311	7	285	1650	435	1832	0.0	1014
NP_542412.2	XP_036185064.1	49.782	229	107	2	29	249	42	270	2.41e-70	263
NP_542412.2	XP_036185064.1	37.988	845	345	18	715	1414	426	1236	1.42e-22	107
NP_004361.3	XP_036174184.1	92.365	3065	232	1	1	3063	1	3065	0.0	5441
NP_004361.3	XP_036174181.1	92.358	3062	232	1	1	3060	1	3062	0.0	5428
NP_004361.3	XP_036174182.1	91.639	3062	230	2	1	3060	1	3038	0.0	5382
NP_004361.3	XP_036174186.1	92.287	2982	228	1	1	2980	1	2982	0.0	5368
NP_004361.3	XP_036174183.1	92.364	2999	227	1	64	3060	25	3023	0.0	5327
NP_004361.3	XP_036174183.1	30.662	1223	705	35	3	1167	752	1889	1.92e-112	405
NP_004361.3	XP_036174183.1	33.333	414	254	8	18	426	288	684	5.65e-56	219
NP_004361.3	XP_036174183.1	32.308	65	42	1	32	94	689	753	0.16	39.7
NP_542376.2	XP_036174184.1	92.017	1879	148	1	23	1899	1187	3065	0.0	3223
NP_542376.2	XP_036174184.1	30.201	1096	702	25	283	1340	309	1379	2.51e-113	404
NP_542376.2	XP_036174184.1	34.887	751	447	19	33	762	438	1167	8.97e-104	373
NP_542376.2	XP_036174184.1	39.867	301	172	2	22	313	127	427	1.01e-60	233
NP_542376.2	XP_036174184.1	33.333	327	197	6	1044	1365	338	648	7.21e-42	171
NP_542376.2	XP_036174184.1	33.220	295	190	5	1044	1337	29	317	9.30e-38	158
NP_542376.2	XP_036174184.1	36.667	90	54	2	221	308	1087	1175	1.23e-05	52.4
NP_542376.2	XP_036174184.1	33.721	86	57	0	219	304	23	108	4.43e-05	50.4
NP_542376.2	XP_036174184.1	34.568	81	47	4	316	395	31	106	0.095	39.7
NP_542376.2	XP_036174184.1	26.761	71	49	2	866	936	32	99	5.8	33.5
NP_542376.2	XP_036174183.1	92.004	1876	148	1	23	1896	1148	3023	0.0	3216
NP_542376.2	XP_036174183.1	30.201	1096	702	25	283	1340	270	1340	1.35e-113	405
NP_542376.2	XP_036174183.1	34.887	751	447	19	33	762	399	1128	5.90e-104	374
NP_542376.2	XP_036174183.1	39.867	301	172	2	22	313	88	388	1.04e-60	233
NP_542376.2	XP_036174183.1	33.333	327	197	6	1044	1365	299	609	6.10e-42	171
NP_542376.2	XP_036174183.1	34.766	256	161	4	1082	1337	29	278	1.31e-35	150
NP_542376.2	XP_036174183.1	36.667	90	54	2	221	308	1048	1136	1.31e-05	52.4
NP_542376.2	XP_036174183.1	45.455	44	24	0	261	304	26	69	2.1	35.0
NP_542376.2	XP_036174181.1	92.004	1876	148	1	23	1896	1187	3062	0.0	3216
NP_542376.2	XP_036174181.1	30.201	1096	702	25	283	1340	309	1379	1.61e-113	404
NP_542376.2	XP_036174181.1	34.887	751	447	19	33	762	438	1167	7.17e-104	374
NP_542376.2	XP_036174181.1	39.867	301	172	2	22	313	127	427	1.02e-60	233
NP_542376.2	XP_036174181.1	33.333	327	197	6	1044	1365	338	648	6.07e-42	172
NP_542376.2	XP_036174181.1	33.220	295	190	5	1044	1337	29	317	7.45e-38	158
NP_542376.2	XP_036174181.1	36.667	90	54	2	221	308	1087	1175	1.33e-05	52.4
NP_542376.2	XP_036174181.1	33.721	86	57	0	219	304	23	108	4.51e-05	50.4
NP_542376.2	XP_036174181.1	34.568	81	47	4	316	395	31	106	0.090	39.7
NP_542376.2	XP_036174181.1	26.761	71	49	2	866	936	32	99	5.9	33.5
NP_542376.2	XP_036174185.1	92.004	1876	148	1	23	1896	1096	2971	0.0	3210
NP_542376.2	XP_036174185.1	33.485	660	411	9	33	677	438	1084	3.09e-93	339
NP_542376.2	XP_036174185.1	32.436	669	424	11	684	1340	636	1288	3.17e-87	320
NP_542376.2	XP_036174185.1	28.894	796	518	20	283	1044	309	1090	6.00e-67	254
NP_542376.2	XP_036174185.1	39.867	301	172	2	22	313	127	427	1.36e-60	233
NP_542376.2	XP_036174185.1	33.333	327	197	6	1044	1365	338	648	6.82e-42	171
NP_542376.2	XP_036174185.1	33.220	295	190	5	1044	1337	29	317	8.73e-38	158
NP_542376.2	XP_036174185.1	33.721	86	57	0	219	304	23	108	4.53e-05	50.4
NP_542376.2	XP_036174185.1	34.568	81	47	4	316	395	31	106	0.089	39.7
NP_542376.2	XP_036174185.1	26.761	71	49	2	866	936	32	99	6.3	33.5
NP_542376.2	XP_036174182.1	90.832	1876	146	2	23	1896	1187	3038	0.0	3167
NP_542376.2	XP_036174182.1	30.109	1096	703	25	283	1340	309	1379	2.10e-112	401
NP_542376.2	XP_036174182.1	34.887	751	447	19	33	762	438	1167	1.37e-103	373
NP_542376.2	XP_036174182.1	39.867	301	172	2	22	313	127	427	1.34e-60	233
NP_542376.2	XP_036174182.1	33.333	327	197	6	1044	1365	338	648	7.60e-42	171
NP_542376.2	XP_036174182.1	33.220	295	190	5	1044	1337	29	317	9.81e-38	158
NP_542376.2	XP_036174182.1	36.667	90	54	2	221	308	1087	1175	1.46e-05	52.0
NP_542376.2	XP_036174182.1	33.721	86	57	0	219	304	23	108	5.11e-05	50.4
NP_542376.2	XP_036174182.1	34.568	81	47	4	316	395	31	106	0.093	39.7
NP_542376.2	XP_036174182.1	26.761	71	49	2	866	936	32	99	5.9	33.5
NP_001123575.1	XP_036192848.1	81.129	726	67	7	19	717	19	701	0.0	741
NP_001123575.1	XP_036192845.1	81.107	741	55	6	19	717	19	716	0.0	741
NP_001123575.1	XP_036192849.1	81.497	708	64	6	19	717	19	668	0.0	733
NP_001123575.1	XP_036192846.1	79.757	741	62	6	19	717	19	713	0.0	719
NP_001123575.1	XP_036192847.1	78.812	741	60	7	19	717	19	704	0.0	701
NP_542988.3	XP_036192848.1	76.945	707	59	7	19	645	19	701	0.0	711
NP_542988.3	XP_036192845.1	74.931	722	62	7	19	645	19	716	0.0	709
NP_542988.3	XP_036192849.1	80.564	674	60	5	19	645	19	668	0.0	699
NP_542988.3	XP_036192846.1	72.715	722	75	8	19	645	19	713	0.0	662
NP_542988.3	XP_036192847.1	71.745	722	73	9	19	645	19	704	0.0	646
NP_542990.3	XP_036192848.1	84.748	695	67	5	19	686	19	701	0.0	763
NP_542990.3	XP_036192845.1	84.648	710	55	4	19	686	19	716	0.0	761
NP_542990.3	XP_036192849.1	85.229	677	64	4	19	686	19	668	0.0	754
NP_542990.3	XP_036192846.1	81.972	710	71	5	19	686	19	713	0.0	716
NP_542990.3	XP_036192847.1	80.986	710	69	6	19	686	19	704	0.0	698
NP_542991.3	XP_036192846.1	82.197	719	62	5	19	695	19	713	0.0	731
NP_542991.3	XP_036192847.1	81.224	719	60	6	19	695	19	704	0.0	714
NP_542991.3	XP_036192848.1	80.481	707	84	7	19	695	19	701	0.0	702
NP_542991.3	XP_036192845.1	80.471	722	72	6	19	695	19	716	0.0	701
NP_542991.3	XP_036192849.1	80.842	689	81	6	19	695	19	668	0.0	693
NP_542992.3	XP_036192846.1	81.047	707	65	5	19	668	19	713	0.0	735
NP_542992.3	XP_036192847.1	80.057	707	63	6	19	668	19	704	0.0	718
NP_542992.3	XP_036192849.1	85.952	662	69	4	19	668	19	668	0.0	710
NP_542992.3	XP_036192848.1	81.439	695	72	6	19	668	19	701	0.0	709
NP_542992.3	XP_036192845.1	79.296	710	75	6	19	668	19	716	0.0	704
NP_542995.3	XP_036192846.1	71.146	707	77	8	19	610	19	713	0.0	627
NP_542995.3	XP_036192847.1	70.156	707	75	9	19	610	19	704	0.0	610
NP_542995.3	XP_036192849.1	75.378	662	81	7	19	610	19	668	0.0	603
NP_542995.3	XP_036192848.1	71.367	695	84	9	19	610	19	701	0.0	599
NP_542995.3	XP_036192845.1	69.437	710	87	9	19	610	19	716	0.0	597
NP_066933.1	XP_036194062.1	91.537	1796	151	1	1	1796	1	1795	0.0	3065
NP_066933.1	XP_036194061.1	91.537	1796	151	1	1	1796	1	1795	0.0	3065
NP_066933.1	XP_036194063.1	91.425	1796	150	2	1	1796	1	1792	0.0	3054
NP_066933.1	XP_036194064.1	91.577	1769	148	1	1	1769	1	1768	0.0	3013
NP_066933.1	XP_036174184.1	45.003	1431	732	15	356	1766	1658	3053	0.0	950
NP_066933.1	XP_036174184.1	37.372	974	552	15	33	996	1090	2015	4.56e-173	586
NP_066933.1	XP_036174184.1	32.522	904	544	16	30	923	334	1181	1.30e-110	394
NP_066933.1	XP_036174184.1	30.534	1012	612	25	27	996	22	984	4.98e-109	389
NP_066933.1	XP_036174184.1	29.795	782	494	15	448	1213	637	1379	1.25e-89	327
NP_066933.1	XP_036174184.1	39.623	265	156	3	948	1210	55	317	1.75e-48	193
NP_066933.1	XP_036174184.1	32.225	391	237	8	886	1268	299	669	2.25e-45	182
NP_066933.1	XP_036174184.1	30.421	309	200	4	34	335	2203	2503	1.33e-35	150
NP_066933.1	XP_036174184.1	25.540	278	188	7	740	1009	1390	1656	5.49e-12	73.2
NP_066933.1	XP_036174184.1	34.356	163	100	5	355	516	2120	2276	8.09e-11	69.3
NP_066933.1	XP_036174184.1	26.596	94	67	1	22	113	1375	1468	4.30e-05	50.4
NP_066933.1	XP_036174184.1	24.324	74	55	1	44	116	1950	2023	3.9	34.3
NP_066933.1	XP_036174184.1	28.723	94	64	3	531	622	21	113	6.8	33.1
XP_005251116.1	XP_036194064.1	91.573	1780	149	1	1	1780	1	1779	0.0	3034
XP_005251116.1	XP_036194062.1	91.577	1769	148	1	1	1769	1	1768	0.0	3010
XP_005251116.1	XP_036194061.1	91.577	1769	148	1	1	1769	1	1768	0.0	3010
XP_005251116.1	XP_036194063.1	91.464	1769	147	2	1	1769	1	1765	0.0	3000
XP_005251116.1	XP_036174183.1	44.931	1440	734	15	356	1776	1619	3018	0.0	952
XP_005251116.1	XP_036174183.1	37.372	974	552	15	33	996	1051	1976	1.26e-173	587
XP_005251116.1	XP_036174183.1	32.522	904	544	16	30	923	295	1142	5.74e-111	395
XP_005251116.1	XP_036174183.1	30.493	974	586	25	65	996	21	945	2.30e-99	358
XP_005251116.1	XP_036174183.1	29.795	782	494	15	448	1213	598	1340	5.70e-90	328
XP_005251116.1	XP_036174183.1	40.078	257	150	3	956	1210	24	278	6.80e-47	187
XP_005251116.1	XP_036174183.1	32.225	391	237	8	886	1268	260	630	1.65e-45	183
XP_005251116.1	XP_036174183.1	30.421	309	200	4	34	335	2164	2464	1.29e-35	150
XP_005251116.1	XP_036174183.1	25.540	278	188	7	740	1009	1351	1617	3.63e-12	73.6
XP_005251116.1	XP_036174183.1	34.356	163	100	5	355	516	2081	2237	6.94e-11	69.7
XP_005251116.1	XP_036174183.1	26.596	94	67	1	22	113	1336	1429	3.82e-05	50.4
XP_005251116.1	XP_036174183.1	24.324	74	55	1	44	116	1911	1984	3.2	34.3
XP_006716714.1	XP_036194062.1	91.537	1796	151	1	1	1796	1	1795	0.0	3065
XP_006716714.1	XP_036194061.1	91.537	1796	151	1	1	1796	1	1795	0.0	3065
XP_006716714.1	XP_036194063.1	91.425	1796	150	2	1	1796	1	1792	0.0	3054
XP_006716714.1	XP_036194064.1	91.577	1769	148	1	1	1769	1	1768	0.0	3013
XP_006716714.1	XP_036174184.1	45.003	1431	732	15	356	1766	1658	3053	0.0	950
XP_006716714.1	XP_036174184.1	37.372	974	552	15	33	996	1090	2015	4.56e-173	586
XP_006716714.1	XP_036174184.1	32.522	904	544	16	30	923	334	1181	1.30e-110	394
XP_006716714.1	XP_036174184.1	30.534	1012	612	25	27	996	22	984	4.98e-109	389
XP_006716714.1	XP_036174184.1	29.795	782	494	15	448	1213	637	1379	1.25e-89	327
XP_006716714.1	XP_036174184.1	39.623	265	156	3	948	1210	55	317	1.75e-48	193
XP_006716714.1	XP_036174184.1	32.225	391	237	8	886	1268	299	669	2.25e-45	182
XP_006716714.1	XP_036174184.1	30.421	309	200	4	34	335	2203	2503	1.33e-35	150
XP_006716714.1	XP_036174184.1	25.540	278	188	7	740	1009	1390	1656	5.49e-12	73.2
XP_006716714.1	XP_036174184.1	34.356	163	100	5	355	516	2120	2276	8.09e-11	69.3
XP_006716714.1	XP_036174184.1	26.596	94	67	1	22	113	1375	1468	4.30e-05	50.4
XP_006716714.1	XP_036174184.1	24.324	74	55	1	44	116	1950	2023	3.9	34.3
XP_006716714.1	XP_036174184.1	28.723	94	64	3	531	622	21	113	6.8	33.1
NP_001846.3	XP_036186123.1	74.522	1413	295	9	1	1388	1	1373	0.0	1575
NP_001846.3	XP_036186121.1	73.482	1433	295	9	1	1388	1	1393	0.0	1567
NP_001846.3	XP_036186120.1	73.482	1433	295	9	1	1388	1	1393	0.0	1567
NP_001846.3	XP_036186122.1	73.482	1433	292	10	1	1388	1	1390	0.0	1561
NP_001846.3	XP_036186124.1	71.867	1237	280	9	1	1213	1	1193	0.0	1206
NP_001847.3	XP_036205507.1	87.877	1625	169	5	1	1604	1	1618	0.0	1988
NP_001847.3	XP_036205506.1	87.877	1625	169	5	1	1604	1	1618	0.0	1988
NP_001847.3	XP_036205509.1	86.708	1625	173	6	1	1604	1	1603	0.0	1966
NP_001847.3	XP_036205508.1	87.446	1625	167	6	1	1604	1	1609	0.0	1964
NP_001847.3	XP_036205510.1	86.277	1625	179	6	1	1604	1	1602	0.0	1956
NP_000485.3	XP_036191961.1	67.859	1565	298	24	1	1497	1	1428	0.0	1349
NP_000485.3	XP_036204354.1	36.477	721	268	17	565	1233	705	1287	2.46e-46	185
NP_000485.3	XP_036204354.1	39.526	506	220	9	566	1011	901	1380	5.65e-42	171
NP_000485.3	XP_036204354.1	35.843	611	237	15	567	1047	587	1172	5.75e-42	171
NP_000485.3	XP_036204354.1	38.103	622	284	18	565	1118	825	1413	1.45e-41	169
NP_000485.3	XP_036204354.1	40.154	518	211	16	566	1012	928	1417	5.59e-41	167
NP_000485.3	XP_036204354.1	34.762	630	306	12	567	1104	893	1509	2.72e-37	155
NP_000485.3	XP_036204354.1	42.748	393	185	7	591	963	476	848	5.57e-35	148
NP_000485.3	XP_036204354.1	42.195	410	168	12	561	931	1038	1417	7.12e-35	147
NP_000485.3	XP_036204354.1	34.635	768	383	21	566	1277	511	1215	2.29e-34	145
NP_000485.3	XP_036204354.1	43.687	396	186	10	632	1013	460	832	3.25e-30	132
NP_000485.3	XP_036204354.1	39.766	342	164	10	714	1047	471	778	4.57e-20	99.4
NP_000485.3	XP_036204354.1	35.780	218	86	8	831	1005	456	662	0.006	43.1
NP_000485.3	XP_036204354.1	29.917	361	161	14	1146	1486	629	917	0.052	40.0
NP_000485.3	XP_036204354.1	38.043	92	57	0	1397	1488	1240	1331	0.12	38.9
NP_000485.3	XP_036204354.1	52.083	48	20	1	1437	1481	937	984	0.34	37.4
NP_000485.3	XP_036204354.1	50.000	44	19	1	1437	1480	1298	1338	7.1	32.7
NP_000485.3	XP_036188542.1	40.476	378	140	13	627	966	1413	1743	7.75e-39	160
NP_000485.3	XP_036188542.1	45.283	318	144	8	566	872	1451	1749	8.65e-39	160
NP_000485.3	XP_036188542.1	39.167	360	140	10	688	1005	1418	1740	8.20e-28	124
NP_000485.3	XP_036188542.1	42.435	271	127	7	561	809	1492	1755	1.67e-26	120
NP_000485.3	XP_036188542.1	33.628	339	134	10	713	1045	1413	1666	6.14e-18	92.4
NP_000485.3	XP_036188542.1	52.174	46	16	1	1438	1477	1701	1746	0.036	40.4
NP_000485.3	XP_036188542.1	44.828	58	18	2	1437	1480	1656	1713	0.41	37.0
NP_000485.3	XP_036188542.1	32.000	100	32	3	1399	1478	1515	1598	3.1	34.3
NP_000485.3	XP_036188542.1	37.879	66	20	1	1438	1482	1591	1656	4.8	33.5
NP_000485.3	XP_036188541.1	36.322	435	180	14	597	1020	1395	1743	1.42e-37	156
NP_000485.3	XP_036188541.1	38.936	357	165	10	672	1005	1393	1719	3.10e-37	155
NP_000485.3	XP_036188541.1	41.742	333	169	8	565	882	1408	1730	1.62e-36	153
NP_000485.3	XP_036188541.1	42.593	216	102	6	561	759	1519	1729	7.61e-22	105
NP_000485.3	XP_036188541.1	54.545	44	20	0	1438	1481	1594	1637	0.072	39.7
NP_000485.3	XP_036188541.1	55.882	34	15	0	1447	1480	1395	1428	0.14	38.5
NP_000485.3	XP_036188541.1	40.984	61	21	1	1436	1481	1453	1513	1.2	35.4
NP_000485.3	XP_036188541.1	52.000	50	18	2	1436	1482	1666	1712	1.4	35.4
NP_000485.3	XP_036188541.1	40.741	54	32	0	1438	1491	1434	1487	2.0	34.7
NP_000485.3	XP_036188539.1	36.322	435	180	14	597	1020	1395	1743	1.75e-37	156
NP_000485.3	XP_036188539.1	38.936	357	165	10	672	1005	1393	1719	4.18e-37	155
NP_000485.3	XP_036188539.1	41.742	333	169	8	565	882	1408	1730	1.76e-36	153
NP_000485.3	XP_036188539.1	42.593	216	102	6	561	759	1519	1729	6.70e-22	105
NP_000485.3	XP_036188539.1	54.545	44	20	0	1438	1481	1594	1637	0.078	39.3
NP_000485.3	XP_036188539.1	55.882	34	15	0	1447	1480	1395	1428	0.15	38.5
NP_000485.3	XP_036188539.1	40.984	61	21	1	1436	1481	1453	1513	1.3	35.4
NP_000485.3	XP_036188539.1	52.000	50	18	2	1436	1482	1666	1712	1.4	35.0
NP_000485.3	XP_036188539.1	40.741	54	32	0	1438	1491	1434	1487	2.1	34.7
NP_085059.2	XP_036205436.1	73.723	1507	341	10	22	1516	27	1490	0.0	1504
NP_085059.2	XP_036205435.1	76.964	1311	255	7	213	1516	456	1726	0.0	1351
NP_085059.2	XP_036205435.1	52.551	196	85	3	22	212	27	219	3.74e-39	161
NP_085059.2	XP_036205437.1	77.064	1308	253	7	216	1516	36	1303	0.0	1347
NP_085059.2	XP_036186122.1	43.189	301	135	5	1216	1516	1125	1389	1.68e-63	240
NP_085059.2	XP_036186122.1	41.364	220	127	2	247	464	65	284	3.44e-40	164
NP_085059.2	XP_036186122.1	28.972	428	196	11	520	871	630	1025	5.52e-08	59.7
NP_085059.2	XP_036186121.1	43.189	301	135	5	1216	1516	1128	1392	1.91e-63	240
NP_085059.2	XP_036186121.1	41.364	220	127	2	247	464	65	284	3.98e-40	164
NP_085059.2	XP_036186121.1	28.972	428	196	11	520	871	633	1028	4.07e-08	60.1
NP_569712.2	XP_036205437.1	76.992	1343	262	7	1	1336	1	1303	0.0	1368
NP_569712.2	XP_036205436.1	77.082	1309	253	7	35	1336	222	1490	0.0	1352
NP_569712.2	XP_036205435.1	77.064	1308	253	7	36	1336	459	1726	0.0	1347
NP_569712.2	XP_036186122.1	43.189	301	135	5	1036	1336	1125	1389	8.55e-64	240
NP_569712.2	XP_036186122.1	38.710	279	164	5	11	284	8	284	2.90e-41	167
NP_569712.2	XP_036186122.1	29.206	428	195	11	340	691	630	1025	2.61e-07	57.0
NP_569712.2	XP_036186121.1	43.189	301	135	5	1036	1336	1128	1392	1.05e-63	240
NP_569712.2	XP_036186121.1	38.710	279	164	5	11	284	8	284	3.57e-41	167
NP_569712.2	XP_036186121.1	29.206	428	195	11	340	691	633	1028	2.55e-07	57.0
NP_001849.2	XP_036174167.1	86.293	1160	136	3	1	1142	1	1155	0.0	1483
NP_001849.2	XP_036205510.1	30.287	1532	610	40	7	1099	2	1514	6.42e-86	308
NP_001849.2	XP_036205510.1	33.333	822	350	23	292	953	773	1556	1.36e-13	77.4
NP_001849.2	XP_036205510.1	34.448	598	259	17	566	1121	329	835	5.98e-12	72.0
NP_001849.2	XP_036205507.1	30.103	1548	608	42	7	1099	2	1530	1.74e-80	291
NP_001849.2	XP_036205507.1	33.174	838	346	25	292	953	773	1572	6.70e-13	75.1
NP_001849.2	XP_036205507.1	34.448	598	259	17	566	1121	329	835	6.04e-12	72.0
NP_001849.2	XP_036205507.1	28.235	85	54	1	254	331	1451	1535	5.0	33.1
NP_001849.2	XP_036205506.1	30.103	1548	608	42	7	1099	2	1530	1.74e-80	291
NP_001849.2	XP_036205506.1	33.174	838	346	25	292	953	773	1572	6.70e-13	75.1
NP_001849.2	XP_036205506.1	34.448	598	259	17	566	1121	329	835	6.04e-12	72.0
NP_001849.2	XP_036205506.1	28.235	85	54	1	254	331	1451	1535	5.0	33.1
NP_001849.2	XP_036205508.1	30.214	1539	609	42	7	1099	2	1521	7.49e-80	289
NP_001849.2	XP_036205508.1	33.174	838	346	25	292	953	764	1563	1.83e-12	73.9
NP_001849.2	XP_036205508.1	34.448	598	259	17	566	1121	320	826	1.30e-11	70.9
NP_001849.2	XP_036205508.1	28.235	85	54	1	254	331	1442	1526	5.1	33.1
NP_000079.2	XP_036196892.1	95.287	1464	64	2	1	1464	1	1459	0.0	1735
NP_000079.2	XP_036156974.1	71.429	1456	385	5	39	1464	33	1487	0.0	1222
NP_000079.2	XP_036184054.1	63.328	1268	449	3	199	1463	111	1365	0.0	1003
NP_000079.2	XP_036184054.1	41.751	994	392	19	115	952	124	1086	8.39e-63	238
NP_000079.2	XP_036184054.1	44.444	837	346	14	109	847	235	1050	6.17e-53	206
NP_000079.2	XP_036184054.1	43.402	682	283	9	112	706	421	1086	1.05e-48	192
NP_000079.2	XP_036184054.1	41.728	544	184	15	772	1188	68	605	2.83e-27	122
NP_000079.2	XP_036184054.1	39.580	571	220	12	109	578	538	1084	1.71e-23	110
NP_000079.2	XP_036184054.1	43.500	200	80	5	1005	1187	67	250	1.63e-04	48.1
NP_000079.2	XP_036174915.1	59.456	1470	544	9	38	1464	40	1500	0.0	998
NP_000079.2	XP_036204354.1	38.497	1317	597	25	244	1464	475	1674	2.44e-153	509
NP_000079.2	XP_036204354.1	44.545	990	431	20	179	1095	473	1417	5.93e-116	403
NP_000079.2	XP_036204354.1	41.379	957	442	11	104	993	513	1417	1.11e-99	354
NP_000079.2	XP_036204354.1	42.765	463	220	5	767	1190	473	929	4.87e-44	177
NP_000079.2	XP_036204354.1	38.785	428	182	9	109	478	1013	1418	1.30e-34	146
NP_000079.2	XP_036204354.1	41.220	410	178	4	845	1191	473	882	4.86e-29	128
NP_000079.2	XP_036204354.1	40.078	257	130	4	112	355	1209	1454	2.34e-16	87.0
NP_000080.2	XP_036184054.1	92.240	1366	106	0	1	1366	1	1366	0.0	1732
NP_000080.2	XP_036196892.1	63.430	1236	436	3	143	1365	226	1458	0.0	848
NP_000080.2	XP_036196892.1	38.352	910	368	16	50	788	221	1108	1.93e-40	165
NP_000080.2	XP_036174915.1	56.888	1234	519	4	144	1365	267	1499	0.0	795
NP_000080.2	XP_036174915.1	56.795	986	400	3	51	1028	181	1148	4.68e-152	500
NP_000080.2	XP_036174915.1	42.617	894	359	16	29	832	318	1147	2.60e-64	242
NP_000080.2	XP_036174915.1	42.088	910	376	16	63	843	262	1149	1.98e-62	236
NP_000080.2	XP_036174915.1	42.276	492	199	11	39	452	664	1148	1.41e-22	107
NP_000080.2	XP_036156974.1	64.427	1012	340	5	31	1028	130	1135	6.04e-170	548
NP_000080.2	XP_036156974.1	44.593	897	378	17	48	843	258	1136	1.28e-56	218
NP_000080.2	XP_036156974.1	44.077	726	298	11	435	1100	224	901	1.32e-46	185
NP_000080.2	XP_036204354.1	39.229	1323	616	24	109	1365	473	1673	7.58e-149	494
NP_000080.2	XP_036204354.1	41.449	994	444	19	31	934	471	1416	1.89e-88	319
NP_000080.2	XP_036204354.1	44.000	675	297	12	476	1105	471	1109	7.89e-64	241
NP_000080.2	XP_036204354.1	39.648	681	282	15	33	620	773	1417	2.80e-57	220
NP_000080.2	XP_036204354.1	43.033	488	222	11	32	488	955	1417	2.80e-44	178
NP_000080.2	XP_036204354.1	39.313	262	98	7	33	285	1209	1418	6.36e-17	88.6
NP_065933.2	XP_036179527.1	76.439	1286	268	10	8	1281	23	1285	0.0	1778
NP_065933.2	XP_036194063.1	34.747	849	497	8	6	833	14	826	1.15e-138	466
NP_065933.2	XP_036194063.1	41.416	466	218	8	788	1210	1178	1631	1.03e-81	297
NP_065933.2	XP_036194063.1	39.362	188	113	1	178	364	1027	1214	1.28e-36	152
NP_065933.2	XP_036194063.1	25.417	480	323	10	377	829	442	913	9.23e-25	114
NP_065933.2	XP_036194062.1	34.624	852	497	9	6	833	14	829	3.51e-137	461
NP_065933.2	XP_036194062.1	41.416	466	218	8	788	1210	1181	1634	1.13e-81	297
NP_065933.2	XP_036194062.1	39.362	188	113	1	178	364	1030	1217	1.24e-36	153
NP_065933.2	XP_036194062.1	25.259	483	323	10	377	829	442	916	5.65e-24	111
NP_065933.2	XP_036194061.1	34.624	852	497	9	6	833	14	829	3.51e-137	461
NP_065933.2	XP_036194061.1	41.416	466	218	8	788	1210	1181	1634	1.13e-81	297
NP_065933.2	XP_036194061.1	39.362	188	113	1	178	364	1030	1217	1.24e-36	153
NP_065933.2	XP_036194061.1	25.259	483	323	10	377	829	442	916	5.65e-24	111
NP_065933.2	XP_036194064.1	34.624	852	497	9	6	833	14	829	3.93e-137	461
NP_065933.2	XP_036194064.1	41.416	466	218	8	788	1210	1181	1634	1.02e-81	297
NP_065933.2	XP_036194064.1	39.362	188	113	1	178	364	1030	1217	1.38e-36	152
NP_065933.2	XP_036194064.1	25.259	483	323	10	377	829	442	916	7.45e-24	111
NP_110447.2	XP_036174072.1	90.909	957	87	0	1	957	1	957	0.0	1565
NP_110447.2	XP_036174167.1	32.450	755	380	18	226	871	46	779	3.88e-64	237
NP_110447.2	XP_036174167.1	35.252	417	150	10	600	935	290	667	1.60e-24	112
NP_110447.2	XP_036174167.1	34.576	590	230	18	449	927	466	1010	2.69e-19	95.5
NP_110447.2	XP_036174167.1	36.554	383	164	12	641	956	292	662	5.37e-19	94.4
NP_110447.2	XP_036174167.1	33.759	548	213	14	448	893	612	1111	1.78e-13	76.6
NP_110447.2	XP_036188542.1	31.658	796	387	29	30	744	1028	1747	1.17e-61	231
NP_110447.2	XP_036188542.1	38.945	398	155	10	533	904	1413	1748	8.81e-35	146
NP_110447.2	XP_036188542.1	38.859	368	166	10	596	936	1413	1748	3.30e-33	140
NP_110447.2	XP_036188542.1	30.738	244	145	6	37	277	854	1076	6.70e-24	110
NP_110447.2	XP_036188542.1	28.044	271	165	9	28	274	24	288	1.29e-19	97.1
NP_110447.2	XP_036188542.1	29.381	194	126	6	27	212	227	417	2.54e-18	92.8
NP_110447.2	XP_036188542.1	32.716	162	102	4	15	170	412	572	2.21e-17	89.7
NP_110447.2	XP_036188542.1	27.805	205	139	4	20	216	627	830	2.61e-17	89.4
NP_110447.2	XP_036188542.1	41.611	149	72	4	800	935	1391	1537	3.67e-09	62.8
NP_110447.2	XP_036188542.1	23.153	203	138	6	29	218	1769	1966	2.58e-05	50.1
NP_110447.2	XP_036194062.1	31.054	702	400	19	28	663	1022	1705	6.35e-60	225
NP_110447.2	XP_036194062.1	36.410	195	111	4	26	212	145	334	1.54e-29	129
NP_110447.2	XP_036194062.1	37.828	267	135	8	689	941	1514	1763	4.23e-05	49.3
NP_110447.2	XP_036194062.1	36.923	130	51	3	828	948	1514	1621	2.2	33.9
NP_110447.2	XP_036194061.1	31.054	702	400	19	28	663	1022	1705	6.35e-60	225
NP_110447.2	XP_036194061.1	36.410	195	111	4	26	212	145	334	1.54e-29	129
NP_110447.2	XP_036194061.1	37.828	267	135	8	689	941	1514	1763	4.23e-05	49.3
NP_110447.2	XP_036194061.1	36.923	130	51	3	828	948	1514	1621	2.2	33.9
NP_690848.1	XP_036193447.1	85.486	1626	207	5	1	1626	1	1597	0.0	1704
NP_690848.1	XP_036174072.1	36.667	840	431	15	13	813	8	785	2.32e-120	404
NP_690848.1	XP_036174072.1	41.379	551	241	10	1117	1626	446	955	6.06e-53	204
NP_690848.1	XP_036174072.1	39.216	510	218	11	540	982	447	931	7.92e-41	166
NP_690848.1	XP_036174072.1	41.701	482	210	10	718	1174	447	882	5.81e-38	157
NP_690848.1	XP_036174072.1	39.575	518	206	16	593	1087	449	882	1.34e-37	155
NP_690848.1	XP_036174072.1	39.480	423	182	7	846	1264	433	785	1.13e-34	146
NP_690848.1	XP_036174072.1	40.785	331	132	9	480	762	568	882	3.61e-22	105
NP_690848.1	XP_036174072.1	36.778	329	145	8	480	751	616	938	1.08e-07	58.5
NP_690848.1	XP_036204354.1	34.757	1499	786	46	15	1403	1	1417	2.28e-106	376
NP_690848.1	XP_036204354.1	40.493	973	427	24	723	1604	476	1387	1.16e-87	318
NP_690848.1	XP_036204354.1	40.329	972	436	23	742	1608	471	1403	1.32e-84	309
NP_690848.1	XP_036204354.1	42.380	899	377	27	484	1281	560	1418	2.67e-83	305
NP_690848.1	XP_036174167.1	35.834	1013	439	23	223	1064	34	1006	4.04e-98	345
NP_690848.1	XP_036174167.1	38.997	877	317	25	758	1508	291	1075	1.16e-53	207
NP_690848.1	XP_036174167.1	42.316	449	170	14	1181	1603	290	675	2.60e-28	125
NP_690848.1	XP_036174167.1	33.396	530	196	14	1079	1457	253	776	4.33e-27	122
NP_690848.1	XP_036174167.1	37.592	407	169	12	490	831	622	1008	1.47e-07	58.2
NP_690848.1	XP_036174167.1	34.409	279	99	7	531	748	871	1126	0.004	43.5
NP_690848.1	XP_036174167.1	35.510	245	75	7	605	782	879	1107	0.006	43.1
NP_690848.1	XP_036174167.1	44.086	93	33	3	1512	1604	292	365	0.025	40.8
NP_690848.1	XP_036205510.1	36.927	1549	715	37	223	1557	28	1528	1.05e-96	346
NP_690848.1	XP_036205510.1	35.895	989	399	36	794	1603	333	1265	1.32e-20	101
NP_690848.1	XP_036205510.1	37.266	534	230	9	803	1263	1057	1558	6.23e-05	49.7
NP_690848.1	XP_036205510.1	32.162	740	262	22	490	1029	832	1531	5.62e-04	46.6
NP_690848.1	XP_036205510.1	36.089	496	167	12	1125	1507	1096	1554	0.022	41.2
XP_005250867.1	XP_036193447.1	86.550	1606	207	4	1	1606	1	1597	0.0	1718
XP_005250867.1	XP_036174072.1	34.519	1040	497	22	12	982	7	931	3.04e-121	406
XP_005250867.1	XP_036174072.1	41.379	551	241	10	1097	1606	446	955	7.93e-53	204
XP_005250867.1	XP_036174072.1	41.224	490	200	13	701	1154	445	882	4.83e-42	169
XP_005250867.1	XP_036174072.1	41.855	399	186	5	846	1244	433	785	1.48e-37	155
XP_005250867.1	XP_036174072.1	42.664	443	210	8	660	1076	449	873	7.49e-37	153
XP_005250867.1	XP_036174072.1	36.778	329	145	8	480	751	616	938	1.31e-07	58.2
XP_005250867.1	XP_036204354.1	34.450	1492	792	41	15	1395	1	1417	1.01e-106	377
XP_005250867.1	XP_036204354.1	41.848	920	371	20	628	1427	508	1383	1.65e-93	337
XP_005250867.1	XP_036204354.1	40.580	966	416	23	723	1584	476	1387	7.04e-90	325
XP_005250867.1	XP_036204354.1	40.415	965	425	22	742	1588	471	1403	8.68e-87	315
XP_005250867.1	XP_036204354.1	40.993	866	357	23	479	1261	624	1418	6.79e-82	300
XP_005250867.1	XP_036204354.1	40.093	863	367	25	848	1583	463	1302	3.00e-70	263
XP_005250867.1	XP_036204354.1	38.552	594	239	14	1117	1587	469	1059	2.57e-40	165
XP_005250867.1	XP_036174167.1	36.546	996	435	23	223	1044	34	1006	2.45e-101	354
XP_005250867.1	XP_036174167.1	39.100	867	310	25	758	1488	291	1075	5.63e-56	215
XP_005250867.1	XP_036174167.1	42.316	449	170	14	1161	1583	290	675	3.68e-28	125
XP_005250867.1	XP_036174167.1	33.396	530	196	14	1059	1437	253	776	4.55e-27	122
XP_005250867.1	XP_036174167.1	37.592	407	169	12	490	831	622	1008	2.01e-07	57.8
XP_005250867.1	XP_036174167.1	34.409	279	99	7	531	748	871	1126	0.005	43.5
XP_005250867.1	XP_036174167.1	40.000	100	50	2	1485	1584	276	365	0.022	41.2
XP_005250867.1	XP_036205511.1	34.952	1565	689	42	223	1537	28	1513	5.82e-101	359
XP_005250867.1	XP_036205511.1	33.206	1048	401	27	478	1243	513	1543	1.40e-29	130
XP_005250867.1	XP_036205511.1	35.887	496	168	12	1105	1487	1081	1539	0.022	41.2
XP_006716576.1	XP_036193447.1	86.242	974	131	1	346	1319	627	1597	0.0	709
XP_006716576.1	XP_036193447.1	87.059	340	43	1	1	340	1	339	0.0	624
XP_006716576.1	XP_036193447.1	35.795	176	72	2	731	888	459	611	0.11	38.5
XP_006716576.1	XP_036193447.1	43.373	166	71	5	449	607	464	613	0.17	38.1
XP_006716576.1	XP_036193447.1	39.130	138	52	3	662	771	478	611	1.7	34.7
XP_006716576.1	XP_036174072.1	34.636	947	457	28	12	867	7	882	1.94e-90	316
XP_006716576.1	XP_036174072.1	41.379	551	241	10	810	1319	446	955	2.92e-52	201
XP_006716576.1	XP_036174072.1	42.782	381	172	5	577	957	451	785	8.67e-37	152
XP_006716576.1	XP_036174072.1	37.029	451	169	9	337	695	504	931	4.85e-27	121
XP_006716576.1	XP_036204354.1	32.852	1385	650	36	34	1239	134	1417	5.65e-89	320
XP_006716576.1	XP_036204354.1	40.918	980	401	21	337	1171	516	1462	2.09e-88	318
XP_006716576.1	XP_036204354.1	39.592	980	412	21	455	1301	471	1403	1.87e-86	312
XP_006716576.1	XP_036161322.1	38.763	1148	444	31	367	1298	265	1369	3.81e-75	277
XP_006716576.1	XP_036161322.1	38.760	1032	417	29	368	1288	511	1438	5.59e-69	257
XP_006716576.1	XP_036161322.1	35.592	1284	456	37	342	1297	83	1323	5.04e-67	251
XP_006716576.1	XP_036161322.1	39.917	962	365	30	330	1147	543	1435	2.26e-65	246
XP_006716576.1	XP_036161322.1	39.542	1047	481	23	378	1297	46	1067	5.36e-63	238
XP_006716576.1	XP_036161322.1	36.325	1170	445	30	322	1265	343	1438	5.93e-62	235
XP_006716576.1	XP_036161322.1	41.633	735	334	16	337	1007	766	1469	9.03e-54	208
XP_006716576.1	XP_036161322.1	36.575	946	346	24	551	1290	45	942	6.65e-53	206
XP_006716576.1	XP_036161322.1	35.652	920	362	26	594	1314	45	933	1.62e-43	175
XP_006716576.1	XP_036161322.1	36.182	749	295	20	694	1298	44	753	1.87e-26	119
XP_006716576.1	XP_036161322.1	38.314	522	247	10	322	783	961	1467	1.87e-24	113
XP_006716576.1	XP_036161324.1	39.134	1109	430	32	345	1288	265	1293	4.61e-72	267
XP_006716576.1	XP_036161324.1	38.036	1049	419	29	368	1288	511	1456	2.22e-67	252
XP_006716576.1	XP_036161324.1	35.267	1293	466	36	342	1297	83	1341	2.09e-65	246
XP_006716576.1	XP_036161324.1	39.794	970	373	30	330	1147	543	1453	8.77e-64	241
XP_006716576.1	XP_036161324.1	37.867	1125	468	29	378	1293	46	1148	4.24e-61	232
XP_006716576.1	XP_036161324.1	41.633	735	334	16	337	1007	784	1487	1.18e-53	208
XP_006716576.1	XP_036161324.1	36.542	966	352	26	536	1290	45	960	5.58e-53	206
XP_006716576.1	XP_036161324.1	35.011	914	358	26	594	1296	45	933	1.01e-41	169
XP_006716576.1	XP_036161324.1	35.946	740	312	19	694	1298	44	756	1.17e-26	120
XP_006716576.1	XP_036161324.1	38.314	522	247	10	322	783	979	1485	2.28e-24	113
NP_775736.2	XP_036169442.1	87.661	543	58	3	1	540	1	537	0.0	602
NP_775736.2	XP_036169440.1	83.598	567	60	4	1	540	1	561	0.0	590
NP_775736.2	XP_036169439.1	83.656	569	58	4	1	540	1	563	0.0	587
NP_775736.2	XP_036169436.1	79.933	593	60	5	1	540	1	587	0.0	575
NP_775736.2	XP_036169448.1	85.185	540	56	3	1	540	1	516	0.0	567
NP_690850.2	XP_036204354.1	84.588	1674	251	2	42	1714	7	1674	0.0	2471
NP_690850.2	XP_036185674.1	55.455	1210	508	7	524	1714	647	1844	0.0	799
NP_690850.2	XP_036185674.1	38.606	961	378	20	492	1301	684	1583	1.69e-75	280
NP_690850.2	XP_036185674.1	36.306	942	332	21	489	1195	672	1580	3.64e-61	234
NP_690850.2	XP_036185674.1	32.906	234	144	4	22	251	27	251	2.30e-41	169
NP_690850.2	XP_036185674.1	40.000	550	251	9	487	966	1042	1582	4.03e-38	158
NP_690850.2	XP_036185674.1	40.943	403	156	8	492	839	1209	1584	3.17e-31	136
NP_690850.2	XP_036185674.1	38.095	189	84	3	1316	1471	604	792	0.015	42.0
NP_690850.2	XP_036212185.1	35.043	1521	710	30	396	1714	210	1654	7.49e-91	329
NP_690850.2	XP_036212185.1	22.564	195	137	5	71	251	43	237	5.67e-14	79.3
NP_690850.2	XP_036161323.1	33.948	1464	638	35	483	1713	247	1614	5.06e-87	317
NP_690850.2	XP_036161323.1	37.211	1169	455	22	477	1387	216	1363	1.19e-80	296
NP_690850.2	XP_036161323.1	33.661	1426	631	37	504	1681	175	1533	2.66e-70	263
NP_690850.2	XP_036161323.1	35.642	1285	499	29	491	1477	58	1312	1.36e-68	258
NP_690850.2	XP_036161323.1	37.760	1152	475	30	511	1477	45	1139	3.30e-68	256
NP_690850.2	XP_036161323.1	39.636	989	408	27	639	1479	47	994	9.39e-57	219
NP_690850.2	XP_036161323.1	44.068	59	27	1	1426	1484	47	99	3.7	33.9
NP_690850.2	XP_036184054.1	34.084	1288	559	25	677	1713	117	1365	4.61e-86	311
NP_690850.2	XP_036184054.1	38.878	998	411	18	548	1377	120	1086	2.35e-69	259
NP_690850.2	XP_036184054.1	39.715	982	432	19	487	1318	113	1084	1.17e-61	234
NP_690850.2	XP_036184054.1	37.017	932	355	21	744	1468	115	1021	4.63e-56	216
NP_690850.2	XP_036184054.1	40.446	717	308	16	487	1112	398	1086	9.25e-48	189
NP_690850.2	XP_036184054.1	38.952	706	297	14	897	1475	63	761	4.01e-35	148
NP_690850.2	XP_036184054.1	41.333	300	116	7	510	767	817	1098	1.63e-13	77.8
NP_001243003.1	XP_036182601.1	87.624	202	10	1	235	421	1	202	2.44e-90	281
NP_001243003.1	XP_036182601.1	37.795	254	122	7	396	645	2	223	1.45e-16	81.3
NP_001243003.1	XP_036182601.1	40.870	230	89	4	318	547	4	186	1.53e-16	80.9
NP_001243003.1	XP_036182601.1	40.415	193	87	4	118	304	18	188	1.92e-11	65.9
NP_001243003.1	XP_036182601.1	42.857	154	82	3	121	270	39	190	9.49e-08	55.1
NP_001243003.1	XP_036182470.1	84.553	123	19	0	1	123	1	123	1.60e-59	196
NP_001243003.1	XP_036204354.1	44.444	531	231	11	130	618	471	979	2.97e-56	208
NP_001243003.1	XP_036204354.1	41.696	566	250	11	123	614	596	1155	5.10e-52	195
NP_001243003.1	XP_036204354.1	41.103	562	218	14	123	590	875	1417	7.59e-52	195
NP_001243003.1	XP_036204354.1	40.098	611	235	16	121	616	636	1230	1.40e-49	188
NP_001243003.1	XP_036204354.1	41.768	577	241	15	121	618	660	1220	2.48e-48	184
NP_001243003.1	XP_036204354.1	39.698	597	238	14	121	611	720	1300	4.09e-44	172
NP_001243003.1	XP_036204354.1	38.750	400	174	7	119	468	1039	1417	1.28e-31	133
NP_001243003.1	XP_036204354.1	41.132	265	112	5	129	389	1194	1418	4.90e-24	109
NP_001243003.1	XP_036204354.1	44.886	176	83	5	123	289	1248	1418	1.18e-11	69.7
NP_001243003.1	XP_036204354.1	43.609	133	61	4	123	246	1302	1429	0.001	43.5
NP_001243003.1	XP_036156426.1	40.103	581	257	14	125	616	777	1355	4.50e-48	184
NP_001243003.1	XP_036156426.1	40.149	538	246	10	129	616	862	1373	8.43e-43	167
NP_001243003.1	XP_036156426.1	41.953	553	234	12	123	616	934	1458	2.21e-40	160
NP_001243003.1	XP_036156426.1	40.038	527	243	12	123	613	701	1190	6.51e-40	159
NP_001243003.1	XP_036156426.1	35.038	665	248	16	126	609	308	969	1.03e-31	134
NP_001243003.1	XP_036156426.1	39.749	478	210	13	200	630	698	1144	1.73e-31	133
NP_001243003.1	XP_036156426.1	40.204	393	175	10	141	487	1103	1481	8.17e-28	121
NP_001243003.1	XP_036156426.1	37.463	339	155	7	121	412	1158	1486	4.85e-15	80.9
NP_001243003.1	XP_036156426.1	40.075	267	120	8	112	343	1224	1485	1.05e-14	79.7
NP_001243003.1	XP_036156426.1	34.407	590	232	16	96	568	26	577	5.86e-11	67.8
NP_001243003.1	XP_036156426.1	31.447	477	180	12	131	487	165	614	3.29e-06	52.4
NP_001243003.1	XP_036156426.1	31.502	546	192	17	224	616	61	577	1.01e-05	50.4
NP_001243003.1	XP_036156426.1	33.766	308	119	9	378	620	234	521	5.70e-05	48.1
NP_001243003.1	XP_036156426.1	37.168	113	30	3	533	613	696	799	0.69	34.7
NP_001243003.1	XP_036156426.1	36.842	133	63	3	122	235	1357	1487	0.95	34.3
NP_001243003.1	XP_036156425.1	40.103	581	257	14	125	616	777	1355	4.50e-48	184
NP_001243003.1	XP_036156425.1	40.149	538	246	10	129	616	862	1373	8.43e-43	167
NP_001243003.1	XP_036156425.1	41.953	553	234	12	123	616	934	1458	2.21e-40	160
NP_001243003.1	XP_036156425.1	40.038	527	243	12	123	613	701	1190	6.51e-40	159
NP_001243003.1	XP_036156425.1	35.038	665	248	16	126	609	308	969	1.03e-31	134
NP_001243003.1	XP_036156425.1	39.749	478	210	13	200	630	698	1144	1.73e-31	133
NP_001243003.1	XP_036156425.1	40.204	393	175	10	141	487	1103	1481	8.17e-28	121
NP_001243003.1	XP_036156425.1	37.463	339	155	7	121	412	1158	1486	4.85e-15	80.9
NP_001243003.1	XP_036156425.1	40.075	267	120	8	112	343	1224	1485	1.05e-14	79.7
NP_001243003.1	XP_036156425.1	34.407	590	232	16	96	568	26	577	5.86e-11	67.8
NP_001243003.1	XP_036156425.1	31.447	477	180	12	131	487	165	614	3.29e-06	52.4
NP_001243003.1	XP_036156425.1	31.502	546	192	17	224	616	61	577	1.01e-05	50.4
NP_001243003.1	XP_036156425.1	33.766	308	119	9	378	620	234	521	5.70e-05	48.1
NP_001243003.1	XP_036156425.1	37.168	113	30	3	533	613	696	799	0.69	34.7
NP_001243003.1	XP_036156425.1	36.842	133	63	3	122	235	1357	1487	0.95	34.3
NP_115907.2	XP_036182601.1	88.532	218	17	1	239	448	1	218	6.66e-104	316
NP_115907.2	XP_036182601.1	36.525	282	116	7	358	638	4	223	1.21e-17	84.3
NP_115907.2	XP_036182601.1	38.095	252	102	7	415	642	2	223	3.33e-14	74.3
NP_115907.2	XP_036182601.1	40.000	195	79	5	126	308	20	188	3.43e-11	65.1
NP_115907.2	XP_036182601.1	41.346	208	86	7	322	509	4	195	5.37e-08	55.8
NP_115907.2	XP_036182601.1	39.634	164	74	5	121	262	39	199	6.76e-08	55.5
NP_115907.2	XP_036182601.1	51.389	72	29	2	543	614	1	66	0.33	35.0
NP_115907.2	XP_036199461.1	88.971	136	3	1	492	615	1	136	4.10e-61	202
NP_115907.2	XP_036199461.1	45.522	134	59	1	187	306	19	152	1.31e-05	47.4
NP_115907.2	XP_036199461.1	40.336	119	49	1	390	508	61	157	5.70e-05	45.8
NP_115907.2	XP_036199461.1	47.917	96	48	1	329	424	62	155	1.33e-04	44.7
NP_115907.2	XP_036199461.1	40.141	142	84	1	131	272	17	157	1.62e-04	44.3
NP_115907.2	XP_036199461.1	41.085	129	54	2	123	251	62	168	1.71e-04	44.3
NP_115907.2	XP_036199461.1	46.875	96	45	2	447	536	75	170	2.43e-04	43.9
NP_115907.2	XP_036199461.1	40.385	156	59	3	242	368	2	152	0.009	39.3
NP_115907.2	XP_036199461.1	36.806	144	48	2	228	336	21	156	0.14	35.4
NP_115907.2	XP_036199461.1	39.189	148	49	4	455	602	53	159	1.7	32.3
NP_115907.2	XP_036199461.1	39.080	87	26	3	121	198	84	152	1.7	32.3
NP_115907.2	XP_036182470.1	84.553	123	19	0	1	123	1	123	1.51e-59	196
NP_115907.2	XP_036169440.1	42.456	570	215	10	34	536	33	556	9.81e-54	194
NP_115907.2	XP_036169440.1	51.210	248	87	6	385	615	289	519	3.18e-31	130
NP_115907.2	XP_036169436.1	42.230	592	227	11	34	556	33	578	2.09e-53	194
NP_115907.2	XP_036169436.1	51.210	248	87	6	385	615	289	519	4.59e-31	129
NP_942014.1	XP_036182601.1	88.532	218	17	1	239	448	1	218	2.39e-103	315
NP_942014.1	XP_036182601.1	40.000	245	93	5	358	601	4	195	3.75e-16	79.7
NP_942014.1	XP_036182601.1	40.000	195	79	5	126	308	20	188	7.78e-11	64.3
NP_942014.1	XP_036182601.1	41.270	189	83	4	461	628	5	186	4.53e-10	62.0
NP_942014.1	XP_036182601.1	41.346	208	86	8	322	509	4	195	1.32e-07	54.7
NP_942014.1	XP_036182601.1	39.634	164	74	5	121	262	39	199	1.66e-07	54.3
NP_942014.1	XP_036182601.1	44.805	154	66	5	487	631	1	144	2.44e-06	50.8
NP_942014.1	XP_036182601.1	41.463	123	49	3	535	634	2	124	2.63e-04	44.7
NP_942014.1	XP_036199461.1	90.857	175	4	1	492	654	1	175	1.01e-89	277
NP_942014.1	XP_036199461.1	45.522	134	59	1	187	306	19	152	1.40e-05	47.4
NP_942014.1	XP_036199461.1	40.336	119	49	1	390	508	61	157	6.58e-05	45.4
NP_942014.1	XP_036199461.1	47.917	96	48	1	329	424	62	155	1.61e-04	44.3
NP_942014.1	XP_036199461.1	41.085	129	54	2	123	251	62	168	1.66e-04	44.3
NP_942014.1	XP_036199461.1	40.141	142	84	1	131	272	17	157	1.84e-04	44.3
NP_942014.1	XP_036199461.1	46.875	96	45	2	447	536	75	170	2.99e-04	43.5
NP_942014.1	XP_036199461.1	40.385	156	59	3	242	368	2	152	0.010	38.9
NP_942014.1	XP_036199461.1	36.806	144	48	2	228	336	21	156	0.19	35.4
NP_942014.1	XP_036199461.1	39.080	87	26	3	121	198	84	152	2.3	32.0
NP_942014.1	XP_036182470.1	84.553	123	19	0	1	123	1	123	1.91e-59	196
NP_942014.1	XP_036169436.1	42.230	592	227	11	34	556	33	578	1.14e-53	195
NP_942014.1	XP_036169436.1	48.065	310	110	8	385	654	289	587	5.28e-39	153
NP_942014.1	XP_036169440.1	42.456	570	215	10	34	536	33	556	2.26e-53	193
NP_942014.1	XP_036169440.1	52.414	290	101	7	385	654	289	561	3.30e-45	171
NP_001265492.1	XP_036165986.1	90.703	441	39	2	1	441	1	439	0.0	580
NP_001265492.1	XP_036165987.1	90.249	441	39	3	1	441	1	437	0.0	570
NP_001265492.1	XP_036209443.1	33.613	357	151	9	46	355	27	344	1.21e-32	129
NP_001265492.1	XP_036209442.1	41.667	252	100	7	46	257	27	271	5.37e-29	119
NP_001265492.1	XP_036209441.1	41.667	252	100	7	46	257	27	271	1.31e-28	118
NP_597714.2	XP_036165987.1	90.661	439	39	2	1	439	1	437	0.0	575
NP_597714.2	XP_036165986.1	90.249	441	39	3	1	439	1	439	0.0	570
NP_597714.2	XP_036209443.1	33.427	356	151	9	46	353	27	344	2.13e-32	128
NP_597714.2	XP_036209442.1	41.434	251	100	7	46	255	27	271	9.90e-29	119
NP_597714.2	XP_036209441.1	41.434	251	100	7	46	255	27	271	1.86e-28	118
NP_116277.2	XP_036185674.1	86.746	1841	219	5	23	1860	26	1844	0.0	2490
NP_116277.2	XP_036204354.1	56.837	1214	509	5	651	1860	472	1674	0.0	1002
NP_116277.2	XP_036204354.1	40.030	657	269	18	1064	1619	471	1103	1.23e-57	222
NP_116277.2	XP_036204354.1	41.166	566	236	10	1138	1619	464	1016	3.40e-52	204
NP_116277.2	XP_036204354.1	36.538	208	108	5	46	236	7	207	9.71e-41	167
NP_116277.2	XP_036204354.1	44.523	283	123	4	621	872	1138	1417	8.10e-29	128
NP_116277.2	XP_036204354.1	40.889	225	100	4	625	846	1224	1418	1.47e-16	88.2
NP_116277.2	XP_036204354.1	44.505	182	88	3	620	799	1243	1413	2.77e-13	77.4
NP_116277.2	XP_036204354.1	39.706	204	84	4	624	788	1226	1429	2.91e-10	67.4
NP_116277.2	XP_036204354.1	39.860	143	59	4	1506	1621	471	613	4.95e-05	50.1
NP_116277.2	XP_036170326.1	35.392	1263	524	28	876	1859	480	1729	1.88e-94	341
NP_116277.2	XP_036170326.1	40.400	1000	419	17	589	1442	443	1411	8.39e-65	246
NP_116277.2	XP_036170326.1	26.829	205	140	5	42	240	29	229	2.96e-10	67.4
NP_116277.2	XP_036170325.1	35.368	1278	522	29	876	1859	480	1747	8.15e-94	339
NP_116277.2	XP_036170325.1	41.373	1020	456	18	589	1499	443	1429	2.49e-70	264
NP_116277.2	XP_036170325.1	26.829	205	140	5	42	240	29	229	2.53e-10	67.8
NP_116277.2	XP_036212186.1	37.084	1351	618	23	717	1860	303	1628	1.87e-85	312
NP_116277.2	XP_036212186.1	38.062	1001	400	19	623	1440	378	1341	1.10e-46	186
NP_116277.2	XP_036212186.1	42.651	830	350	16	850	1593	273	1062	1.55e-39	163
NP_116277.2	XP_036212186.1	42.281	868	368	17	639	1410	547	1377	2.59e-37	156
NP_116277.2	XP_036212186.1	26.316	209	141	4	46	245	32	236	1.57e-17	91.3
NP_001032852.2	XP_036183979.1	83.406	1145	161	3	1	1124	1	1137	0.0	1588
NP_001032852.2	XP_036183978.1	83.406	1145	161	3	1	1124	1	1137	0.0	1588
NP_001032852.2	XP_036204354.1	40.798	652	256	22	241	772	745	1386	1.11e-56	217
NP_001032852.2	XP_036204354.1	40.795	679	248	25	243	773	471	1143	1.33e-56	216
NP_001032852.2	XP_036204354.1	38.976	703	239	22	245	773	632	1318	5.41e-56	214
NP_001032852.2	XP_036204354.1	39.824	683	290	27	244	846	874	1515	1.43e-53	207
NP_001032852.2	XP_036204354.1	43.657	536	225	21	243	749	930	1417	4.01e-49	192
NP_001032852.2	XP_036204354.1	41.278	579	233	20	296	774	471	1042	3.27e-48	189
NP_001032852.2	XP_036204354.1	41.996	531	208	19	319	772	461	968	1.93e-44	177
NP_001032852.2	XP_036204354.1	42.275	466	197	16	240	649	981	1430	1.49e-35	149
NP_001032852.2	XP_036204354.1	43.182	396	173	14	415	772	455	836	1.95e-27	122
NP_001032852.2	XP_036204354.1	40.268	149	63	4	644	780	473	607	4.36e-09	62.8
NP_001032852.2	XP_036174915.1	40.502	637	250	21	244	773	288	902	4.15e-46	183
NP_001032852.2	XP_036174915.1	42.777	533	232	16	286	774	268	771	9.21e-44	175
NP_001032852.2	XP_036174915.1	38.006	692	238	23	244	755	465	1145	1.10e-39	162
NP_001032852.2	XP_036174915.1	35.922	618	223	21	243	737	596	1163	2.16e-25	115
NP_001032852.2	XP_036175509.1	34.360	617	320	25	422	984	1393	1978	1.00e-45	182
NP_001032852.2	XP_036175509.1	38.254	481	225	17	146	601	1326	1759	2.02e-35	149
NP_001032852.2	XP_036175509.1	41.060	302	119	10	243	530	1505	1761	8.25e-22	104
NP_001032852.2	XP_036175509.1	45.274	201	91	5	245	431	1577	1772	1.07e-18	94.4
NP_001032852.2	XP_036175509.1	31.169	77	48	1	1046	1122	2574	2645	1.22e-11	71.2
NP_001032852.2	XP_036175509.1	23.280	189	121	5	790	968	816	990	0.007	42.4
NP_001032852.2	XP_036175509.1	22.876	153	105	3	790	934	1019	1166	0.047	39.7
NP_001032852.2	XP_036175509.1	24.581	179	110	7	36	195	1995	2167	0.24	37.4
NP_001032852.2	XP_036175509.1	30.000	80	47	3	48	124	37	110	0.39	36.6
NP_001032852.2	XP_036175509.1	20.870	230	128	10	780	970	1973	2187	0.67	35.8
NP_001032852.2	XP_036175509.1	24.691	81	54	3	48	128	417	490	3.2	33.5
NP_001032852.2	XP_036175509.1	19.672	122	91	2	757	872	370	490	5.8	32.7
NP_001835.3	XP_036156974.1	97.848	1487	32	0	1	1487	1	1487	0.0	2632
NP_001835.3	XP_036196892.1	71.635	1456	381	6	33	1487	35	1459	0.0	1170
NP_001835.3	XP_036184054.1	62.855	1268	456	3	221	1486	111	1365	0.0	992
NP_001835.3	XP_036184054.1	40.419	955	358	21	93	891	185	1084	1.19e-53	208
NP_001835.3	XP_036184054.1	42.770	816	327	14	98	848	346	1086	3.48e-52	203
NP_001835.3	XP_036184054.1	42.623	793	320	13	119	812	342	1098	5.93e-50	196
NP_001835.3	XP_036184054.1	40.712	786	303	14	587	1212	68	850	6.45e-38	157
NP_001835.3	XP_036184054.1	39.280	667	245	19	97	613	429	1085	6.82e-35	147
NP_001835.3	XP_036184054.1	38.717	452	188	10	96	470	647	1086	6.43e-16	85.5
NP_001835.3	XP_036184054.1	41.743	218	109	3	1016	1215	66	283	7.82e-06	52.4
NP_001835.3	XP_036204354.1	41.982	1322	600	25	213	1487	473	1674	1.58e-172	562
NP_001835.3	XP_036204354.1	42.970	1010	449	20	147	1095	473	1416	1.83e-105	372
NP_001835.3	XP_036204354.1	43.426	1004	450	22	119	1061	472	1418	7.22e-98	349
NP_001835.3	XP_036204354.1	43.717	947	433	16	98	961	488	1417	2.44e-93	335
NP_001835.3	XP_036204354.1	42.670	839	369	16	474	1215	455	1278	2.99e-81	297
NP_001835.3	XP_036204354.1	41.463	820	337	18	90	827	660	1418	1.84e-74	276
NP_001835.3	XP_036204354.1	40.155	386	165	8	96	439	1065	1426	9.23e-28	124
NP_001835.3	XP_036175696.1	60.940	553	194	2	947	1487	925	1467	3.07e-160	524
NP_149162.2	XP_036156974.1	96.333	1418	50	1	1	1418	72	1487	0.0	2419
NP_149162.2	XP_036196892.1	73.760	1311	338	4	109	1418	154	1459	0.0	1090
NP_149162.2	XP_036184054.1	62.855	1268	456	3	152	1417	111	1365	0.0	993
NP_149162.2	XP_036184054.1	40.655	947	357	21	32	822	187	1084	1.90e-52	204
NP_149162.2	XP_036184054.1	42.717	817	328	14	28	779	345	1086	2.62e-51	200
NP_149162.2	XP_036184054.1	42.623	793	320	13	50	743	342	1098	3.35e-49	194
NP_149162.2	XP_036174915.1	63.128	1074	319	5	34	1067	113	1149	0.0	717
NP_149162.2	XP_036174915.1	58.363	281	109	5	1142	1418	1224	1500	4.17e-103	362
NP_149162.2	XP_036174915.1	40.949	569	241	11	31	543	618	1147	3.18e-28	125
NP_149162.2	XP_036174915.1	41.118	304	139	6	30	306	857	1147	1.40e-07	58.2
NP_149162.2	XP_036204354.1	42.038	1325	595	27	144	1418	473	1674	2.85e-172	560
NP_149162.2	XP_036204354.1	42.970	1010	449	20	78	1026	473	1416	5.96e-104	367
NP_149162.2	XP_036204354.1	43.426	1004	450	22	50	992	472	1418	3.20e-96	343
NP_149162.2	XP_036204354.1	43.007	951	430	15	31	892	490	1417	1.52e-91	329
NP_149162.2	XP_036204354.1	42.670	839	369	16	405	1146	455	1278	6.16e-80	293
NP_149162.2	XP_036204354.1	40.314	382	162	8	31	370	1069	1426	4.65e-27	122
NP_000081.1	XP_036175696.1	86.747	664	86	1	1	662	1	664	0.0	656
NP_000081.1	XP_036156974.1	60.036	1116	412	5	24	1111	26	1135	2.38e-177	571
NP_000081.1	XP_036204354.1	39.515	1278	586	25	300	1466	473	1674	1.52e-148	496
NP_000081.1	XP_036204354.1	43.155	1008	459	18	112	1067	473	1418	9.38e-102	360
NP_000081.1	XP_036204354.1	43.627	1020	458	20	132	1099	463	1417	8.21e-98	348
NP_000081.1	XP_036204354.1	43.267	802	335	16	103	828	659	1416	5.58e-77	283
NP_000081.1	XP_036204354.1	41.560	782	306	17	562	1195	471	1249	1.87e-71	266
NP_000081.1	XP_036204354.1	40.779	770	317	17	103	803	719	1418	1.76e-62	237
NP_000081.1	XP_036204354.1	41.667	672	309	12	102	711	766	1416	6.25e-56	216
NP_000081.1	XP_036204354.1	43.671	474	236	9	102	566	982	1433	1.31e-38	159
NP_000081.1	XP_036204354.1	39.628	376	179	5	99	452	1069	1418	9.25e-24	111
NP_000081.1	XP_036204354.1	42.692	260	103	7	965	1195	460	702	4.44e-20	99.4
NP_000081.1	XP_036196892.1	65.420	882	305	0	230	1111	227	1108	2.34e-139	466
NP_000081.1	XP_036184054.1	57.744	975	412	0	198	1172	112	1086	1.69e-138	462
NP_000081.1	XP_036184054.1	38.761	1001	404	21	103	932	124	1086	2.58e-53	207
NP_000081.1	XP_036184054.1	41.233	827	343	17	102	802	276	1085	1.13e-42	172
NP_001836.2	XP_036156427.1	86.766	1670	220	1	1	1669	1	1670	0.0	1802
NP_001836.2	XP_036161324.1	41.372	1779	689	43	131	1669	45	1709	0.0	666
NP_001836.2	XP_036161324.1	39.815	1512	575	40	7	1212	5	1487	2.18e-109	386
NP_001836.2	XP_036161324.1	40.465	1248	478	37	375	1440	43	1207	5.13e-81	298
NP_001836.2	XP_036161322.1	41.389	1771	682	42	131	1669	45	1691	0.0	663
NP_001836.2	XP_036161322.1	40.468	1495	571	40	7	1212	5	1469	5.21e-109	385
NP_001836.2	XP_036161322.1	40.420	1237	476	35	375	1440	43	1189	8.47e-81	297
NP_001836.2	XP_036161589.1	63.041	855	302	3	823	1669	840	1688	0.0	654
NP_001836.2	XP_036161590.1	63.380	852	301	2	823	1669	840	1685	0.0	649
NP_001837.2	XP_036156426.1	79.848	1712	341	3	1	1712	1	1708	0.0	2018
NP_001837.2	XP_036156425.1	79.848	1712	341	3	1	1712	1	1708	0.0	2018
NP_001837.2	XP_036156424.1	79.848	1712	341	3	1	1712	1	1708	0.0	2018
NP_001837.2	XP_036161324.1	50.618	1780	720	36	16	1712	6	1709	0.0	936
NP_001837.2	XP_036161322.1	50.564	1774	712	36	16	1712	6	1691	0.0	932
NP_000082.2	XP_036176329.1	82.106	1643	292	2	29	1670	37	1678	0.0	1424
NP_000082.2	XP_036176328.1	82.106	1643	292	2	29	1670	37	1678	0.0	1424
NP_000082.2	XP_036156427.1	52.113	1491	638	18	215	1668	218	1669	0.0	700
NP_000082.2	XP_036161322.1	40.901	1709	736	38	170	1668	46	1690	0.0	623
NP_000082.2	XP_036161324.1	40.978	1718	740	41	170	1668	46	1708	0.0	619
NP_000083.3	XP_036176132.1	80.179	1226	242	1	4	1229	1	1225	0.0	1086
NP_000083.3	XP_036176133.1	80.179	1226	242	1	4	1229	1	1225	0.0	1085
NP_000083.3	XP_036176135.1	80.179	1226	242	1	4	1229	1	1225	0.0	1077
NP_000083.3	XP_036176135.1	52.857	210	74	4	1317	1526	1314	1498	1.73e-25	117
NP_000083.3	XP_036176135.1	37.466	726	297	17	859	1458	457	1151	5.83e-24	112
NP_000083.3	XP_036176135.1	42.014	288	127	7	1185	1458	86	347	2.23e-05	51.2
NP_000083.3	XP_036176135.1	38.750	160	69	5	603	751	1315	1456	5.0	33.5
NP_000083.3	XP_036161322.1	49.366	1734	769	28	19	1688	1	1689	0.0	895
NP_000083.3	XP_036161324.1	48.858	1752	769	30	19	1688	1	1707	0.0	894
XP_005246338.1	XP_036176132.1	80.179	1226	242	1	4	1229	1	1225	0.0	1086
XP_005246338.1	XP_036176133.1	80.179	1226	242	1	4	1229	1	1225	0.0	1085
XP_005246338.1	XP_036176135.1	80.179	1226	242	1	4	1229	1	1225	0.0	1077
XP_005246338.1	XP_036176135.1	52.857	210	74	4	1317	1526	1314	1498	1.73e-25	117
XP_005246338.1	XP_036176135.1	37.466	726	297	17	859	1458	457	1151	5.83e-24	112
XP_005246338.1	XP_036176135.1	42.014	288	127	7	1185	1458	86	347	2.23e-05	51.2
XP_005246338.1	XP_036176135.1	38.750	160	69	5	603	751	1315	1456	5.0	33.5
XP_005246338.1	XP_036161322.1	49.366	1734	769	28	19	1688	1	1689	0.0	895
XP_005246338.1	XP_036161324.1	48.858	1752	769	30	19	1688	1	1707	0.0	894
NP_000486.1	XP_036161589.1	92.950	1688	116	1	1	1685	1	1688	0.0	1609
NP_000486.1	XP_036161590.1	93.175	1685	115	0	1	1685	1	1685	0.0	1606
NP_000486.1	XP_036161587.1	92.608	1691	119	1	1	1685	1	1691	0.0	1594
NP_000486.1	XP_036161588.1	92.773	1688	119	1	1	1685	1	1688	0.0	1592
NP_000486.1	XP_036156427.1	61.242	1659	602	15	39	1685	41	1670	0.0	964
NP_203699.1	XP_036161589.1	93.022	1691	115	1	1	1691	1	1688	0.0	1617
NP_203699.1	XP_036161587.1	93.199	1691	115	0	1	1691	1	1691	0.0	1602
NP_203699.1	XP_036161590.1	92.726	1691	117	1	1	1691	1	1685	0.0	1599
NP_203699.1	XP_036161588.1	92.371	1691	126	1	1	1691	1	1688	0.0	1585
NP_203699.1	XP_036156427.1	60.721	1665	607	16	39	1691	41	1670	0.0	955
XP_006724679.1	XP_036161589.1	93.022	1691	115	1	1	1691	1	1688	0.0	1617
XP_006724679.1	XP_036161587.1	93.199	1691	115	0	1	1691	1	1691	0.0	1602
XP_006724679.1	XP_036161590.1	92.726	1691	117	1	1	1691	1	1685	0.0	1599
XP_006724679.1	XP_036161588.1	92.371	1691	126	1	1	1691	1	1688	0.0	1585
XP_006724679.1	XP_036156427.1	60.721	1665	607	16	39	1691	41	1670	0.0	955
NP_001274688.1	XP_036161322.1	79.398	1694	318	4	1	1666	1	1691	0.0	2019
NP_001274688.1	XP_036161324.1	78.563	1712	318	5	1	1666	1	1709	0.0	2010
NP_001274688.1	XP_036161323.1	73.140	1694	350	12	1	1666	1	1617	0.0	1771
NP_001274688.1	XP_036156426.1	49.486	1750	738	25	6	1666	16	1708	0.0	875
NP_001274688.1	XP_036156425.1	49.486	1750	738	25	6	1666	16	1708	0.0	875
NP_001274689.1	XP_036161322.1	77.568	1694	316	5	1	1633	1	1691	0.0	1977
NP_001274689.1	XP_036161324.1	76.752	1712	316	6	1	1633	1	1709	0.0	1965
NP_001274689.1	XP_036161323.1	71.311	1694	348	13	1	1633	1	1617	0.0	1723
NP_001274689.1	XP_036156426.1	48.119	1754	723	27	6	1633	16	1708	0.0	858
NP_001274689.1	XP_036156425.1	48.119	1754	723	27	6	1633	16	1708	0.0	858
NP_001274689.1	XP_036161322.1	77.568	1694	316	5	1	1633	1	1691	0.0	1977
NP_001274689.1	XP_036161324.1	76.752	1712	316	6	1	1633	1	1709	0.0	1965
NP_001274689.1	XP_036161323.1	71.311	1694	348	13	1	1633	1	1617	0.0	1723
NP_001274689.1	XP_036156426.1	48.119	1754	723	27	6	1633	16	1708	0.0	858
NP_001274689.1	XP_036156425.1	48.119	1754	723	27	6	1633	16	1708	0.0	858
NP_001838.2	XP_036161322.1	81.183	1690	311	3	6	1691	5	1691	0.0	2056
NP_001838.2	XP_036161324.1	80.328	1708	311	4	6	1691	5	1709	0.0	2045
NP_001838.2	XP_036161323.1	74.911	1690	343	11	6	1691	5	1617	0.0	1808
NP_001838.2	XP_036156426.1	49.830	1764	739	24	5	1691	14	1708	0.0	900
NP_001838.2	XP_036156425.1	49.830	1764	739	24	5	1691	14	1708	0.0	900
NP_378667.1	XP_036161322.1	81.169	1694	312	3	1	1690	1	1691	0.0	2062
NP_378667.1	XP_036161324.1	80.315	1712	312	4	1	1690	1	1709	0.0	2051
NP_378667.1	XP_036161323.1	74.911	1694	344	11	1	1690	1	1617	0.0	1816
NP_378667.1	XP_036156426.1	49.886	1762	737	24	6	1690	16	1708	0.0	900
NP_378667.1	XP_036156425.1	49.886	1762	737	24	6	1690	16	1708	0.0	900
NP_000084.3	XP_036185062.1	93.821	1845	94	5	1	1838	1	1832	0.0	2248
NP_000084.3	XP_036185064.1	93.225	1845	105	5	1	1838	1	1832	0.0	2233
NP_000084.3	XP_036200025.1	73.826	1853	415	15	5	1838	6	1807	0.0	1689
NP_000084.3	XP_036212184.1	66.282	1818	481	20	40	1838	32	1736	0.0	1451
NP_000084.3	XP_036212186.1	73.546	1444	337	9	399	1838	227	1629	0.0	1209
NP_000084.3	XP_036212186.1	51.142	219	99	2	40	258	32	242	1.26e-67	254
NP_000384.2	XP_036174915.1	95.186	1475	71	0	25	1499	26	1500	0.0	2003
NP_000384.2	XP_036156974.1	65.939	1465	484	9	40	1499	33	1487	0.0	1090
NP_000384.2	XP_036184054.1	56.161	1266	542	3	234	1498	112	1365	0.0	816
NP_000384.2	XP_036184054.1	40.495	1010	399	22	109	950	111	1086	2.17e-66	249
NP_000384.2	XP_036184054.1	40.276	1013	428	14	155	1029	111	1084	4.98e-62	235
NP_000384.2	XP_036184054.1	40.293	886	351	14	515	1228	65	944	3.31e-48	191
NP_000384.2	XP_036184054.1	39.189	666	245	12	683	1227	62	688	2.95e-33	142
NP_000384.2	XP_036196892.1	61.254	1244	463	6	265	1499	226	1459	0.0	793
NP_000384.2	XP_036204354.1	39.043	1337	623	27	221	1499	472	1674	9.20e-146	489
NP_000384.2	XP_036204354.1	41.794	981	440	16	145	1032	471	1413	7.41e-98	349
NP_000384.2	XP_036204354.1	39.619	944	395	15	112	900	493	1416	2.13e-90	326
NP_000384.2	XP_036204354.1	44.648	766	369	12	502	1227	471	1221	4.21e-80	294
NP_000384.2	XP_036204354.1	42.322	827	372	15	106	855	615	1413	4.13e-78	287
NP_000384.2	XP_036204354.1	43.086	687	311	15	586	1229	471	1120	6.87e-61	232
NP_056534.2	XP_036170325.1	86.907	1749	225	3	1	1745	1	1749	0.0	2106
NP_056534.2	XP_036170326.1	85.878	1749	225	4	1	1745	1	1731	0.0	2063
NP_056534.2	XP_036170328.1	86.638	1624	213	3	1	1620	1	1624	0.0	1857
NP_056534.2	XP_036200025.1	57.898	1798	680	17	14	1743	17	1805	0.0	1060
NP_056534.2	XP_036185062.1	57.398	1791	685	13	29	1743	42	1830	0.0	1024
NP_001839.2	XP_036206808.1	91.537	1028	86	1	1	1028	1	1027	0.0	1685
NP_001839.2	XP_036188540.1	30.424	825	445	28	209	972	1159	1915	5.10e-69	254
NP_001839.2	XP_036188540.1	27.731	357	194	15	606	948	235	541	7.42e-19	94.7
NP_001839.2	XP_036188540.1	23.058	412	245	21	598	984	411	775	1.72e-10	67.0
NP_001839.2	XP_036188540.1	23.174	397	237	18	599	976	597	944	1.06e-05	51.6
NP_001839.2	XP_036188540.1	25.185	135	82	5	614	733	2085	2215	2.39e-04	47.0
NP_001839.2	XP_036188540.1	23.656	186	128	6	829	1002	2086	2269	0.32	36.6
NP_001839.2	XP_036188541.1	30.424	825	445	28	209	972	1359	2115	6.33e-69	254
NP_001839.2	XP_036188541.1	27.731	357	194	15	606	948	435	741	6.46e-19	94.7
NP_001839.2	XP_036188541.1	23.058	412	245	21	598	984	611	975	1.53e-10	67.4
NP_001839.2	XP_036188541.1	23.174	397	237	18	599	976	797	1144	1.28e-05	51.2
NP_001839.2	XP_036188541.1	21.345	342	214	16	615	936	30	336	0.001	44.7
NP_001839.2	XP_036188539.1	30.424	825	445	28	209	972	1359	2115	7.03e-69	254
NP_001839.2	XP_036188539.1	27.731	357	194	15	606	948	435	741	1.06e-18	94.0
NP_001839.2	XP_036188539.1	23.058	412	245	21	598	984	611	975	2.37e-10	66.6
NP_001839.2	XP_036188539.1	23.174	397	237	18	599	976	797	1144	1.80e-05	50.8
NP_001839.2	XP_036188539.1	25.185	135	82	5	614	733	2285	2415	2.75e-04	47.0
NP_001839.2	XP_036188539.1	21.345	342	214	16	615	936	30	336	0.002	43.9
NP_001839.2	XP_036188539.1	23.656	186	128	6	829	1002	2286	2469	0.48	36.2
NP_001839.2	XP_036206158.1	37.618	529	265	12	33	510	42	556	3.73e-67	246
NP_001839.2	XP_036206158.1	25.616	203	129	8	605	800	36	223	1.54e-04	47.4
NP_001840.3	XP_036206158.1	90.481	1019	97	0	1	1019	1	1019	0.0	1653
NP_001840.3	XP_036206159.1	91.961	821	66	0	1	821	1	821	0.0	1298
NP_001840.3	XP_036206159.1	25.414	181	107	8	827	1000	607	766	7.18e-07	55.1
NP_001840.3	XP_036206808.1	35.373	964	516	22	42	950	33	944	1.64e-134	432
NP_001840.3	XP_036206808.1	22.381	210	140	6	29	223	598	799	0.081	38.5
NP_001840.3	XP_036188540.1	30.168	832	500	23	232	1018	1167	1962	1.15e-66	247
NP_001840.3	XP_036188540.1	24.819	415	248	20	600	1005	231	590	2.14e-18	93.2
NP_001840.3	XP_036188540.1	24.528	424	274	21	607	1019	29	417	1.43e-15	84.0
NP_001840.3	XP_036188540.1	23.788	433	240	20	598	1005	413	780	1.36e-12	73.9
NP_001840.3	XP_036188540.1	21.149	435	281	18	598	1019	598	983	4.43e-11	68.9
NP_001840.3	XP_036188540.1	26.484	219	122	9	576	778	2064	2259	8.84e-07	55.1
NP_001840.3	XP_036188540.1	31.818	66	38	2	825	886	2078	2140	0.11	38.1
NP_001840.3	XP_036188539.1	30.168	832	500	23	232	1018	1367	2162	1.75e-66	247
NP_001840.3	XP_036188539.1	24.819	415	248	20	600	1005	431	790	3.87e-18	92.4
NP_001840.3	XP_036188539.1	24.528	424	274	21	607	1019	229	617	2.28e-15	83.2
NP_001840.3	XP_036188539.1	23.788	433	240	20	598	1005	613	980	2.14e-12	73.6
NP_001840.3	XP_036188539.1	21.149	435	281	18	598	1019	798	1183	7.88e-11	68.2
NP_001840.3	XP_036188539.1	24.468	376	238	17	615	977	30	372	1.95e-10	67.0
NP_001840.3	XP_036188539.1	26.484	219	122	9	576	778	2264	2459	1.04e-06	54.7
NP_001840.3	XP_036188539.1	31.818	66	38	2	825	886	2278	2340	0.11	38.1
NP_478054.2	XP_036206159.1	91.830	918	75	0	1	918	1	918	0.0	1475
NP_478054.2	XP_036206158.1	91.961	821	66	0	1	821	1	821	0.0	1306
NP_478054.2	XP_036206158.1	22.018	218	151	6	592	806	818	1019	1.97e-06	53.5
NP_478054.2	XP_036206808.1	36.912	829	429	20	42	818	33	819	1.40e-114	376
NP_478054.2	XP_036206808.1	22.689	119	90	2	615	733	828	944	0.015	40.8
NP_478054.2	XP_036206808.1	22.381	210	140	6	29	223	598	799	0.045	39.3
NP_478054.2	XP_036188539.1	39.130	460	259	8	232	678	1367	1818	7.83e-64	237
NP_478054.2	XP_036188539.1	31.765	170	88	9	600	761	431	580	1.52e-09	63.9
NP_478054.2	XP_036188539.1	30.909	165	97	8	598	759	613	763	4.17e-08	59.3
NP_478054.2	XP_036188539.1	26.484	219	122	9	576	778	2264	2459	1.74e-06	53.9
NP_478054.2	XP_036188539.1	24.188	277	174	12	615	879	30	282	1.28e-04	47.8
NP_478054.2	XP_036188539.1	23.551	276	162	14	598	860	798	1037	5.12e-04	45.8
NP_478054.2	XP_036188539.1	22.222	171	105	7	604	748	1939	2107	0.87	35.0
NP_478054.2	XP_036188540.1	36.782	522	298	11	232	734	1167	1675	9.38e-64	237
NP_478054.2	XP_036188540.1	31.765	170	88	9	600	761	231	380	1.36e-09	63.9
NP_478054.2	XP_036188540.1	30.909	165	97	8	598	759	413	563	3.80e-08	59.3
NP_478054.2	XP_036188540.1	26.484	219	122	9	576	778	2064	2259	1.46e-06	53.9
NP_478054.2	XP_036188540.1	23.551	276	162	14	598	860	598	837	4.60e-04	45.8
NP_478054.2	XP_036188540.1	23.810	147	98	6	614	748	1763	1907	0.71	35.4
NP_478055.2	XP_036206158.1	91.971	822	66	0	1	822	1	822	0.0	1305
NP_478055.2	XP_036206158.1	22.018	218	151	6	592	806	818	1019	1.24e-06	53.9
NP_478055.2	XP_036206159.1	92.073	820	65	0	1	820	1	820	0.0	1296
NP_478055.2	XP_036206808.1	37.789	823	430	19	42	818	33	819	1.53e-117	382
NP_478055.2	XP_036206808.1	22.689	119	90	2	615	733	828	944	0.011	41.2
NP_478055.2	XP_036206808.1	22.381	210	140	6	29	223	598	799	0.042	39.3
NP_478055.2	XP_036188540.1	36.782	522	298	11	232	734	1167	1675	1.19e-62	231
NP_478055.2	XP_036188540.1	31.765	170	88	9	600	761	231	380	1.70e-09	63.5
NP_478055.2	XP_036188540.1	30.909	165	97	8	598	759	413	563	4.63e-08	58.9
NP_478055.2	XP_036188540.1	26.484	219	122	9	576	778	2064	2259	1.15e-06	54.3
NP_478055.2	XP_036188540.1	25.103	243	140	13	598	828	598	810	4.67e-04	45.8
NP_478055.2	XP_036188540.1	23.810	147	98	6	614	748	1763	1907	0.69	35.4
NP_478055.2	XP_036188541.1	38.494	478	268	9	232	691	1367	1836	2.37e-62	231
NP_478055.2	XP_036188541.1	31.765	170	88	9	600	761	431	580	1.55e-09	63.5
NP_478055.2	XP_036188541.1	30.909	165	97	8	598	759	613	763	4.88e-08	58.5
NP_478055.2	XP_036188541.1	25.103	243	140	13	598	828	798	1010	4.16e-04	45.8
NP_478055.2	XP_036188541.1	27.027	185	111	8	615	790	30	199	7.53e-04	45.1
NP_478055.2	XP_036188541.1	23.810	147	98	6	614	748	1963	2107	0.74	35.0
NP_004360.2	XP_036175505.1	82.075	3286	461	14	1	3177	1	3267	0.0	5317
NP_004360.2	XP_036175507.1	81.767	3044	428	12	243	3177	36	3061	0.0	4892
NP_004360.2	XP_036175507.1	36.657	1675	993	26	1	1647	1	1635	0.0	985
NP_004360.2	XP_036175507.1	33.039	1247	750	24	39	1242	432	1636	0.0	645
NP_004360.2	XP_036175508.1	81.327	2849	405	13	438	3177	30	2860	0.0	4547
NP_004360.2	XP_036175508.1	36.188	1448	852	20	1	1414	1	1410	0.0	868
NP_004360.2	XP_036175506.1	71.680	3072	708	22	234	3177	30	3067	0.0	4236
NP_004360.2	XP_036175506.1	54.349	1667	715	17	1	1647	1	1641	0.0	1664
NP_004360.2	XP_036175509.1	77.343	2657	463	16	633	3177	31	2660	0.0	4001
NP_004360.2	XP_036175509.1	43.212	1208	645	15	438	1625	30	1216	0.0	907
NP_004360.2	XP_036175509.1	36.250	1200	712	16	242	1414	37	1210	0.0	717
NP_004360.2	XP_036175509.1	33.152	1285	766	26	1	1242	1	1235	0.0	669
NP_476505.3	XP_036175508.1	83.156	1033	166	5	1	1031	1	1027	0.0	1689
NP_476505.3	XP_036175508.1	35.864	1001	598	15	35	1007	426	1410	3.49e-178	578
NP_476505.3	XP_036175508.1	33.135	842	500	17	36	835	615	1435	1.84e-127	430
NP_476505.3	XP_036175508.1	31.529	628	387	9	35	630	818	1434	1.06e-87	312
NP_476505.3	XP_036175508.1	33.570	423	261	4	31	438	1017	1434	1.01e-65	244
NP_476505.3	XP_036175508.1	23.782	349	210	14	421	720	1981	2322	3.82e-10	66.2
NP_476505.3	XP_036175508.1	27.638	199	107	9	232	402	2207	2396	0.014	41.2
NP_476505.3	XP_036175508.1	22.609	345	201	16	622	918	1990	2316	0.16	37.7
NP_476505.3	XP_036175507.1	83.151	1003	162	4	31	1031	231	1228	0.0	1639
NP_476505.3	XP_036175507.1	39.227	1035	576	15	1	1012	1	1005	0.0	680
NP_476505.3	XP_036175507.1	35.864	1001	598	15	35	1007	627	1611	2.45e-178	579
NP_476505.3	XP_036175507.1	33.135	842	500	17	36	835	816	1636	1.10e-127	431
NP_476505.3	XP_036175507.1	31.529	628	387	9	35	630	1019	1635	7.23e-88	312
NP_476505.3	XP_036175507.1	33.570	423	261	4	31	438	1218	1635	8.42e-66	245
NP_476505.3	XP_036175507.1	23.782	349	210	14	421	720	2182	2523	2.72e-10	66.6
NP_476505.3	XP_036175507.1	27.638	199	107	9	232	402	2408	2597	0.014	41.2
NP_476505.3	XP_036175507.1	22.609	345	201	16	622	918	2191	2517	0.13	38.1
NP_476505.3	XP_036175505.1	83.151	1003	162	4	31	1031	437	1434	0.0	1638
NP_476505.3	XP_036175505.1	39.172	1039	577	17	1	1006	1	1017	0.0	676
NP_476505.3	XP_036175505.1	35.864	1001	598	15	35	1007	833	1817	4.12e-178	578
NP_476505.3	XP_036175505.1	33.135	842	500	17	36	835	1022	1842	1.59e-127	431
NP_476505.3	XP_036175505.1	31.529	628	387	9	35	630	1225	1841	1.34e-87	311
NP_476505.3	XP_036175505.1	33.570	423	261	4	31	438	1424	1841	1.28e-65	244
NP_476505.3	XP_036175505.1	34.406	404	254	6	609	1009	31	426	3.26e-55	212
NP_476505.3	XP_036175505.1	23.782	349	210	14	421	720	2388	2729	3.41e-10	66.2
NP_476505.3	XP_036175505.1	27.638	199	107	9	232	402	2614	2803	0.018	40.8
NP_476505.3	XP_036175505.1	22.609	345	201	16	622	918	2397	2723	0.11	38.1
NP_476505.3	XP_036175506.1	64.851	1010	323	11	38	1031	241	1234	0.0	1214
NP_476505.3	XP_036175506.1	46.302	987	493	13	31	998	437	1405	0.0	805
NP_476505.3	XP_036175506.1	37.934	1036	594	13	1	1012	1	1011	0.0	673
NP_476505.3	XP_036175506.1	35.785	1006	602	15	30	1007	628	1617	1.32e-178	580
NP_476505.3	XP_036175506.1	33.135	842	500	17	36	835	822	1642	1.16e-127	431
NP_476505.3	XP_036175506.1	33.570	423	261	4	31	438	1224	1641	8.81e-66	245
NP_476505.3	XP_036175506.1	23.782	349	210	14	421	720	2188	2529	3.25e-10	66.2
NP_476505.3	XP_036175506.1	27.638	199	107	9	232	402	2414	2603	0.014	41.2
NP_476505.3	XP_036175506.1	22.609	345	201	16	622	918	2197	2523	0.15	37.7
NP_476505.3	XP_036175509.1	70.777	811	218	8	226	1031	31	827	0.0	1087
NP_476505.3	XP_036175509.1	47.394	1017	497	14	1	998	1	998	0.0	855
NP_476505.3	XP_036175509.1	35.785	1006	602	15	30	1007	221	1210	6.49e-179	579
NP_476505.3	XP_036175509.1	33.135	842	500	17	36	835	415	1235	1.64e-127	430
NP_476505.3	XP_036175509.1	33.570	423	261	4	31	438	817	1234	8.20e-66	245
NP_476505.3	XP_036175509.1	23.782	349	210	14	421	720	1781	2122	4.38e-10	65.9
NP_476505.3	XP_036175509.1	27.638	199	107	9	232	402	2007	2196	0.011	41.6
NP_476505.3	XP_036175509.1	22.609	345	201	16	622	918	1790	2116	0.23	37.4
NP_476506.3	XP_036175507.1	83.712	1234	193	5	1	1232	1	1228	0.0	2018
NP_476506.3	XP_036175507.1	36.680	1205	706	17	36	1208	432	1611	0.0	721
NP_476506.3	XP_036175507.1	32.425	1064	639	22	17	1036	609	1636	6.70e-155	517
NP_476506.3	XP_036175507.1	23.782	349	210	14	622	921	2182	2523	3.50e-10	66.6
NP_476506.3	XP_036175507.1	27.638	199	107	9	433	603	2408	2597	0.014	41.6
NP_476506.3	XP_036175507.1	22.609	345	201	16	823	1119	2191	2517	0.16	38.1
NP_476506.3	XP_036175505.1	84.219	1204	183	4	31	1232	236	1434	0.0	1990
NP_476506.3	XP_036175505.1	37.992	1245	706	19	1	1213	1	1211	0.0	792
NP_476506.3	XP_036175505.1	36.680	1205	706	17	36	1208	638	1817	0.0	721
NP_476506.3	XP_036175505.1	32.425	1064	639	22	17	1036	815	1842	8.04e-155	517
NP_476506.3	XP_036175505.1	23.782	349	210	14	622	921	2388	2729	3.52e-10	66.6
NP_476506.3	XP_036175505.1	27.638	199	107	9	433	603	2614	2803	0.016	41.2
NP_476506.3	XP_036175505.1	22.609	345	201	16	823	1119	2397	2723	0.12	38.5
NP_476506.3	XP_036175508.1	83.151	1003	162	4	232	1232	30	1027	0.0	1641
NP_476506.3	XP_036175508.1	39.020	1225	694	20	1	1199	1	1198	0.0	792
NP_476506.3	XP_036175508.1	36.680	1205	706	17	36	1208	231	1410	0.0	721
NP_476506.3	XP_036175508.1	32.425	1064	639	22	17	1036	408	1435	4.95e-155	518
NP_476506.3	XP_036175508.1	23.782	349	210	14	622	921	1981	2322	3.69e-10	66.6
NP_476506.3	XP_036175508.1	27.638	199	107	9	433	603	2207	2396	0.013	41.6
NP_476506.3	XP_036175508.1	22.609	345	201	16	823	1119	1990	2316	0.16	38.1
NP_476506.3	XP_036175506.1	59.348	1257	463	16	1	1232	1	1234	0.0	1362
NP_476506.3	XP_036175506.1	53.620	1188	514	13	31	1199	236	1405	0.0	1155
NP_476506.3	XP_036175506.1	36.470	1201	708	18	36	1208	444	1617	0.0	706
NP_476506.3	XP_036175506.1	32.694	1043	624	21	36	1036	636	1642	9.59e-155	517
NP_476506.3	XP_036175506.1	34.609	627	386	7	30	639	1022	1641	8.32e-97	343
NP_476506.3	XP_036175506.1	23.782	349	210	14	622	921	2188	2529	3.71e-10	66.6
NP_476506.3	XP_036175506.1	27.638	199	107	9	433	603	2414	2603	0.014	41.6
NP_476506.3	XP_036175506.1	22.609	345	201	16	823	1119	2197	2523	0.15	38.1
NP_476506.3	XP_036175509.1	70.777	811	218	8	427	1232	31	827	0.0	1087
NP_476506.3	XP_036175509.1	46.302	987	493	13	232	1199	30	998	0.0	804
NP_476506.3	XP_036175509.1	37.348	1237	719	19	1	1208	1	1210	0.0	753
NP_476506.3	XP_036175509.1	32.694	1043	624	21	36	1036	229	1235	1.43e-154	516
NP_476506.3	XP_036175509.1	23.782	349	210	14	622	921	1781	2122	5.63e-10	65.9
NP_476506.3	XP_036175509.1	27.638	199	107	9	433	603	2007	2196	0.012	41.6
NP_476506.3	XP_036175509.1	22.609	345	201	16	823	1119	1790	2116	0.31	37.0
NP_476507.3	XP_036175509.1	80.627	2679	391	13	1	2570	1	2660	0.0	4223
NP_476507.3	XP_036175506.1	80.596	2649	387	12	31	2570	437	3067	0.0	4177
NP_476507.3	XP_036175506.1	35.749	1242	716	18	1	1204	1	1198	0.0	748
NP_476507.3	XP_036175506.1	34.946	1385	816	23	38	1382	241	1580	0.0	746
NP_476507.3	XP_036175506.1	32.143	700	438	16	622	1311	34	706	4.32e-86	318
NP_476507.3	XP_036175505.1	77.297	2656	466	15	32	2570	632	3267	0.0	3995
NP_476507.3	XP_036175505.1	40.821	1389	740	23	31	1382	437	1780	0.0	935
NP_476507.3	XP_036175505.1	37.646	1198	676	17	38	1204	241	1398	0.0	758
NP_476507.3	XP_036175505.1	33.177	1278	773	21	1	1239	1	1236	0.0	685
NP_476507.3	XP_036175505.1	32.006	703	442	15	622	1313	34	711	3.96e-87	321
NP_476507.3	XP_036175505.1	22.021	386	249	13	1785	2156	628	975	1.61e-09	65.5
NP_476507.3	XP_036175505.1	22.449	98	71	2	1795	1892	444	536	1.8	35.8
NP_476507.3	XP_036175508.1	77.297	2656	466	15	32	2570	225	2860	0.0	3992
NP_476507.3	XP_036175508.1	41.720	1419	744	24	1	1382	1	1373	0.0	988
NP_476507.3	XP_036175508.1	22.021	386	249	13	1785	2156	221	568	9.11e-10	66.2
NP_476507.3	XP_036175508.1	22.449	98	71	2	1795	1892	37	129	1.4	36.2
NP_476507.3	XP_036175507.1	77.297	2656	466	15	32	2570	426	3061	0.0	3991
NP_476507.3	XP_036175507.1	40.821	1389	740	23	31	1382	231	1574	0.0	935
NP_476507.3	XP_036175507.1	38.543	1235	685	18	1	1204	1	1192	0.0	793
NP_476507.3	XP_036175507.1	31.568	491	308	10	830	1313	36	505	7.80e-58	224
NP_476507.3	XP_036175507.1	22.021	386	249	13	1785	2156	422	769	1.34e-09	65.9
NP_476507.3	XP_036175507.1	22.449	98	71	2	1795	1892	238	330	1.6	35.8
NP_476508.2	XP_036175507.1	81.623	3080	438	13	1	2971	1	3061	0.0	4924
NP_476508.2	XP_036175505.1	81.622	3058	435	12	23	2971	228	3267	0.0	4905
NP_476508.2	XP_036175505.1	35.726	1839	1067	33	1	1783	1	1780	0.0	1037
NP_476508.2	XP_036175508.1	81.257	2849	407	12	232	2971	30	2860	0.0	4543
NP_476508.2	XP_036175508.1	37.262	1468	860	23	1	1441	1	1434	0.0	897
NP_476508.2	XP_036175506.1	71.751	3101	712	23	1	2971	1	3067	0.0	4281
NP_476508.2	XP_036175509.1	77.343	2657	463	16	427	2971	31	2660	0.0	3996
NP_476508.2	XP_036175509.1	42.764	1230	659	16	232	1441	30	1234	0.0	907
NP_476508.2	XP_036175509.1	37.136	1236	723	17	1	1208	1	1210	0.0	765
XP_005246122.1	XP_036175506.1	81.497	3086	443	13	1	2977	1	3067	0.0	4944
XP_005246122.1	XP_036175507.1	71.802	3096	719	23	1	2977	1	3061	0.0	4254
XP_005246122.1	XP_036175505.1	71.722	3066	717	22	31	2977	233	3267	0.0	4225
XP_005246122.1	XP_036175505.1	51.862	1826	796	24	1	1789	1	1780	0.0	1690
XP_005246122.1	XP_036175509.1	80.596	2649	387	12	438	2977	30	2660	0.0	4177
XP_005246122.1	XP_036175509.1	36.908	1203	717	16	242	1425	37	1216	0.0	731
XP_005246122.1	XP_036175509.1	34.187	1249	748	20	1	1214	1	1210	0.0	696
XP_005246122.1	XP_036175508.1	74.728	2853	575	19	242	2977	37	2860	0.0	4120
XP_005246122.1	XP_036175508.1	40.821	1389	740	23	438	1789	30	1373	0.0	935
XP_005246122.1	XP_036175508.1	36.456	1473	871	22	1	1447	1	1434	0.0	884
NP_001265227.1	XP_036188539.1	75.402	2614	635	4	1	2612	1	2608	0.0	4047
NP_001265227.1	XP_036188540.1	74.647	2410	602	5	205	2612	6	2408	0.0	3676
NP_001265227.1	XP_036188540.1	27.925	1017	684	20	1	999	1	986	1.24e-108	391
NP_001265227.1	XP_036188540.1	24.361	743	483	22	29	744	427	1117	4.89e-46	186
NP_001265227.1	XP_036188540.1	23.729	177	113	4	24	182	1758	1930	7.90e-07	56.6
NP_001265227.1	XP_036188540.1	28.148	135	77	3	28	146	2084	2214	2.14e-04	48.5
NP_001265227.1	XP_036188541.1	75.188	2265	555	3	1	2264	1	2259	0.0	3503
NP_001265227.1	XP_036188541.1	54.348	230	101	4	2289	2517	1962	2188	4.95e-65	248
NP_001265227.1	XP_036188541.1	32.692	104	54	3	2291	2394	442	529	8.74e-06	53.1
NP_001265227.1	XP_036188541.1	29.630	135	74	4	2289	2418	28	146	1.06e-04	49.7
NP_001265227.1	XP_036188538.1	53.257	2195	996	18	1	2177	1	2183	0.0	2249
NP_001265227.1	XP_036188538.1	62.832	226	83	1	2290	2514	1965	2190	3.14e-87	321
NP_001265227.1	XP_036188538.1	28.846	156	82	5	2289	2431	26	165	7.63e-05	50.1
NP_001265227.1	XP_036188538.1	22.624	221	151	5	2291	2509	230	432	3.82e-04	47.8
NP_001265227.1	XP_036188538.1	27.049	122	71	3	2273	2394	421	524	0.001	46.2
NP_001265227.1	XP_036188538.1	24.818	137	74	5	2290	2418	1000	1115	0.066	40.4
NP_001265227.1	XP_036188538.1	24.862	181	110	8	2284	2461	616	773	0.18	38.9
NP_001265227.1	XP_036188538.1	21.019	157	91	5	2268	2418	1747	1876	2.8	35.0
NP_001265227.1	XP_036188542.1	32.975	2323	1379	53	30	2257	34	2273	0.0	1066
NP_001265227.1	XP_036188542.1	36.012	1008	584	23	27	999	430	1411	5.49e-161	557
NP_001265227.1	XP_036188542.1	31.021	1009	631	21	29	1001	237	1216	1.12e-122	436
NP_001265227.1	XP_036188542.1	28.315	1169	735	32	227	1326	25	1159	3.40e-115	412
NP_001265227.1	XP_036188542.1	25.031	795	536	19	24	798	639	1393	1.83e-58	226
NP_001265227.1	XP_036188542.1	32.479	234	148	3	2298	2526	1990	2218	3.19e-33	143
NP_001265227.1	XP_036188542.1	26.630	184	109	7	2276	2458	841	999	1.08e-05	53.1
NP_001265227.1	XP_036188542.1	22.951	183	116	5	2288	2466	235	396	0.010	43.1
NP_001265227.1	XP_036188542.1	23.125	160	94	7	2291	2446	1035	1169	0.099	40.0
NP_001265227.1	XP_036188542.1	23.626	182	118	6	2291	2469	645	808	0.15	39.3
NP_001265227.1	XP_036188542.1	23.577	246	140	11	2232	2466	384	592	2.6	35.0
NP_694996.5	XP_036188539.1	76.049	2526	597	4	1	2524	1	2520	0.0	3952
NP_694996.5	XP_036188540.1	75.323	2322	564	5	205	2524	6	2320	0.0	3584
NP_694996.5	XP_036188540.1	27.925	1017	684	20	1	999	1	986	7.71e-109	391
NP_694996.5	XP_036188540.1	24.361	743	483	22	29	744	427	1117	4.13e-46	186
NP_694996.5	XP_036188540.1	23.729	177	113	4	24	182	1758	1930	7.12e-07	57.0
NP_694996.5	XP_036188540.1	28.148	135	77	3	28	146	2084	2214	2.11e-04	48.5
NP_694996.5	XP_036188541.1	75.188	2265	555	3	1	2264	1	2259	0.0	3497
NP_694996.5	XP_036188541.1	54.348	230	101	4	2289	2517	1962	2188	5.79e-65	248
NP_694996.5	XP_036188541.1	32.692	104	54	3	2291	2394	442	529	9.80e-06	53.1
NP_694996.5	XP_036188541.1	29.630	135	74	4	2289	2418	28	146	1.02e-04	49.7
NP_694996.5	XP_036188538.1	53.257	2195	996	18	1	2177	1	2183	0.0	2247
NP_694996.5	XP_036188538.1	62.832	226	83	1	2290	2514	1965	2190	3.89e-87	320
NP_694996.5	XP_036188538.1	28.846	156	82	5	2289	2431	26	165	7.86e-05	50.1
NP_694996.5	XP_036188538.1	22.624	221	151	5	2291	2509	230	432	3.12e-04	48.1
NP_694996.5	XP_036188538.1	27.049	122	71	3	2273	2394	421	524	0.001	46.2
NP_694996.5	XP_036188538.1	26.923	104	60	3	2290	2393	1000	1087	0.067	40.4
NP_694996.5	XP_036188538.1	24.862	181	110	8	2284	2461	616	773	0.18	38.9
NP_694996.5	XP_036188538.1	21.019	157	91	5	2268	2418	1747	1876	2.6	35.0
NP_694996.5	XP_036188542.1	32.975	2323	1379	53	30	2257	34	2273	0.0	1068
NP_694996.5	XP_036188542.1	36.012	1008	584	23	27	999	430	1411	2.37e-161	558
NP_694996.5	XP_036188542.1	31.021	1009	631	21	29	1001	237	1216	4.28e-123	437
NP_694996.5	XP_036188542.1	28.315	1169	735	32	227	1326	25	1159	1.21e-115	413
NP_694996.5	XP_036188542.1	25.377	796	532	20	24	798	639	1393	8.04e-59	228
NP_694996.5	XP_036188542.1	33.488	215	138	2	2298	2507	1990	2204	3.29e-33	143
NP_694996.5	XP_036188542.1	26.630	184	109	7	2276	2458	841	999	1.03e-05	53.1
NP_694996.5	XP_036188542.1	22.951	183	116	5	2288	2466	235	396	0.007	43.5
NP_694996.5	XP_036188542.1	23.125	160	94	7	2291	2446	1035	1169	0.077	40.0
NP_694996.5	XP_036188542.1	23.626	182	118	6	2291	2469	645	808	0.13	39.7
NP_694996.5	XP_036188542.1	23.577	246	140	11	2232	2466	384	592	2.1	35.4
NP_001096078.1	XP_036188538.1	85.531	2260	326	1	2	2260	3	2262	0.0	3949
NP_001096078.1	XP_036188541.1	53.300	2197	997	16	3	2187	4	2183	0.0	2298
NP_001096078.1	XP_036188539.1	53.300	2197	997	16	3	2187	4	2183	0.0	2296
NP_001096078.1	XP_036188539.1	62.338	231	87	0	1961	2191	2282	2512	9.11e-87	319
NP_001096078.1	XP_036188539.1	29.630	135	75	3	25	143	2284	2414	4.27e-06	53.9
NP_001096078.1	XP_036188539.1	28.030	132	75	5	426	537	2274	2405	0.001	46.2
NP_001096078.1	XP_036188539.1	23.204	181	119	6	229	390	2286	2465	0.004	44.3
NP_001096078.1	XP_036188539.1	24.731	186	109	9	613	772	2277	2457	0.014	42.4
NP_001096078.1	XP_036188539.1	24.667	150	91	6	808	939	2285	2430	1.2	36.2
NP_001096078.1	XP_036188540.1	51.215	1976	941	14	218	2187	25	1983	0.0	1977
NP_001096078.1	XP_036188540.1	28.058	1169	762	29	3	1131	4	1133	1.49e-119	425
NP_001096078.1	XP_036188540.1	62.338	231	87	0	1961	2191	2082	2312	8.99e-87	319
NP_001096078.1	XP_036188540.1	27.228	202	132	5	989	1177	24	223	4.48e-11	70.5
NP_001096078.1	XP_036188540.1	25.000	180	113	5	25	186	1762	1937	1.62e-07	58.9
NP_001096078.1	XP_036188540.1	29.630	135	75	3	25	143	2084	2214	3.97e-06	54.3
NP_001096078.1	XP_036188540.1	28.030	132	75	5	426	537	2074	2205	0.001	46.2
NP_001096078.1	XP_036188540.1	23.204	181	119	6	229	390	2086	2265	0.004	44.3
NP_001096078.1	XP_036188540.1	24.731	186	109	9	613	772	2077	2257	0.014	42.4
NP_001096078.1	XP_036188540.1	24.667	150	91	6	808	939	2085	2230	1.1	36.2
NP_001096078.1	XP_036188542.1	36.047	2236	1311	34	10	2182	25	2204	0.0	1272
NP_001096078.1	XP_036188542.1	32.080	452	274	12	795	1221	20	463	7.04e-50	198
XP_005247178.1	XP_036188538.1	85.531	2260	326	1	2	2260	3	2262	0.0	3949
XP_005247178.1	XP_036188541.1	53.300	2197	997	16	3	2187	4	2183	0.0	2298
XP_005247178.1	XP_036188539.1	53.300	2197	997	16	3	2187	4	2183	0.0	2296
XP_005247178.1	XP_036188539.1	62.338	231	87	0	1961	2191	2282	2512	9.11e-87	319
XP_005247178.1	XP_036188539.1	29.630	135	75	3	25	143	2284	2414	4.27e-06	53.9
XP_005247178.1	XP_036188539.1	28.030	132	75	5	426	537	2274	2405	0.001	46.2
XP_005247178.1	XP_036188539.1	23.204	181	119	6	229	390	2286	2465	0.004	44.3
XP_005247178.1	XP_036188539.1	24.731	186	109	9	613	772	2277	2457	0.014	42.4
XP_005247178.1	XP_036188539.1	24.667	150	91	6	808	939	2285	2430	1.2	36.2
XP_005247178.1	XP_036188540.1	51.215	1976	941	14	218	2187	25	1983	0.0	1977
XP_005247178.1	XP_036188540.1	28.058	1169	762	29	3	1131	4	1133	1.49e-119	425
XP_005247178.1	XP_036188540.1	62.338	231	87	0	1961	2191	2082	2312	8.99e-87	319
XP_005247178.1	XP_036188540.1	27.228	202	132	5	989	1177	24	223	4.48e-11	70.5
XP_005247178.1	XP_036188540.1	25.000	180	113	5	25	186	1762	1937	1.62e-07	58.9
XP_005247178.1	XP_036188540.1	29.630	135	75	3	25	143	2084	2214	3.97e-06	54.3
XP_005247178.1	XP_036188540.1	28.030	132	75	5	426	537	2074	2205	0.001	46.2
XP_005247178.1	XP_036188540.1	23.204	181	119	6	229	390	2086	2265	0.004	44.3
XP_005247178.1	XP_036188540.1	24.731	186	109	9	613	772	2077	2257	0.014	42.4
XP_005247178.1	XP_036188540.1	24.667	150	91	6	808	939	2085	2230	1.1	36.2
XP_005247178.1	XP_036188542.1	36.047	2236	1311	34	10	2182	25	2204	0.0	1272
XP_005247178.1	XP_036188542.1	32.080	452	274	12	795	1221	20	463	7.04e-50	198
NP_000085.1	XP_036189534.1	82.711	2944	481	14	1	2943	1	2917	0.0	3763
NP_000085.1	XP_036189535.1	81.963	2944	482	15	1	2943	1	2896	0.0	3739
NP_000085.1	XP_036204354.1	42.337	1044	464	23	1563	2567	473	1417	1.10e-103	372
NP_000085.1	XP_036204354.1	42.927	1018	437	28	1265	2212	475	1418	1.48e-103	372
NP_000085.1	XP_036204354.1	38.609	1150	497	28	1874	2887	472	1548	9.53e-101	363
NP_000085.1	XP_036204354.1	41.884	998	458	20	1524	2449	466	1413	2.99e-97	352
NP_000085.1	XP_036204354.1	40.426	1034	421	23	1338	2272	470	1407	6.68e-97	350
NP_000085.1	XP_036204354.1	40.347	1036	415	25	1724	2647	472	1416	4.85e-94	341
NP_000085.1	XP_036204354.1	40.669	986	392	25	1253	2142	529	1417	3.07e-87	320
NP_000085.1	XP_036204354.1	42.170	894	392	22	1252	2091	591	1413	4.94e-80	296
NP_000085.1	XP_036204354.1	40.053	759	320	17	1252	1919	702	1416	2.62e-66	252
NP_000085.1	XP_036204354.1	44.237	590	245	18	1254	1802	872	1418	6.08e-61	234
NP_000085.1	XP_036204354.1	37.572	519	193	13	1254	1647	920	1432	1.74e-36	154
NP_000085.1	XP_036204354.1	42.395	309	116	10	1252	1535	1146	1417	2.94e-25	117
NP_000085.1	XP_036204354.1	46.000	250	119	4	2539	2781	470	710	6.12e-23	109
NP_000085.1	XP_036161322.1	36.635	1575	655	53	1588	2905	46	1534	2.42e-86	317
NP_000085.1	XP_036161322.1	39.458	1475	640	39	1295	2599	46	1437	5.53e-81	300
NP_000085.1	XP_036161322.1	37.661	1479	588	45	1456	2657	47	1468	2.95e-75	281
NP_000085.1	XP_036161322.1	37.790	1466	593	39	1247	2437	40	1461	5.58e-73	273
NP_000085.1	XP_036161322.1	37.931	1305	510	41	1252	2352	254	1462	4.20e-72	271
NP_000085.1	XP_036161322.1	37.554	1153	469	31	1254	2212	368	1463	8.07e-60	231
NP_000085.1	XP_036161322.1	37.709	716	267	20	1249	1831	793	1462	3.03e-42	173
NP_000085.1	XP_036161324.1	38.824	1463	563	45	1551	2739	53	1457	4.50e-85	313
NP_000085.1	XP_036161324.1	38.727	1508	623	41	1295	2599	46	1455	4.41e-80	296
NP_000085.1	XP_036161324.1	33.249	1585	602	52	1710	2905	35	1552	6.86e-77	286
NP_000085.1	XP_036161324.1	37.299	1496	588	45	1456	2657	47	1486	2.03e-76	285
NP_000085.1	XP_036161324.1	36.167	1529	578	47	1247	2490	40	1455	6.69e-76	283
NP_000085.1	XP_036161324.1	36.133	1298	521	35	1252	2303	254	1489	9.35e-67	253
NP_000085.1	XP_036161324.1	37.470	1249	496	32	1248	2282	279	1456	1.10e-64	246
NP_000085.1	XP_036161324.1	37.710	952	371	26	1265	2077	630	1498	3.58e-57	222
NP_000085.1	XP_036161324.1	36.180	1089	441	34	1855	2785	20	1012	3.87e-53	209
NP_001841.2	XP_036206523.1	92.339	744	55	1	1	744	1	742	0.0	710
NP_001841.2	XP_036206522.1	92.215	745	55	2	1	744	1	743	0.0	705
NP_001841.2	XP_036206521.1	92.215	745	55	2	1	744	1	743	0.0	705
NP_001841.2	XP_036172394.1	54.374	583	254	3	162	744	110	680	7.10e-77	262
NP_001841.2	XP_036172394.1	43.155	336	125	10	118	402	159	479	7.53e-06	50.8
NP_001841.2	XP_036172394.1	31.579	418	116	10	283	532	65	480	1.1	34.3
NP_001841.2	XP_036172393.1	54.374	583	254	3	162	744	110	680	7.10e-77	262
NP_001841.2	XP_036172393.1	43.155	336	125	10	118	402	159	479	7.53e-06	50.8
NP_001841.2	XP_036172393.1	31.579	418	116	10	283	532	65	480	1.1	34.3
NP_065084.2	XP_036206523.1	92.339	744	55	1	1	744	1	742	0.0	710
NP_065084.2	XP_036206522.1	92.215	745	55	2	1	744	1	743	0.0	705
NP_065084.2	XP_036206521.1	92.215	745	55	2	1	744	1	743	0.0	705
NP_065084.2	XP_036172394.1	54.374	583	254	3	162	744	110	680	7.10e-77	262
NP_065084.2	XP_036172394.1	43.155	336	125	10	118	402	159	479	7.53e-06	50.8
NP_065084.2	XP_036172394.1	31.579	418	116	10	283	532	65	480	1.1	34.3
NP_065084.2	XP_036172393.1	54.374	583	254	3	162	744	110	680	7.10e-77	262
NP_065084.2	XP_036172393.1	43.155	336	125	10	118	402	159	479	7.53e-06	50.8
NP_065084.2	XP_036172393.1	31.579	418	116	10	283	532	65	480	1.1	34.3
NP_005193.1	XP_036208615.1	95.626	663	29	0	41	703	41	703	0.0	723
NP_005193.1	XP_036206523.1	56.696	448	172	3	270	703	303	742	5.98e-76	260
NP_005193.1	XP_036206522.1	56.696	448	172	3	270	703	304	743	6.75e-76	260
NP_005193.1	XP_036206521.1	56.696	448	172	3	270	703	304	743	6.75e-76	260
NP_005193.1	XP_036172394.1	53.990	589	239	6	128	703	111	680	4.88e-71	245
XP_005270535.1	XP_036208615.1	95.626	663	29	0	41	703	41	703	0.0	723
XP_005270535.1	XP_036206523.1	56.696	448	172	3	270	703	303	742	5.98e-76	260
XP_005270535.1	XP_036206522.1	56.696	448	172	3	270	703	304	743	6.75e-76	260
XP_005270535.1	XP_036206521.1	56.696	448	172	3	270	703	304	743	6.75e-76	260
XP_005270535.1	XP_036172394.1	53.990	589	239	6	128	703	111	680	4.88e-71	245
XP_005270536.1	XP_036208615.1	95.925	638	26	0	1	638	66	703	0.0	679
XP_005270536.1	XP_036206523.1	56.696	448	172	3	205	638	303	742	2.48e-76	259
XP_005270536.1	XP_036206523.1	57.143	70	21	2	33	98	436	500	2.15e-04	46.2
XP_005270536.1	XP_036206522.1	56.696	448	172	3	205	638	304	743	3.03e-76	259
XP_005270536.1	XP_036206522.1	57.143	70	21	2	33	98	437	501	2.17e-04	46.2
XP_005270536.1	XP_036206521.1	56.696	448	172	3	205	638	304	743	3.03e-76	259
XP_005270536.1	XP_036206521.1	57.143	70	21	2	33	98	437	501	2.17e-04	46.2
XP_005270536.1	XP_036172394.1	53.990	589	239	6	63	638	111	680	6.74e-72	246
XP_005270536.1	XP_036172394.1	40.863	394	138	11	17	339	114	483	2.58e-08	58.5
NP_001842.3	XP_036173182.1	91.413	920	78	1	1	919	1	920	0.0	1207
NP_001842.3	XP_036208257.1	54.910	499	225	0	408	906	170	668	4.12e-96	318
NP_001842.3	XP_036208257.1	43.702	389	157	8	270	646	178	516	8.07e-35	143
NP_001842.3	XP_036208257.1	42.903	310	116	9	264	560	256	517	4.91e-26	116
NP_001842.3	XP_036208257.1	40.793	353	169	4	563	915	178	490	5.16e-24	109
NP_001842.3	XP_036208257.1	40.361	332	154	7	267	572	349	662	4.21e-17	87.8
NP_001842.3	XP_036208257.1	39.709	413	161	11	561	899	64	462	1.13e-14	80.1
NP_001842.3	XP_036174167.1	34.656	1033	494	30	5	896	7	999	3.87e-73	263
NP_001842.3	XP_036174167.1	37.372	685	278	14	294	864	461	1108	3.77e-26	117
NP_001842.3	XP_036174167.1	34.091	528	220	10	465	900	276	767	6.79e-21	100
NP_001842.3	XP_036174167.1	36.454	705	283	16	267	864	356	1002	3.41e-20	98.2
NP_001842.3	XP_036174167.1	46.763	139	51	3	268	394	881	1008	5.29e-11	68.6
NP_001842.3	XP_036174167.1	49.451	91	34	1	267	345	919	1009	2.26e-06	53.1
NP_001842.3	XP_036174167.1	38.298	282	139	7	344	617	873	1127	0.038	39.7
NP_001842.3	XP_036174167.1	40.072	277	112	6	255	495	752	1010	0.048	39.3
NP_001842.3	XP_036174072.1	33.600	750	352	18	16	679	193	882	5.21e-72	258
NP_001842.3	XP_036174072.1	40.984	549	259	12	407	920	438	956	3.69e-59	220
NP_001842.3	XP_036204354.1	41.277	705	322	11	267	893	618	1308	5.81e-69	252
NP_001842.3	XP_036204354.1	39.918	734	311	16	268	901	673	1376	4.30e-67	246
NP_001842.3	XP_036204354.1	43.740	599	252	12	268	848	874	1405	6.32e-66	243
NP_001842.3	XP_036204354.1	39.229	752	303	18	267	894	687	1408	1.76e-65	242
NP_001842.3	XP_036204354.1	33.300	1003	498	18	6	903	114	1050	1.27e-63	236
NP_001842.3	XP_036204354.1	44.842	475	218	10	268	710	955	1417	7.23e-53	202
NP_001842.3	XP_036204354.1	43.267	453	212	10	259	692	991	1417	5.47e-40	162
NP_001842.3	XP_036204354.1	39.332	389	162	9	258	626	1083	1417	1.87e-28	125
NP_001842.3	XP_036204354.1	19.070	215	129	9	79	271	39	230	4.74e-06	52.4
NP_511040.2	XP_036173182.1	92.722	632	46	0	45	676	289	920	0.0	714
NP_511040.2	XP_036173182.1	37.705	488	197	14	27	431	417	880	1.06e-18	92.4
NP_511040.2	XP_036173182.1	34.761	397	157	10	24	332	507	889	0.015	40.0
NP_511040.2	XP_036208257.1	54.800	500	226	0	165	664	170	669	5.43e-98	317
NP_511040.2	XP_036208257.1	36.900	542	194	13	19	469	171	655	1.02e-29	126
NP_511040.2	XP_036208257.1	36.344	454	190	8	15	410	250	662	6.35e-26	114
NP_511040.2	XP_036204354.1	41.573	712	313	16	26	658	689	1376	6.55e-61	223
NP_511040.2	XP_036204354.1	42.975	605	248	13	25	605	874	1405	7.39e-60	219
NP_511040.2	XP_036204354.1	42.857	679	293	13	24	657	618	1246	2.76e-55	206
NP_511040.2	XP_036204354.1	37.862	795	315	19	24	656	543	1320	7.84e-55	204
NP_511040.2	XP_036204354.1	41.857	657	294	12	39	657	462	1068	9.87e-52	195
NP_511040.2	XP_036204354.1	45.053	475	217	11	25	467	955	1417	8.60e-48	183
NP_511040.2	XP_036204354.1	37.028	424	150	13	294	638	454	839	1.39e-22	105
NP_511040.2	XP_036204354.1	41.071	224	94	5	24	244	1228	1416	1.14e-14	79.7
NP_511040.2	XP_036161324.1	41.159	673	325	13	25	656	515	1157	6.92e-54	202
NP_511040.2	XP_036161324.1	38.223	743	308	21	26	648	745	1456	1.87e-48	185
NP_511040.2	XP_036161324.1	40.000	680	273	18	25	656	630	1222	6.43e-48	184
NP_511040.2	XP_036161324.1	34.166	881	331	21	24	656	260	1139	1.63e-45	176
NP_511040.2	XP_036161324.1	38.995	736	302	21	26	657	640	1332	2.74e-45	176
NP_511040.2	XP_036161324.1	36.431	807	305	25	19	656	40	807	4.39e-36	147
NP_511040.2	XP_036161324.1	35.272	791	326	20	25	658	186	947	5.74e-32	135
NP_511040.2	XP_036161324.1	35.216	602	231	12	15	464	892	1486	3.79e-27	119
NP_511040.2	XP_036161324.1	35.679	611	288	14	107	650	39	611	9.90e-22	102
NP_511040.2	XP_036161324.1	39.056	466	205	12	243	658	46	482	7.25e-16	83.6
NP_511040.2	XP_036161324.1	34.951	412	149	12	314	657	45	405	1.24e-12	73.2
NP_511040.2	XP_036161324.1	38.790	281	144	5	415	672	47	322	4.98e-05	48.5
NP_511040.2	XP_036161324.1	35.745	235	107	6	38	240	1274	1496	0.037	38.9
NP_511040.2	XP_036156426.1	40.028	712	296	12	41	670	701	1363	9.91e-54	201
NP_511040.2	XP_036156426.1	39.369	729	315	18	29	657	448	1149	8.36e-47	180
NP_511040.2	XP_036156426.1	39.329	656	286	15	16	573	849	1490	3.14e-45	176
NP_511040.2	XP_036156426.1	36.536	687	308	18	44	653	311	946	1.11e-26	118
NP_511040.2	XP_036156426.1	32.238	822	323	24	19	657	51	821	9.32e-20	96.3
NP_511040.2	XP_036156426.1	39.000	200	91	5	26	199	1337	1531	1.11e-07	57.0
NP_511040.2	XP_036156426.1	33.333	600	248	20	172	653	47	612	2.52e-04	46.2
NP_511040.2	XP_036156426.1	34.951	515	245	12	228	669	60	557	2.52e-04	46.2
NP_001843.1	XP_036208257.1	92.722	687	50	0	3	689	2	688	0.0	796
NP_001843.1	XP_036173182.1	54.896	623	276	1	47	669	290	907	1.86e-67	239
NP_001843.1	XP_036173182.1	42.437	476	241	7	30	496	431	882	1.66e-18	91.7
NP_001843.1	XP_036173182.1	37.668	446	180	11	26	416	481	883	1.70e-10	65.9
NP_001843.1	XP_036173182.1	59.375	32	13	0	38	69	317	348	3.1	32.7
NP_001843.1	XP_036204354.1	40.268	745	286	14	27	662	590	1284	6.28e-62	226
NP_001843.1	XP_036204354.1	39.141	792	282	21	27	663	614	1360	9.36e-61	223
NP_001843.1	XP_036204354.1	40.704	710	309	15	25	656	672	1347	3.23e-59	218
NP_001843.1	XP_036204354.1	39.474	760	316	18	18	662	440	1170	8.01e-54	202
NP_001843.1	XP_036204354.1	40.939	618	247	14	30	597	872	1421	1.77e-49	189
NP_001843.1	XP_036204354.1	43.984	507	222	13	27	487	926	1416	3.71e-49	187
NP_001843.1	XP_036204354.1	45.055	273	117	6	25	278	1159	1417	7.92e-27	119
NP_001843.1	XP_036156426.1	40.741	675	310	18	23	649	783	1415	9.94e-50	189
NP_001843.1	XP_036156426.1	39.000	800	307	20	25	662	699	1479	1.59e-48	186
NP_001843.1	XP_036156426.1	41.049	648	293	17	25	628	878	1480	2.92e-48	185
NP_001843.1	XP_036156426.1	36.626	658	287	19	26	556	864	1518	7.88e-41	162
NP_001843.1	XP_036156426.1	35.669	785	347	19	25	672	512	1275	9.10e-40	159
NP_001843.1	XP_036156426.1	38.621	725	343	15	21	663	445	1149	3.23e-38	154
NP_001843.1	XP_036156426.1	36.724	580	222	13	25	459	902	1481	2.49e-29	126
NP_001843.1	XP_036156426.1	32.339	872	333	25	26	663	60	908	5.70e-16	84.0
NP_001843.1	XP_036156426.1	32.929	495	204	13	278	662	56	532	5.18e-08	58.2
NP_001843.1	XP_036156425.1	40.741	675	310	18	23	649	783	1415	9.94e-50	189
NP_001843.1	XP_036156425.1	39.000	800	307	20	25	662	699	1479	1.59e-48	186
NP_001843.1	XP_036156425.1	41.049	648	293	17	25	628	878	1480	2.92e-48	185
NP_001843.1	XP_036156425.1	36.626	658	287	19	26	556	864	1518	7.88e-41	162
NP_001843.1	XP_036156425.1	35.669	785	347	19	25	672	512	1275	9.10e-40	159
NP_001843.1	XP_036156425.1	38.621	725	343	15	21	663	445	1149	3.23e-38	154
NP_001843.1	XP_036156425.1	36.724	580	222	13	25	459	902	1481	2.49e-29	126
NP_001843.1	XP_036156425.1	32.339	872	333	25	26	663	60	908	5.70e-16	84.0
NP_001843.1	XP_036156425.1	32.929	495	204	13	278	662	56	532	5.18e-08	58.2
XP_006710428.1	XP_036208257.1	92.722	687	50	0	3	689	2	688	0.0	796
XP_006710428.1	XP_036173182.1	54.896	623	276	1	47	669	290	907	1.86e-67	239
XP_006710428.1	XP_036173182.1	42.437	476	241	7	30	496	431	882	1.66e-18	91.7
XP_006710428.1	XP_036173182.1	37.668	446	180	11	26	416	481	883	1.70e-10	65.9
XP_006710428.1	XP_036173182.1	59.375	32	13	0	38	69	317	348	3.1	32.7
XP_006710428.1	XP_036204354.1	40.268	745	286	14	27	662	590	1284	6.28e-62	226
XP_006710428.1	XP_036204354.1	39.141	792	282	21	27	663	614	1360	9.36e-61	223
XP_006710428.1	XP_036204354.1	40.704	710	309	15	25	656	672	1347	3.23e-59	218
XP_006710428.1	XP_036204354.1	39.474	760	316	18	18	662	440	1170	8.01e-54	202
XP_006710428.1	XP_036204354.1	40.939	618	247	14	30	597	872	1421	1.77e-49	189
XP_006710428.1	XP_036204354.1	43.984	507	222	13	27	487	926	1416	3.71e-49	187
XP_006710428.1	XP_036204354.1	45.055	273	117	6	25	278	1159	1417	7.92e-27	119
XP_006710428.1	XP_036156426.1	40.741	675	310	18	23	649	783	1415	9.94e-50	189
XP_006710428.1	XP_036156426.1	39.000	800	307	20	25	662	699	1479	1.59e-48	186
XP_006710428.1	XP_036156426.1	41.049	648	293	17	25	628	878	1480	2.92e-48	185
XP_006710428.1	XP_036156426.1	36.626	658	287	19	26	556	864	1518	7.88e-41	162
XP_006710428.1	XP_036156426.1	35.669	785	347	19	25	672	512	1275	9.10e-40	159
XP_006710428.1	XP_036156426.1	38.621	725	343	15	21	663	445	1149	3.23e-38	154
XP_006710428.1	XP_036156426.1	36.724	580	222	13	25	459	902	1481	2.49e-29	126
XP_006710428.1	XP_036156426.1	32.339	872	333	25	26	663	60	908	5.70e-16	84.0
XP_006710428.1	XP_036156426.1	32.929	495	204	13	278	662	56	532	5.18e-08	58.2
XP_006710428.1	XP_036156425.1	40.741	675	310	18	23	649	783	1415	9.94e-50	189
XP_006710428.1	XP_036156425.1	39.000	800	307	20	25	662	699	1479	1.59e-48	186
XP_006710428.1	XP_036156425.1	41.049	648	293	17	25	628	878	1480	2.92e-48	185
XP_006710428.1	XP_036156425.1	36.626	658	287	19	26	556	864	1518	7.88e-41	162
XP_006710428.1	XP_036156425.1	35.669	785	347	19	25	672	512	1275	9.10e-40	159
XP_006710428.1	XP_036156425.1	38.621	725	343	15	21	663	445	1149	3.23e-38	154
XP_006710428.1	XP_036156425.1	36.724	580	222	13	25	459	902	1481	2.49e-29	126
XP_006710428.1	XP_036156425.1	32.339	872	333	25	26	663	60	908	5.70e-16	84.0
XP_006710428.1	XP_036156425.1	32.929	495	204	13	278	662	56	532	5.18e-08	58.2
NP_001844.3	XP_036179440.1	91.094	640	57	0	45	684	41	680	0.0	605
NP_001844.3	XP_036208257.1	49.418	601	288	5	80	670	77	671	8.81e-73	250
NP_001844.3	XP_036208257.1	36.966	468	193	10	248	671	178	587	1.49e-19	94.7
NP_001844.3	XP_036208257.1	36.935	398	186	8	31	384	302	678	7.05e-15	79.7
NP_001844.3	XP_036204354.1	39.919	739	281	16	32	660	680	1365	6.98e-59	217
NP_001844.3	XP_036204354.1	40.503	716	286	16	37	651	478	1154	1.13e-58	216
NP_001844.3	XP_036204354.1	40.000	725	304	17	27	660	609	1293	1.04e-54	204
NP_001844.3	XP_036204354.1	41.973	598	228	14	138	660	475	1028	1.06e-51	195
NP_001844.3	XP_036204354.1	44.130	494	231	9	28	508	919	1380	1.14e-46	180
NP_001844.3	XP_036204354.1	38.158	684	268	16	27	630	810	1418	3.97e-45	175
NP_001844.3	XP_036204354.1	38.475	551	208	15	185	660	456	950	8.46e-33	137
NP_001844.3	XP_036204354.1	43.008	379	171	9	27	365	1053	1426	2.86e-25	114
NP_001844.3	XP_036204354.1	36.364	407	161	10	333	678	463	832	2.40e-17	88.6
NP_001844.3	XP_036161322.1	38.295	786	314	20	30	651	659	1437	1.49e-47	183
NP_001844.3	XP_036161322.1	38.630	774	330	19	27	661	644	1411	1.60e-47	182
NP_001844.3	XP_036161322.1	41.349	682	285	17	41	661	516	1143	4.53e-47	181
NP_001844.3	XP_036161322.1	37.787	741	314	18	19	661	346	1037	2.88e-40	160
NP_001844.3	XP_036161322.1	34.536	776	356	20	5	653	3	753	2.05e-27	120
NP_001844.3	XP_036161322.1	35.866	658	260	17	29	546	864	1499	6.00e-25	112
NP_001844.3	XP_036161322.1	39.563	412	189	9	26	400	1073	1461	3.95e-22	103
NP_001844.3	XP_036161322.1	40.385	468	227	11	231	671	46	488	1.20e-20	99.0
NP_001844.3	XP_036161322.1	38.809	487	229	12	9	451	961	1422	2.92e-20	97.8
NP_001844.3	XP_036161322.1	36.585	533	258	14	200	655	45	574	1.04e-19	95.9
NP_001844.3	XP_036161322.1	42.432	370	185	7	27	384	1116	1469	4.88e-14	77.8
NP_001844.3	XP_036161322.1	35.714	350	175	8	347	660	45	380	7.13e-08	57.8
NP_001844.3	XP_036161324.1	38.295	786	314	20	30	651	677	1455	1.61e-47	182
NP_001844.3	XP_036161324.1	41.100	691	292	17	41	661	516	1161	2.97e-47	182
NP_001844.3	XP_036161324.1	36.340	765	310	20	19	661	346	1055	5.38e-39	157
NP_001844.3	XP_036161324.1	36.872	716	310	19	27	661	775	1429	4.53e-37	150
NP_001844.3	XP_036161324.1	33.147	896	323	25	5	665	3	857	5.51e-26	116
NP_001844.3	XP_036161324.1	35.866	658	260	17	29	546	882	1517	6.18e-25	112
NP_001844.3	XP_036161324.1	39.563	412	189	9	26	400	1091	1479	3.54e-22	103
NP_001844.3	XP_036161324.1	40.385	468	227	11	231	671	46	488	1.26e-20	99.0
NP_001844.3	XP_036161324.1	38.809	487	229	12	9	451	979	1440	2.21e-20	98.2
NP_001844.3	XP_036161324.1	42.432	370	185	7	27	384	1134	1487	4.45e-14	77.8
