NP_002988.3	ajXP_053523075.1	0.722	310	85	0	1	310	1	306	2.124E-139	441
NP_002989.2	ajXP_036986998.2	0.905	201	19	0	1	201	1	201	1.333E-116	369
NP_055469.3	ajXP_037005331.2	0.914	442	38	0	1	442	1	442	2.225E-266	815
NP_005561.1	ajXP_037007848.2	0.905	518	48	0	1	510	1	518	0.000E+00	1001
NP_005561.1	ajXP_053520215.1	0.905	518	48	0	1	510	1	518	0.000E+00	1001
NP_005561.1	ajXP_053520216.1	0.905	518	48	0	1	510	1	518	0.000E+00	1001
NP_005561.1	ajXP_053520217.1	0.905	518	48	0	1	510	1	518	0.000E+00	1001
NP_005561.1	ajXP_053520218.1	0.905	518	48	0	1	510	1	518	0.000E+00	1001
NP_005561.1	ajXP_053520219.1	0.905	518	48	0	1	510	1	518	0.000E+00	1001
NP_005561.1	ajXP_053520220.1	0.905	518	48	0	1	510	1	518	0.000E+00	1001
NP_000233.1	ajXP_036997705.2	0.699	245	73	0	1	245	1	245	8.333E-111	355
XP_006717924.1	ajXP_036997705.2	0.699	245	73	0	1	245	1	245	8.333E-111	355
NP_006370.1	ajXP_053524905.1	0.965	750	26	0	1	750	1	750	0.000E+00	1543
NP_689967.2	ajXP_036984931.2	0.942	777	45	0	1	777	1	775	0.000E+00	1553
NP_036563.1	ajXP_053528789.1	0.907	775	72	0	1	775	1	775	0.000E+00	1527
NP_004177.3	ajXP_036984348.1	0.963	785	29	0	1	785	1	785	0.000E+00	1617
XP_005265438.1	ajXP_036984348.1	0.963	785	29	0	1	785	1	785	0.000E+00	1617
XP_005265439.1	ajXP_036984349.1	0.964	754	27	0	1	754	1	754	0.000E+00	1556
NP_064548.1	ajXP_036990665.2	0.882	782	91	0	1	782	1	770	0.000E+00	1452
NP_001180229.1	ajXP_036988548.2	0.843	761	119	0	1	761	1	759	0.000E+00	1341
NP_001180229.1	ajXP_036988547.2	0.843	761	119	0	1	761	30	788	0.000E+00	1341
NP_071762.2	ajXP_036988548.2	0.843	761	119	0	1	761	1	759	0.000E+00	1341
NP_071762.2	ajXP_036988547.2	0.843	761	119	0	1	761	30	788	0.000E+00	1341
NP_064595.2	ajXP_037000882.2	0.830	824	139	0	14	837	34	854	0.000E+00	1429
NP_064595.2	ajXP_053514899.1	0.830	824	139	0	14	837	60	880	0.000E+00	1429
NP_064595.2	ajXP_053514900.1	0.830	824	139	0	14	837	75	895	0.000E+00	1429
NP_003656.2	ajXP_037005672.2	0.836	300	49	0	1	299	1	300	3.276E-181	561
NP_001171175.1	ajXP_053512289.1	0.811	715	135	0	1	715	1	715	0.000E+00	1237
NP_001171175.1	ajXP_036998649.2	0.811	715	135	0	1	715	1	715	0.000E+00	1237
NP_659403.4	ajXP_053512280.1	0.831	2179	368	0	1	2179	1	2179	0.000E+00	3842
NP_659403.4	ajXP_053512281.1	0.831	2179	368	0	1	2179	1	2179	0.000E+00	3842
XP_005251439.1	ajXP_053512280.1	0.831	2179	368	0	1	2179	1	2179	0.000E+00	3842
XP_005251439.1	ajXP_053512281.1	0.831	2179	368	0	1	2179	1	2179	0.000E+00	3842
XP_005251441.1	ajXP_053512289.1	0.811	715	135	0	1	715	1	715	0.000E+00	1237
XP_005251441.1	ajXP_036998649.2	0.811	715	135	0	1	715	1	715	0.000E+00	1237
XP_006716786.1	ajXP_053512280.1	0.831	2179	368	0	1	2179	1	2179	0.000E+00	3842
XP_006716786.1	ajXP_053512281.1	0.831	2179	368	0	1	2179	1	2179	0.000E+00	3842
XP_006716792.1	ajXP_053512289.1	0.811	715	135	0	1	715	1	715	0.000E+00	1237
XP_006716792.1	ajXP_036998649.2	0.811	715	135	0	1	715	1	715	0.000E+00	1237
NP_997244.4	ajXP_053521539.1	0.801	3174	630	0	1	3169	1	3174	0.000E+00	5295
NP_775871.2	ajXP_053517403.1	0.480	5075	2368	0	445	5519	28	4582	0.000E+00	4170
NP_001180230.1	ajXP_036988548.2	0.843	761	119	0	1	761	1	759	0.000E+00	1341
NP_001180230.1	ajXP_036988547.2	0.843	761	119	0	1	761	30	788	0.000E+00	1341
NP_001258591.1	ajXP_036986737.2	0.898	737	75	0	1	737	1	737	0.000E+00	1396
NP_004254.2	ajXP_036986740.2	0.902	770	75	0	1	770	1	770	0.000E+00	1468
NP_060363.2	ajXP_037015277.2	0.934	844	56	0	1	843	1	844	0.000E+00	1665
NP_060363.2	ajXP_037015280.2	0.934	844	56	0	1	843	1	844	0.000E+00	1665
NP_060363.2	ajXP_037015281.2	0.934	844	56	0	1	843	1	844	0.000E+00	1665
NP_060363.2	ajXP_037015282.2	0.934	844	56	0	1	843	1	844	0.000E+00	1665
NP_060363.2	ajXP_053524437.1	0.934	844	56	0	1	843	1	844	0.000E+00	1665
XP_005256469.1	ajXP_053528637.1	0.616	306	108	0	1	283	1	306	2.251E-128	408
XP_005256469.1	ajXP_053528638.1	0.616	306	108	0	1	283	1	306	2.251E-128	408
XP_005256469.1	ajXP_053528639.1	0.616	306	108	0	1	283	1	306	2.251E-128	408
NP_002966.1	ajXP_037004930.2	0.872	330	41	0	1	323	1	330	1.124E-196	607
NP_001193939.1	ajXP_037023781.2	0.597	265	106	0	11	274	1	265	6.807E-100	325
NP_612210.4	ajXP_037023781.2	0.597	265	106	0	1	264	1	265	4.405E-100	325
XP_006718462.1	ajXP_053514219.1	0.455	4964	1835	0	1	4964	1	3368	0.000E+00	4207
NP_002449.2	ajXP_053514218.1	0.476	5748	2663	0	1	5748	106	5188	0.000E+00	5046
NP_005952.2	ajXP_053514232.1	0.619	1916	717	0	3	1918	5	1888	0.000E+00	2490
NP_001152824.1	ajXP_036990992.2	0.683	158	50	0	1	158	1	158	3.616E-76	250
NP_114433.1	ajXP_036990992.2	0.683	158	50	0	1	158	1	158	3.616E-76	250
NP_001191047.1	ajXP_037001740.2	0.736	314	82	0	66	378	14	327	2.965E-160	505
XP_005255991.1	ajXP_037010080.2	0.840	450	71	0	1	445	1	450	3.767E-271	829
NP_002072.2	ajXP_037017335.2	0.876	558	69	0	1	558	1	556	0.000E+00	1020
NP_689955.1	ajXP_036990897.2	0.736	579	150	0	1	579	1	571	1.669E-285	878
NP_004475.1	ajXP_037002256.1	0.958	580	24	0	1	580	1	580	0.000E+00	1167
NP_001439.2	ajXP_037002255.2	0.924	556	42	0	1	556	1	556	0.000E+00	1082
NP_004457.1	ajXP_036988398.2	0.856	572	82	0	1	572	1	571	0.000E+00	1040
NP_005699.1	ajXP_036988366.1	0.978	555	12	0	1	555	1	555	0.000E+00	1131
NP_037504.1	ajXP_036989075.2	0.978	184	4	0	1	184	1	184	1.513E-123	388
NP_037504.1	ajXP_036989076.1	0.978	184	4	0	1	184	1	184	1.513E-123	388
NP_037504.1	ajXP_036989077.1	0.978	184	4	0	1	184	1	184	1.513E-123	388
NP_001258126.1	ajXP_037010080.2	0.840	450	71	0	1	445	1	450	3.767E-271	829
NP_872425.2	ajXP_037010080.2	0.840	450	71	0	1	445	1	450	3.767E-271	829
NP_003269.2	ajXP_037004070.2	0.866	202	27	0	1	202	1	202	2.339E-119	377
XP_005268489.1	ajXP_053521852.1	0.941	668	39	0	1	667	1	668	0.000E+00	1272
NP_001026872.2	ajXP_053518979.1	0.907	1093	101	0	59	1151	1	1092	0.000E+00	2191
NP_663625.2	ajXP_036988880.2	0.618	334	126	0	1	334	1	332	1.482E-119	385
NP_705869.1	ajXP_053526084.1	0.956	999	44	0	1	998	1	999	0.000E+00	2020
NP_963839.1	ajXP_037024059.2	0.826	358	62	0	2	359	1	357	2.218E-198	614
NP_963839.1	ajXP_037024060.2	0.826	358	62	0	2	359	1	357	2.218E-198	614
NP_963839.1	ajXP_037024061.2	0.826	358	62	0	2	359	1	357	2.218E-198	614
NP_963839.1	ajXP_037024062.2	0.826	358	62	0	2	359	1	357	2.218E-198	614
NP_963839.1	ajXP_037024063.2	0.826	358	62	0	2	359	1	357	2.218E-198	614
NP_963839.1	ajXP_037024064.2	0.826	358	62	0	2	359	1	357	2.218E-198	614
NP_001185928.1	ajXP_053526083.1	0.958	1012	42	0	1	1011	1	1012	0.000E+00	2050
NP_065909.1	ajXP_053526083.1	0.958	1012	42	0	1	1011	1	1012	0.000E+00	2050
NP_001006947.1	ajXP_053523075.1	0.722	310	85	0	1	310	1	306	2.124E-139	441
NP_057595.2	ajXP_037023760.2	0.692	276	85	0	1	276	1	276	1.252E-130	414
NP_006429.2	ajXP_037004680.1	0.888	277	31	0	1	277	1	277	2.971E-171	531
NP_001242914.1	ajXP_037007669.2	0.839	261	42	0	25	285	7	267	4.627E-153	479
NP_001242914.1	ajXP_037007670.2	0.839	261	42	0	25	285	7	267	4.627E-153	479
NP_002299.2	ajXP_053512888.1	0.671	323	100	0	1	323	1	306	1.190E-143	454
NP_033665.1	ajXP_053512883.1	0.667	355	112	0	1	355	1	338	6.324E-158	497
NP_001092901.1	ajXP_037023753.2	0.661	195	65	0	1	195	15	208	8.850E-85	277
NP_057593.3	ajXP_037023752.2	0.662	228	76	0	1	228	15	241	2.168E-99	321
XP_005253439.1	ajXP_037023752.2	0.662	228	76	0	1	228	15	241	2.168E-99	321
NP_001124183.1	ajXP_037023774.1	0.653	147	49	0	31	172	6	152	1.282E-61	209
NP_001124183.1	ajXP_053517985.1	0.653	147	49	0	31	172	33	179	1.282E-61	209
NP_001124183.1	ajXP_053517986.1	0.653	147	49	0	31	172	33	179	1.282E-61	209
NP_005118.2	ajXP_053517394.1	0.543	138	62	0	10	146	71	208	2.917E-49	172
NP_005118.2	ajXP_037023724.2	0.543	138	62	0	10	146	71	208	2.917E-49	172
NP_705870.1	ajXP_053526082.1	0.957	1018	44	0	1	1017	1	1018	0.000E+00	2061
NP_705871.1	ajXP_053526079.1	0.957	1073	46	0	1	1073	1	1073	0.000E+00	2162
NP_003559.2	ajXP_036981816.2	0.820	345	62	0	1	345	1	345	1.343E-179	559
NP_003559.2	ajXP_036981835.2	0.820	345	62	0	1	345	1	345	1.343E-179	559
NP_003559.2	ajXP_036981791.2	0.820	345	62	0	1	345	34	378	1.343E-179	559
NP_003559.2	ajXP_036981807.2	0.820	345	62	0	1	345	50	394	1.343E-179	559
NP_057075.1	ajXP_036991691.2	0.795	244	50	0	1	244	1	244	8.618E-135	424
NP_057075.1	ajXP_053516692.1	0.795	244	50	0	1	244	1	244	8.618E-135	424
NP_057075.1	ajXP_053516693.1	0.795	244	50	0	1	244	1	244	8.618E-135	424
NP_057075.1	ajXP_053516694.1	0.795	244	50	0	1	244	1	244	8.618E-135	424
XP_005261968.1	ajXP_053517727.1	0.849	1844	277	0	1	1838	1	1844	0.000E+00	3264
XP_005261968.1	ajXP_053517728.1	0.849	1844	277	0	1	1838	1	1844	0.000E+00	3264
XP_005261968.1	ajXP_037016140.2	0.849	1844	277	0	1	1838	1	1844	0.000E+00	3264
XP_005261968.1	ajXP_037016141.2	0.849	1844	277	0	1	1838	1	1844	0.000E+00	3264
XP_005261968.1	ajXP_037016143.2	0.849	1844	277	0	1	1838	1	1844	0.000E+00	3264
XP_005261968.1	ajXP_037016144.2	0.849	1844	277	0	1	1838	1	1844	0.000E+00	3264
XP_006724476.1	ajXP_053517727.1	0.849	1844	277	0	1	1838	1	1844	0.000E+00	3264
XP_006724476.1	ajXP_053517728.1	0.849	1844	277	0	1	1838	1	1844	0.000E+00	3264
XP_006724476.1	ajXP_037016140.2	0.849	1844	277	0	1	1838	1	1844	0.000E+00	3264
XP_006724476.1	ajXP_037016141.2	0.849	1844	277	0	1	1838	1	1844	0.000E+00	3264
XP_006724476.1	ajXP_037016143.2	0.849	1844	277	0	1	1838	1	1844	0.000E+00	3264
XP_006724476.1	ajXP_037016144.2	0.849	1844	277	0	1	1838	1	1844	0.000E+00	3264
NP_001156729.1	ajXP_037006863.2	0.871	1891	244	0	42	1932	1	1890	0.000E+00	3451
NP_001156729.1	ajXP_053523982.1	0.871	1891	244	0	42	1932	1	1890	0.000E+00	3451
NP_001156729.1	ajXP_053523983.1	0.871	1891	244	0	42	1932	1	1890	0.000E+00	3451
NP_005384.2	ajXP_037006863.2	0.871	1891	244	0	19	1909	1	1890	0.000E+00	3451
NP_005384.2	ajXP_053523982.1	0.871	1891	244	0	19	1909	1	1890	0.000E+00	3451
NP_005384.2	ajXP_053523983.1	0.871	1891	244	0	19	1909	1	1890	0.000E+00	3451
NP_005752.1	ajXP_036997807.2	0.889	1573	174	0	1	1568	1	1573	0.000E+00	2891
NP_940894.1	ajXP_053512875.1	0.696	293	88	0	1	293	1	290	7.698E-134	424
NP_001191215.1	ajXP_053522177.1	0.505	484	235	0	1	484	1	476	2.520E-129	421
NP_001035194.1	ajXP_036995022.2	0.581	358	149	0	4137	4492	58	415	2.369E-127	457
NP_002448.3	ajXP_053514220.1	0.585	5179	1836	0	1	5179	1	4426	0.000E+00	5759
NP_525126.2	ajXP_053517444.1	0.618	219	81	0	1	214	1	219	2.912E-89	291
NP_055173.1	ajXP_037023754.1	0.711	215	62	0	1	215	1	215	5.951E-109	348
NP_775806.2	ajXP_053519370.1	0.626	557	208	0	1	557	6	561	6.553E-219	686
NP_003010.4	ajXP_037021655.2	0.757	376	90	0	3	375	5	380	9.335E-199	616
NP_003010.4	ajXP_053519810.1	0.757	376	90	0	3	375	17	392	9.335E-199	616
NP_000691.1	ajXP_053512504.1	0.889	345	38	0	1	345	1	345	3.806E-203	627
NP_000691.1	ajXP_053512505.1	0.889	345	38	0	1	345	1	345	3.806E-203	627
NP_009124.2	ajXP_036988651.1	0.910	324	29	0	1	324	1	324	9.463E-208	639
NP_001148.1	ajXP_037011430.2	0.926	505	37	0	1	505	1	505	0.000E+00	998
NP_001148.1	ajXP_037011431.2	0.926	505	37	0	1	505	1	505	0.000E+00	998
NP_001265336.1	ajXP_037011430.2	0.926	505	37	0	1	505	1	505	0.000E+00	998
NP_001265336.1	ajXP_037011431.2	0.926	505	37	0	1	505	1	505	0.000E+00	998
NP_001265337.1	ajXP_037011430.2	0.926	505	37	0	1	505	1	505	0.000E+00	998
NP_001265337.1	ajXP_037011431.2	0.926	505	37	0	1	505	1	505	0.000E+00	998
NP_665875.1	ajXP_037011430.2	0.926	505	37	0	1	505	1	505	0.000E+00	998
NP_665875.1	ajXP_037011431.2	0.926	505	37	0	1	505	1	505	0.000E+00	998
NP_001003954.1	ajXP_037022613.2	0.842	356	56	0	1	356	1	356	5.912E-195	604
NP_114116.3	ajXP_037016481.1	0.705	268	76	0	20	278	1	268	2.848E-120	384
NP_114116.3	ajXP_037016482.1	0.705	268	76	0	20	278	1	268	2.848E-120	384
NP_114116.3	ajXP_037016483.1	0.705	268	76	0	20	278	1	268	2.848E-120	384
NP_114116.3	ajXP_037016480.1	0.705	268	76	0	20	278	1	268	2.848E-120	384
NP_872292.1	ajXP_037016481.1	0.705	268	76	0	20	278	1	268	2.848E-120	384
NP_872292.1	ajXP_037016482.1	0.705	268	76	0	20	278	1	268	2.848E-120	384
NP_872292.1	ajXP_037016483.1	0.705	268	76	0	20	278	1	268	2.848E-120	384
NP_872292.1	ajXP_037016480.1	0.705	268	76	0	20	278	1	268	2.848E-120	384
XP_005261382.1	ajXP_037016481.1	0.705	268	76	0	1	259	1	268	1.213E-120	384
XP_005261382.1	ajXP_037016482.1	0.705	268	76	0	1	259	1	268	1.213E-120	384
XP_005261382.1	ajXP_037016483.1	0.705	268	76	0	1	259	1	268	1.213E-120	384
XP_005261382.1	ajXP_037016480.1	0.705	268	76	0	1	259	1	268	1.213E-120	384
XP_006724188.1	ajXP_037016481.1	0.705	268	76	0	1	259	1	268	1.213E-120	384
XP_006724188.1	ajXP_037016482.1	0.705	268	76	0	1	259	1	268	1.213E-120	384
XP_006724188.1	ajXP_037016483.1	0.705	268	76	0	1	259	1	268	1.213E-120	384
XP_006724188.1	ajXP_037016480.1	0.705	268	76	0	1	259	1	268	1.213E-120	384
NP_001128642.1	ajXP_036982883.2	0.976	296	7	0	1	296	4	299	7.451E-205	629
NP_001128643.1	ajXP_036982884.2	0.982	289	5	0	1	289	1	289	1.574E-201	619
NP_001128643.1	ajXP_036982885.2	0.982	289	5	0	1	289	1	289	1.574E-201	619
NP_114117.1	ajXP_036982884.2	0.982	289	5	0	1	289	1	289	1.574E-201	619
NP_114117.1	ajXP_036982885.2	0.982	289	5	0	1	289	1	289	1.574E-201	619
NP_997302.2	ajXP_037013065.2	0.731	252	67	0	1	252	6	254	2.359E-118	377
NP_848635.2	ajXP_037004474.1	0.876	332	41	0	1	332	1	332	2.660E-209	644
NP_872334.2	ajXP_037009994.1	0.933	287	19	0	1	287	1	287	1.070E-187	579
NP_001010908.1	ajXP_037017603.1	0.996	255	1	0	1	255	1	255	2.969E-177	547
NP_001008224.1	ajXP_036990978.1	0.991	238	2	0	1	238	1	238	6.856E-168	519
NP_112230.1	ajXP_037013908.1	0.790	281	58	0	1	281	1	279	4.222E-152	476
NP_112230.1	ajXP_037013909.1	0.790	281	58	0	1	281	1	279	4.222E-152	476
NP_112230.1	ajXP_037013910.1	0.790	281	58	0	1	281	1	279	4.222E-152	476
NP_112230.1	ajXP_037013911.1	0.790	281	58	0	1	281	1	279	4.222E-152	476
NP_112230.1	ajXP_037013912.1	0.790	281	58	0	1	281	1	279	4.222E-152	476
NP_112230.1	ajXP_037013913.1	0.790	281	58	0	1	281	1	279	4.222E-152	476
NP_699203.1	ajXP_037013908.1	0.790	281	58	0	1	281	1	279	4.222E-152	476
NP_699203.1	ajXP_037013909.1	0.790	281	58	0	1	281	1	279	4.222E-152	476
NP_699203.1	ajXP_037013910.1	0.790	281	58	0	1	281	1	279	4.222E-152	476
NP_699203.1	ajXP_037013911.1	0.790	281	58	0	1	281	1	279	4.222E-152	476
NP_699203.1	ajXP_037013912.1	0.790	281	58	0	1	281	1	279	4.222E-152	476
NP_699203.1	ajXP_037013913.1	0.790	281	58	0	1	281	1	279	4.222E-152	476
NP_001035972.1	ajXP_053523476.1	0.770	135	31	0	2	136	5	138	5.635E-69	228
NP_002298.1	ajXP_053523476.1	0.770	135	31	0	2	136	5	138	5.635E-69	228
NP_006490.3	ajXP_037024059.2	0.826	358	62	0	2	359	1	357	2.218E-198	614
NP_006490.3	ajXP_037024060.2	0.826	358	62	0	2	359	1	357	2.218E-198	614
NP_006490.3	ajXP_037024061.2	0.826	358	62	0	2	359	1	357	2.218E-198	614
NP_006490.3	ajXP_037024062.2	0.826	358	62	0	2	359	1	357	2.218E-198	614
NP_006490.3	ajXP_037024063.2	0.826	358	62	0	2	359	1	357	2.218E-198	614
NP_006490.3	ajXP_037024064.2	0.826	358	62	0	2	359	1	357	2.218E-198	614
NP_963837.1	ajXP_037024065.2	0.841	316	50	0	2	317	1	316	3.725E-180	559
NP_963838.1	ajXP_037024065.2	0.841	316	50	0	2	317	1	316	3.725E-180	559
NP_037384.1	ajXP_036994466.2	0.643	188	64	0	1	188	1	180	1.305E-76	253
XP_005250022.1	ajXP_036994478.2	0.733	165	44	0	1	165	1	165	7.594E-80	261
NP_001007034.1	ajXP_037023801.1	0.729	210	56	0	1	208	1	210	2.036E-107	343
NP_072092.2	ajXP_037023776.2	0.712	195	56	0	7	201	1	195	6.953E-90	292
NP_922938.1	ajXP_037023775.2	0.721	241	67	0	7	247	1	241	6.626E-113	361
NP_922939.1	ajXP_037023777.2	0.704	183	54	0	7	189	1	183	1.897E-81	267
NP_922940.1	ajXP_037023778.2	0.686	137	43	0	7	143	1	137	2.071E-58	198
NP_072092.2	ajXP_037023776.2	0.712	195	56	0	7	201	1	195	6.953E-90	292
NP_922938.1	ajXP_037023775.2	0.721	241	67	0	7	247	1	241	6.626E-113	361
NP_922939.1	ajXP_037023777.2	0.704	183	54	0	7	189	1	183	1.897E-81	267
NP_922940.1	ajXP_037023778.2	0.686	137	43	0	7	143	1	137	2.071E-58	198
XP_005253524.1	ajXP_037023775.2	0.721	241	67	0	7	247	1	241	6.626E-113	361
NP_997228.1	ajXP_037023667.2	0.655	241	83	0	1	241	1	241	4.753E-105	338
NP_001073980.2	ajXP_037015145.2	0.924	212	16	0	3	214	8	217	2.018E-135	424
NP_057268.1	ajXP_037023706.2	0.651	237	82	0	1	237	1	236	7.332E-107	343
NP_001243275.1	ajXP_053518979.1	0.907	1093	101	0	59	1151	1	1092	0.000E+00	2191
NP_001243276.1	ajXP_053518979.1	0.907	1093	101	0	113	1205	1	1092	0.000E+00	2191
NP_065847.1	ajXP_053521250.1	0.959	1030	42	0	1	1030	1	1029	0.000E+00	2076
NP_115484.2	ajXP_037021118.2	0.915	888	74	0	1	888	1	870	0.000E+00	1693
NP_115484.2	ajXP_037021119.2	0.915	888	74	0	1	888	1	870	0.000E+00	1693
NP_115484.2	ajXP_037021117.2	0.915	888	74	0	1	888	65	934	0.000E+00	1693
NP_001171532.1	ajXP_036981962.2	0.881	962	114	0	1	962	1	957	0.000E+00	1763
NP_112175.2	ajXP_036981995.2	0.883	930	108	0	1	930	1	925	0.000E+00	1705
XP_005244890.1	ajXP_036981962.2	0.881	962	114	0	1	962	1	957	0.000E+00	1763
XP_005244892.1	ajXP_036981962.2	0.881	962	114	0	1	962	1	957	0.000E+00	1763
XP_005244893.1	ajXP_036981995.2	0.883	930	108	0	1	930	1	925	0.000E+00	1705
XP_005254744.1	ajXP_053526079.1	0.957	1073	46	0	1	1073	1	1073	0.000E+00	2162
XP_005254746.1	ajXP_053526081.1	0.956	1054	46	0	1	1054	1	1054	0.000E+00	2122
NP_003603.1	ajXP_036990430.2	0.847	666	102	0	1	666	1	666	0.000E+00	1215
NP_001002857.1	ajXP_037006934.1	0.961	339	13	0	1	339	1	339	4.492E-215	661
NP_001002858.1	ajXP_037006934.1	0.961	339	13	0	19	357	1	339	1.037E-214	661
NP_001129487.1	ajXP_037006934.1	0.961	339	13	0	1	339	1	339	4.492E-215	661
NP_004030.1	ajXP_037006934.1	0.961	339	13	0	1	339	1	339	4.492E-215	661
NP_000533.3	ajXP_053520637.1	0.681	380	119	0	13	392	1	373	4.020E-173	543
NP_000533.3	ajXP_037015628.2	0.681	380	119	0	13	392	1	373	4.020E-173	543
NP_000533.3	ajXP_037015629.2	0.681	380	119	0	13	392	1	373	4.020E-173	543
NP_942140.2	ajXP_053520637.1	0.681	380	119	0	13	392	1	373	4.020E-173	543
NP_942140.2	ajXP_037015628.2	0.681	380	119	0	13	392	1	373	4.020E-173	543
NP_942140.2	ajXP_037015629.2	0.681	380	119	0	13	392	1	373	4.020E-173	543
NP_000533.3	ajXP_053520637.1	0.681	380	119	0	13	392	1	373	4.020E-173	543
NP_000533.3	ajXP_037015628.2	0.681	380	119	0	13	392	1	373	4.020E-173	543
NP_000533.3	ajXP_037015629.2	0.681	380	119	0	13	392	1	373	4.020E-173	543
NP_942140.2	ajXP_053520637.1	0.681	380	119	0	13	392	1	373	4.020E-173	543
NP_942140.2	ajXP_037015628.2	0.681	380	119	0	13	392	1	373	4.020E-173	543
NP_942140.2	ajXP_037015629.2	0.681	380	119	0	13	392	1	373	4.020E-173	543
XP_005264544.1	ajXP_053520637.1	0.681	380	119	0	13	392	1	373	4.020E-173	543
XP_005264544.1	ajXP_037015628.2	0.681	380	119	0	13	392	1	373	4.020E-173	543
XP_005264544.1	ajXP_037015629.2	0.681	380	119	0	13	392	1	373	4.020E-173	543
NP_001165828.1	ajXP_037008693.2	0.795	191	39	0	1	191	1	190	3.014E-94	304
NP_006140.1	ajXP_036988679.2	0.827	324	56	0	1	323	1	324	2.579E-187	580
NP_001128563.1	ajXP_036988880.2	0.618	334	126	0	28	361	1	332	4.642E-119	385
NP_001128563.1	ajXP_036988880.2	0.618	334	126	0	28	361	1	332	4.642E-119	385
NP_076932.1	ajXP_037007669.2	0.839	261	42	0	11	271	7	267	2.425E-153	479
NP_076932.1	ajXP_037007670.2	0.839	261	42	0	11	271	7	267	2.425E-153	479
NP_569057.1	ajXP_053520285.1	0.951	745	36	0	1	742	1	745	0.000E+00	1502
NP_001888.2	ajXP_036987015.2	0.838	2322	376	0	1	2322	1	2322	0.000E+00	3999
NP_006565.2	ajXP_036986281.2	0.864	544	73	0	1	539	1	544	2.619E-322	982
NP_001122108.1	ajXP_053512974.1	0.830	828	139	0	1	828	1	816	0.000E+00	1418
NP_001122108.1	ajXP_053512975.1	0.830	828	139	0	1	828	1	816	0.000E+00	1418
XP_006715788.1	ajXP_053512974.1	0.830	828	139	0	1	828	1	816	0.000E+00	1418
XP_006715788.1	ajXP_053512975.1	0.830	828	139	0	1	828	1	816	0.000E+00	1418
XP_006715789.1	ajXP_053512974.1	0.830	828	139	0	1	828	1	816	0.000E+00	1418
XP_006715789.1	ajXP_053512975.1	0.830	828	139	0	1	828	1	816	0.000E+00	1418
XP_006715790.1	ajXP_053512974.1	0.830	828	139	0	1	828	1	816	0.000E+00	1418
XP_006715790.1	ajXP_053512975.1	0.830	828	139	0	1	828	1	816	0.000E+00	1418
XP_006715791.1	ajXP_053512974.1	0.830	828	139	0	1	828	1	816	0.000E+00	1418
XP_006715791.1	ajXP_053512975.1	0.830	828	139	0	1	828	1	816	0.000E+00	1418
NP_620354.1	ajXP_036995581.2	0.625	171	64	0	5	175	27	197	2.346E-72	240
NP_620355.1	ajXP_036995581.2	0.625	171	64	0	5	175	27	197	2.346E-72	240
NP_940995.1	ajXP_037013908.1	0.790	281	58	0	1	281	1	279	4.222E-152	476
NP_940995.1	ajXP_037013909.1	0.790	281	58	0	1	281	1	279	4.222E-152	476
NP_940995.1	ajXP_037013910.1	0.790	281	58	0	1	281	1	279	4.222E-152	476
NP_940995.1	ajXP_037013911.1	0.790	281	58	0	1	281	1	279	4.222E-152	476
NP_940995.1	ajXP_037013912.1	0.790	281	58	0	1	281	1	279	4.222E-152	476
NP_940995.1	ajXP_037013913.1	0.790	281	58	0	1	281	1	279	4.222E-152	476
XP_006721730.1	ajXP_037013908.1	0.790	281	58	0	1	281	1	279	4.222E-152	476
XP_006721730.1	ajXP_037013909.1	0.790	281	58	0	1	281	1	279	4.222E-152	476
XP_006721730.1	ajXP_037013910.1	0.790	281	58	0	1	281	1	279	4.222E-152	476
XP_006721730.1	ajXP_037013911.1	0.790	281	58	0	1	281	1	279	4.222E-152	476
XP_006721730.1	ajXP_037013912.1	0.790	281	58	0	1	281	1	279	4.222E-152	476
XP_006721730.1	ajXP_037013913.1	0.790	281	58	0	1	281	1	279	4.222E-152	476
XP_006721729.1	ajXP_037013908.1	0.790	281	58	0	11	291	1	279	6.681E-152	476
XP_006721729.1	ajXP_037013909.1	0.790	281	58	0	11	291	1	279	6.681E-152	476
XP_006721729.1	ajXP_037013910.1	0.790	281	58	0	11	291	1	279	6.681E-152	476
XP_006721729.1	ajXP_037013911.1	0.790	281	58	0	11	291	1	279	6.681E-152	476
XP_006721729.1	ajXP_037013912.1	0.790	281	58	0	11	291	1	279	6.681E-152	476
XP_006721729.1	ajXP_037013913.1	0.790	281	58	0	11	291	1	279	6.681E-152	476
NP_114114.2	ajXP_053521889.1	0.964	285	10	0	46	330	1	285	3.153E-197	609
NP_114114.2	ajXP_036984095.1	0.964	285	10	0	46	330	1	285	3.153E-197	609
NP_112207.1	ajXP_053513406.1	0.975	242	6	0	5	246	4	245	2.029E-168	521
NP_852100.3	ajXP_036984952.1	0.952	315	15	0	5	319	4	318	2.551E-211	649
NP_114115.2	ajXP_037022011.2	0.926	328	24	0	1	328	1	324	4.623E-201	620
NP_001265360.1	ajXP_037003061.2	0.954	243	11	0	1	243	1	243	2.563E-164	509
NP_001265360.1	ajXP_037003062.2	0.954	243	11	0	1	243	1	243	2.563E-164	509
NP_056460.1	ajXP_037003061.2	0.954	243	11	0	1	243	1	243	2.563E-164	509
NP_056460.1	ajXP_037003062.2	0.954	243	11	0	1	243	1	243	2.563E-164	509
NP_995326.1	ajXP_036997277.2	0.697	76	23	0	1	76	1	76	1.993E-28	108
NP_001087239.2	ajXP_037021656.2	0.725	248	68	0	16	263	1	248	2.236E-124	395
NP_001158116.1	ajXP_037021656.2	0.725	248	68	0	1	248	1	248	1.129E-124	395
NP_001158119.1	ajXP_037021656.2	0.725	248	68	0	1	248	1	248	1.129E-124	395
NP_005402.3	ajXP_037021656.2	0.725	248	68	0	1	248	1	248	1.129E-124	395
XP_005270119.1	ajXP_037021656.2	0.725	248	68	0	1	248	1	248	1.129E-124	395
XP_006718016.1	ajXP_037021656.2	0.725	248	68	0	16	263	1	248	2.236E-124	395
NP_005743.4	ajXP_037000670.1	0.908	196	18	0	10	205	1	196	2.336E-121	383
NP_006335.2	ajXP_053528637.1	0.610	306	111	0	1	286	1	306	2.574E-128	408
NP_006335.2	ajXP_053528638.1	0.610	306	111	0	1	286	1	306	2.574E-128	408
NP_006335.2	ajXP_053528639.1	0.610	306	111	0	1	286	1	306	2.574E-128	408
NP_002548.3	ajXP_037008287.2	0.649	552	193	0	1	550	1	552	2.729E-236	741
NP_056208.2	ajXP_037006092.2	0.681	310	95	0	1	310	1	300	6.838E-126	402
NP_065138.2	ajXP_036996514.2	0.883	499	58	0	1	499	1	499	6.428E-310	944
NP_116201.7	ajXP_037003310.2	0.930	529	37	0	1	529	1	529	0.000E+00	1039
NP_115618.3	ajXP_037021338.1	0.949	1896	96	0	1	1896	31	1923	0.000E+00	3748
NP_079455.3	ajXP_037012870.2	0.986	1894	27	0	1	1894	16	1909	0.000E+00	3896
NP_059984.3	ajXP_037007261.1	0.961	1872	73	0	1	1871	1	1872	0.000E+00	3747
NP_065962.1	ajXP_053513075.1	0.964	1894	68	0	1	1894	1	1893	0.000E+00	3819
NP_065962.1	ajXP_037021717.2	0.964	1894	68	0	1	1894	1	1893	0.000E+00	3819
NP_065962.1	ajXP_053513076.1	0.964	1894	68	0	1	1894	1	1893	0.000E+00	3819
XP_005250743.1	ajXP_053513075.1	0.964	1894	68	0	1	1894	1	1893	0.000E+00	3819
XP_005250743.1	ajXP_037021717.2	0.964	1894	68	0	1	1894	1	1893	0.000E+00	3819
XP_005250743.1	ajXP_053513076.1	0.964	1894	68	0	1	1894	1	1893	0.000E+00	3819
XP_006716234.1	ajXP_053513075.1	0.964	1894	68	0	1	1894	1	1893	0.000E+00	3819
XP_006716234.1	ajXP_037021717.2	0.964	1894	68	0	1	1894	1	1893	0.000E+00	3819
XP_006716234.1	ajXP_053513076.1	0.964	1894	68	0	1	1894	1	1893	0.000E+00	3819
NP_001123554.1	ajXP_036984287.2	0.879	2135	258	0	1	2135	1	2131	0.000E+00	3921
NP_002664.2	ajXP_036984287.2	0.879	2135	258	0	1	2135	1	2131	0.000E+00	3921
NP_036533.2	ajXP_053517727.1	0.849	1844	277	0	1	1838	1	1844	0.000E+00	3264
NP_036533.2	ajXP_053517728.1	0.849	1844	277	0	1	1838	1	1844	0.000E+00	3264
NP_036533.2	ajXP_037016140.2	0.849	1844	277	0	1	1838	1	1844	0.000E+00	3264
NP_036533.2	ajXP_037016141.2	0.849	1844	277	0	1	1838	1	1844	0.000E+00	3264
NP_036533.2	ajXP_037016143.2	0.849	1844	277	0	1	1838	1	1844	0.000E+00	3264
NP_036533.2	ajXP_037016144.2	0.849	1844	277	0	1	1838	1	1844	0.000E+00	3264
XP_005261966.1	ajXP_053517727.1	0.849	1844	277	0	1	1838	1	1844	0.000E+00	3264
XP_005261966.1	ajXP_053517728.1	0.849	1844	277	0	1	1838	1	1844	0.000E+00	3264
XP_005261966.1	ajXP_037016140.2	0.849	1844	277	0	1	1838	1	1844	0.000E+00	3264
XP_005261966.1	ajXP_037016141.2	0.849	1844	277	0	1	1838	1	1844	0.000E+00	3264
XP_005261966.1	ajXP_037016143.2	0.849	1844	277	0	1	1838	1	1844	0.000E+00	3264
XP_005261966.1	ajXP_037016144.2	0.849	1844	277	0	1	1838	1	1844	0.000E+00	3264
XP_005261967.1	ajXP_053517727.1	0.849	1844	277	0	1	1838	1	1844	0.000E+00	3264
XP_005261967.1	ajXP_053517728.1	0.849	1844	277	0	1	1838	1	1844	0.000E+00	3264
XP_005261967.1	ajXP_037016140.2	0.849	1844	277	0	1	1838	1	1844	0.000E+00	3264
XP_005261967.1	ajXP_037016141.2	0.849	1844	277	0	1	1838	1	1844	0.000E+00	3264
XP_005261967.1	ajXP_037016143.2	0.849	1844	277	0	1	1838	1	1844	0.000E+00	3264
XP_005261967.1	ajXP_037016144.2	0.849	1844	277	0	1	1838	1	1844	0.000E+00	3264
XP_006715792.1	ajXP_053512974.1	0.830	828	139	0	1	828	1	816	0.000E+00	1418
XP_006715792.1	ajXP_053512975.1	0.830	828	139	0	1	828	1	816	0.000E+00	1418
NP_443138.2	ajXP_037016680.1	0.956	824	36	0	1	820	1	824	0.000E+00	1636
XP_005261381.1	ajXP_037016680.1	0.956	824	36	0	1	820	1	824	0.000E+00	1636
XP_006724186.1	ajXP_037016680.1	0.956	824	36	0	1	820	1	824	0.000E+00	1636
XP_006724187.1	ajXP_037016680.1	0.956	824	36	0	1	820	1	824	0.000E+00	1636
NP_001153166.1	ajXP_037007825.2	0.563	250	108	0	1	248	1	250	5.167E-72	243
NP_057326.2	ajXP_037007824.2	0.562	263	114	0	1	261	1	263	2.832E-76	256
NP_001994.2	ajXP_036983531.2	0.753	328	80	0	1	325	1	328	9.770E-174	541
NP_002297.2	ajXP_053526052.1	0.749	281	62	0	1	250	1	281	9.897E-136	427
XP_005253381.1	ajXP_037023781.2	0.597	265	106	0	1	264	1	265	4.405E-100	325
XP_006719097.1	ajXP_037023781.2	0.597	265	106	0	1	264	1	265	4.405E-100	325
NP_001123470.1	ajXP_037023668.2	0.800	276	54	0	1	276	1	273	2.185E-148	465
NP_778230.1	ajXP_037021646.2	0.724	475	131	0	1	475	1	475	4.546E-229	710
NP_001129686.1	ajXP_037010080.2	0.840	450	71	0	1	445	1	450	3.767E-271	829
NP_055918.2	ajXP_036995238.2	0.927	1928	140	0	1	1925	1	1928	0.000E+00	3707
NP_002571.1	ajXP_036995581.2	0.625	171	64	0	5	175	27	197	2.346E-72	240
NP_000482.3	ajXP_053516651.1	0.850	241	36	0	12	252	9	248	6.504E-142	445
NP_000482.3	ajXP_053516652.1	0.850	241	36	0	12	252	9	248	6.504E-142	445
XP_005246039.1	ajXP_053516651.1	0.850	241	36	0	12	252	9	248	6.504E-142	445
XP_005246039.1	ajXP_053516652.1	0.850	241	36	0	12	252	9	248	6.504E-142	445
NP_001107573.1	ajXP_053516657.1	0.775	245	55	0	1	245	1	245	1.373E-129	409
NP_001107573.1	ajXP_053516658.1	0.775	245	55	0	1	245	1	245	1.373E-129	409
NP_001107573.1	ajXP_053516659.1	0.775	245	55	0	1	245	1	245	1.373E-129	409
NP_001107573.1	ajXP_053516660.1	0.775	245	55	0	1	245	1	245	1.373E-129	409
NP_001107573.1	ajXP_053516661.1	0.775	245	55	0	1	245	1	245	1.373E-129	409
NP_758957.2	ajXP_053516657.1	0.775	245	55	0	1	245	1	245	1.373E-129	409
NP_758957.2	ajXP_053516658.1	0.775	245	55	0	1	245	1	245	1.373E-129	409
NP_758957.2	ajXP_053516659.1	0.775	245	55	0	1	245	1	245	1.373E-129	409
NP_758957.2	ajXP_053516660.1	0.775	245	55	0	1	245	1	245	1.373E-129	409
NP_758957.2	ajXP_053516661.1	0.775	245	55	0	1	245	1	245	1.373E-129	409
NP_006679.1	ajXP_037018060.1	0.980	258	5	0	1	258	1	258	1.402E-178	551
NP_005130.1	ajXP_053511670.1	0.907	323	30	0	1	323	1	323	8.029E-192	593
XP_005263030.1	ajXP_053511670.1	0.907	323	30	0	1	323	1	323	8.029E-192	593
NP_001144.1	ajXP_036983188.2	0.940	321	19	0	1	321	1	321	3.833E-199	614
NP_001145.1	ajXP_036985850.2	0.937	320	20	0	1	320	1	320	1.177E-194	601
NP_001146.2	ajXP_037012796.2	0.942	674	39	0	1	673	1	674	0.000E+00	1282
NP_001146.2	ajXP_053521851.1	0.942	674	39	0	1	673	1	674	0.000E+00	1282
NP_001147.1	ajXP_036986482.1	0.892	466	50	0	1	466	1	463	3.723E-290	885
NP_004025.1	ajXP_036986485.1	0.891	488	53	0	1	488	1	485	3.146E-303	924
NP_004025.1	ajXP_053519951.1	0.891	488	53	0	1	488	1	485	3.146E-303	924
NP_149092.2	ajXP_036996047.2	0.840	313	50	0	23	335	1	313	1.979E-179	558
NP_078966.2	ajXP_053514442.1	0.466	3412	1427	0	11073	14484	1	2674	0.000E+00	2690
NP_149038.3	ajXP_053528797.1	0.446	512	276	0	1	512	1	499	1.763E-127	417
NP_689886.3	ajXP_036987739.2	0.493	537	262	0	1	537	1	517	5.010E-137	446
NP_001010909.2	ajXP_053523374.1	0.553	447	199	0	115	561	26	471	7.018E-136	444
NP_004523.3	ajXP_036987728.2	0.695	1146	348	0	26	1171	1	1143	0.000E+00	1714
NP_945119.1	ajXP_037000882.2	0.830	824	139	0	14	837	34	854	0.000E+00	1429
NP_945119.1	ajXP_053514899.1	0.830	824	139	0	14	837	60	880	0.000E+00	1429
NP_945119.1	ajXP_053514900.1	0.830	824	139	0	14	837	75	895	0.000E+00	1429
NP_060259.4	ajXP_037010208.2	0.906	834	78	0	1	833	1	834	0.000E+00	1617
NP_060259.4	ajXP_037010209.2	0.906	834	78	0	1	833	1	834	0.000E+00	1617
NP_060259.4	ajXP_037010210.2	0.906	834	78	0	1	833	1	834	0.000E+00	1617
NP_001135759.1	ajXP_037020641.2	0.829	738	126	0	1	738	14	748	0.000E+00	1309
NP_006369.3	ajXP_037020638.1	0.819	862	155	0	1	862	1	856	0.000E+00	1476
NP_006369.3	ajXP_037020639.1	0.819	862	155	0	1	862	1	856	0.000E+00	1476
NP_006369.3	ajXP_037020633.1	0.819	862	155	0	1	862	14	869	0.000E+00	1476
NP_006369.3	ajXP_037020635.1	0.819	862	155	0	1	862	14	869	0.000E+00	1476
NP_006369.3	ajXP_037020636.1	0.819	862	155	0	1	862	14	869	0.000E+00	1476
NP_006369.3	ajXP_037020637.1	0.819	862	155	0	1	862	14	869	0.000E+00	1476
XP_005251711.1	ajXP_037020638.1	0.819	862	155	0	1	862	1	856	0.000E+00	1476
XP_005251711.1	ajXP_037020639.1	0.819	862	155	0	1	862	1	856	0.000E+00	1476
XP_005251711.1	ajXP_037020633.1	0.819	862	155	0	1	862	14	869	0.000E+00	1476
XP_005251711.1	ajXP_037020635.1	0.819	862	155	0	1	862	14	869	0.000E+00	1476
XP_005251711.1	ajXP_037020636.1	0.819	862	155	0	1	862	14	869	0.000E+00	1476
XP_005251711.1	ajXP_037020637.1	0.819	862	155	0	1	862	14	869	0.000E+00	1476
NP_002990.2	ajXP_037020317.2	0.768	202	46	0	1	198	1	202	2.057E-93	302
XP_005250167.1	ajXP_036984954.2	0.959	772	32	0	1	771	1	772	0.000E+00	1603
XP_005250168.1	ajXP_036984954.2	0.959	772	32	0	1	771	1	772	0.000E+00	1603
XP_006715901.1	ajXP_036984954.2	0.959	772	32	0	1	771	1	772	0.000E+00	1603
XP_005270065.1	ajXP_037015277.2	0.934	844	56	0	1	843	1	844	0.000E+00	1665
XP_005270065.1	ajXP_037015280.2	0.934	844	56	0	1	843	1	844	0.000E+00	1665
XP_005270065.1	ajXP_037015281.2	0.934	844	56	0	1	843	1	844	0.000E+00	1665
XP_005270065.1	ajXP_037015282.2	0.934	844	56	0	1	843	1	844	0.000E+00	1665
XP_005270065.1	ajXP_053524437.1	0.934	844	56	0	1	843	1	844	0.000E+00	1665
XP_005270066.1	ajXP_037015277.2	0.934	844	56	0	1	843	1	844	0.000E+00	1665
XP_005270066.1	ajXP_037015280.2	0.934	844	56	0	1	843	1	844	0.000E+00	1665
XP_005270066.1	ajXP_037015281.2	0.934	844	56	0	1	843	1	844	0.000E+00	1665
XP_005270066.1	ajXP_037015282.2	0.934	844	56	0	1	843	1	844	0.000E+00	1665
XP_005270066.1	ajXP_053524437.1	0.934	844	56	0	1	843	1	844	0.000E+00	1665
XP_005270067.1	ajXP_037015283.2	0.935	839	54	0	1	838	1	839	0.000E+00	1657
NP_003957.2	ajXP_053513196.1	0.944	1074	60	0	1	1074	1	1073	0.000E+00	2252
NP_003957.2	ajXP_053513197.1	0.944	1074	60	0	1	1074	1	1073	0.000E+00	2252
XP_006714569.1	ajXP_053513196.1	0.944	1074	60	0	1	1074	1	1073	0.000E+00	2252
XP_006714569.1	ajXP_053513197.1	0.944	1074	60	0	1	1074	1	1073	0.000E+00	2252
XP_006714570.1	ajXP_053513196.1	0.944	1074	60	0	1	1074	1	1073	0.000E+00	2252
XP_006714570.1	ajXP_053513197.1	0.944	1074	60	0	1	1074	1	1073	0.000E+00	2252
XP_005275787.1	ajXP_053528953.1	0.310	140	85	0	189	328	118	241	3.018E-02	38
XP_005275787.1	ajXP_037008769.2	0.310	140	85	0	189	328	122	245	3.018E-02	38
NP_001278713.1	ajXP_036993802.2	0.689	148	43	0	1	148	1	140	1.771E-62	210
NP_000604.1	ajXP_036990426.2	0.780	464	101	0	1	462	1	464	1.238E-265	814
XP_005252940.1	ajXP_036990426.2	0.780	464	101	0	1	462	1	464	1.238E-265	814
NP_054900.2	ajXP_036982205.1	0.976	172	4	0	1	172	1	172	1.206E-111	353
NP_002296.1	ajXP_037016579.1	0.622	135	51	0	1	135	1	135	1.915E-55	189
NP_006071.1	ajXP_036984954.2	0.959	772	32	0	1	771	1	772	0.000E+00	1603
NP_006489.1	ajXP_053518015.1	0.823	130	23	0	1	130	1	130	7.733E-72	236
NP_665876.1	ajXP_037011430.2	0.926	505	37	0	1	505	1	505	0.000E+00	998
NP_665876.1	ajXP_037011431.2	0.926	505	37	0	1	505	1	505	0.000E+00	998
XP_006715902.1	ajXP_036984954.2	0.959	772	32	0	1	771	1	772	0.000E+00	1603
NP_001276989.1	ajXP_036984338.2	0.886	749	85	0	1	749	1	747	0.000E+00	1394
NP_004627.1	ajXP_036984338.2	0.886	749	85	0	1	749	1	747	0.000E+00	1394
