NP_000691.1	drXP_053779718.1	0.889	345	38	0	1	345	1	345	8.287E-204	629
XP_005255991.1	drXP_024411733.2	0.864	434	59	0	13	445	17	450	8.988E-271	828
NP_002072.2	drXP_024420041.2	0.863	558	76	0	1	558	1	557	0.000E+00	1008
NP_689955.1	drXP_024427142.1	0.745	579	145	0	1	579	1	571	1.375E-288	887
NP_001439.2	drXP_024422721.2	0.928	556	40	0	1	556	1	556	0.000E+00	1086
NP_004457.1	drXP_045057387.1	0.854	572	83	0	1	572	1	571	0.000E+00	1040
NP_004457.1	drXP_024422817.1	0.854	572	83	0	1	572	1	571	0.000E+00	1040
NP_940894.1	drXP_053769328.1	0.706	293	85	0	1	293	1	290	5.746E-138	436
NP_778230.1	drXP_024407147.2	0.756	475	115	0	1	475	1	471	2.403E-237	734
NP_001191047.1	drXP_045048544.1	0.690	329	97	0	66	378	14	342	4.956E-155	490
NP_001129686.1	drXP_024411733.2	0.864	434	59	0	13	445	17	450	8.988E-271	828
NP_001258126.1	drXP_024411733.2	0.864	434	59	0	13	445	17	450	8.988E-271	828
NP_612210.4	drXP_024435365.2	0.601	265	105	0	1	264	1	265	4.326E-101	328
NP_054900.2	drXP_024408492.1	0.976	172	4	0	1	172	1	172	1.296E-111	353
NP_002296.1	drXP_024435387.2	0.659	135	46	0	1	135	1	135	1.866E-56	192
NP_149092.2	drXP_024429990.2	0.837	313	51	0	23	335	1	313	1.150E-177	553
NP_060363.2	drXP_053778152.1	0.943	844	48	0	1	843	1	844	0.000E+00	1673
NP_060363.2	drXP_053778153.1	0.943	844	48	0	1	843	1	844	0.000E+00	1673
NP_001138367.1	drXP_024416423.1	0.395	276	136	0	32	307	46	270	7.371E-60	211
NP_055469.3	drXP_053776412.1	0.932	442	30	0	1	442	1	442	1.383E-272	833
NP_002990.2	drXP_045050479.2	0.798	202	40	0	1	198	1	202	5.648E-100	321
NP_006071.1	drXP_024414857.2	0.911	771	69	0	1	771	1	771	0.000E+00	1538
XP_005250167.1	drXP_024414857.2	0.911	771	69	0	1	771	1	771	0.000E+00	1538
XP_005250168.1	drXP_024414857.2	0.911	771	69	0	1	771	1	771	0.000E+00	1538
XP_006715901.1	drXP_024414857.2	0.911	771	69	0	1	771	1	771	0.000E+00	1538
NP_872292.1	drXP_045043205.2	0.687	278	84	0	10	278	16	293	2.795E-121	387
XP_005261382.1	drXP_024434787.2	0.705	268	76	0	1	259	1	268	1.303E-120	384
XP_006724188.1	drXP_024434787.2	0.705	268	76	0	1	259	1	268	1.303E-120	384
NP_001128642.1	drXP_045038921.1	0.969	296	9	0	1	296	4	299	3.954E-204	627
NP_001128642.1	drXP_024429592.1	0.969	296	9	0	1	296	4	299	3.954E-204	627
NP_001128643.1	drXP_045038922.1	0.975	289	7	0	1	289	1	289	1.856E-200	616
NP_001128643.1	drXP_045038923.1	0.975	289	7	0	1	289	1	289	1.856E-200	616
NP_001128643.1	drXP_024429593.1	0.975	289	7	0	1	289	1	289	1.856E-200	616
NP_997302.2	drXP_024409125.2	0.741	252	64	0	1	252	1	249	8.649E-122	387
NP_848635.2	drXP_024411100.1	0.876	332	41	0	1	332	1	332	6.351E-209	643
XP_005256469.1	drXP_045055294.2	0.597	306	114	0	1	283	1	306	1.566E-124	397
NP_001243649.1	drXP_024427198.2	0.849	186	28	0	1	186	1	186	4.639E-113	358
XP_005253439.1	drXP_024435451.1	0.697	228	68	0	1	228	1	227	6.597E-105	337
NP_001124183.1	drXP_053775767.1	0.664	140	46	0	33	172	14	150	1.377E-61	209
XP_005261968.1	drXP_053775806.1	0.849	1845	277	0	1	1838	1	1845	0.000E+00	3267
XP_005261968.1	drXP_053775807.1	0.849	1845	277	0	1	1838	1	1845	0.000E+00	3267
XP_005261968.1	drXP_053775808.1	0.849	1845	277	0	1	1838	1	1845	0.000E+00	3267
XP_005261968.1	drXP_053775809.1	0.849	1845	277	0	1	1838	1	1845	0.000E+00	3267
XP_005261968.1	drXP_053775810.1	0.849	1845	277	0	1	1838	1	1845	0.000E+00	3267
XP_005261968.1	drXP_053775811.1	0.849	1845	277	0	1	1838	1	1845	0.000E+00	3267
XP_005261968.1	drXP_053775812.1	0.849	1845	277	0	1	1838	1	1845	0.000E+00	3267
XP_005261968.1	drXP_053775813.1	0.849	1845	277	0	1	1838	1	1845	0.000E+00	3267
XP_005261968.1	drXP_053775814.1	0.849	1845	277	0	1	1838	1	1845	0.000E+00	3267
XP_005261968.1	drXP_053775815.1	0.849	1845	277	0	1	1838	1	1845	0.000E+00	3267
XP_005261968.1	drXP_053775816.1	0.849	1845	277	0	1	1838	1	1845	0.000E+00	3267
XP_005261968.1	drXP_053775817.1	0.849	1845	277	0	1	1838	1	1845	0.000E+00	3267
XP_005261968.1	drXP_053775805.1	0.849	1845	277	0	1	1838	10	1854	0.000E+00	3267
NP_705869.1	drXP_045057659.1	0.965	999	35	0	1	998	1	999	0.000E+00	2040
NP_705870.1	drXP_045057657.1	0.966	1018	35	0	1	1017	1	1018	0.000E+00	2080
NP_705871.1	drXP_024423503.1	0.964	1073	39	0	1	1073	1	1073	0.000E+00	2181
NP_705871.1	drXP_045057652.1	0.964	1073	39	0	1	1073	1	1073	0.000E+00	2181
XP_005254744.1	drXP_024423503.1	0.964	1073	39	0	1	1073	1	1073	0.000E+00	2181
XP_005254744.1	drXP_045057652.1	0.964	1073	39	0	1	1073	1	1073	0.000E+00	2181
XP_005254746.1	drXP_045057655.1	0.963	1054	39	0	1	1054	1	1054	0.000E+00	2141
NP_003603.1	drXP_053785174.1	0.851	666	99	0	1	666	1	665	0.000E+00	1220
XP_005268489.1	drXP_024432604.2	0.949	668	34	0	1	667	1	668	0.000E+00	1280
NP_001147.1	drXP_045051959.1	0.905	466	44	0	1	466	38	500	3.042E-293	894
NP_004025.1	drXP_024416940.1	0.903	488	47	0	1	488	1	485	1.158E-306	934
NP_004025.1	drXP_024416941.1	0.903	488	47	0	1	488	1	485	1.158E-306	934
NP_004025.1	drXP_045051958.1	0.903	488	47	0	1	488	38	522	1.158E-306	934
NP_003010.4	drXP_024417073.2	0.781	375	82	0	1	375	1	375	4.843E-207	640
NP_006679.1	drXP_024409660.3	0.976	258	6	0	1	258	1	258	3.349E-178	550
NP_872334.2	drXP_024425520.2	0.930	287	20	0	1	287	1	287	1.262E-186	576
NP_872334.2	drXP_053775406.1	0.930	287	20	0	1	287	1	287	1.262E-186	576
NP_001010908.1	drXP_024431579.2	0.996	255	1	0	1	255	1	255	3.190E-177	547
NP_001008224.1	drXP_024431115.1	0.987	238	3	0	1	238	1	238	3.640E-167	517
NP_112230.1	drXP_053767743.1	0.790	281	58	0	1	281	1	279	1.212E-149	469
NP_112230.1	drXP_053767744.1	0.790	281	58	0	1	281	1	279	1.212E-149	469
NP_112230.1	drXP_045046112.2	0.790	281	58	0	1	281	1	279	1.212E-149	469
NP_112230.1	drXP_045046113.2	0.790	281	58	0	1	281	1	279	1.212E-149	469
NP_112230.1	drXP_024409529.2	0.790	281	58	0	1	281	1	279	1.212E-149	469
NP_112230.1	drXP_045046114.2	0.790	281	58	0	1	281	1	279	1.212E-149	469
NP_112230.1	drXP_024409532.2	0.790	281	58	0	1	281	1	279	1.212E-149	469
NP_002548.3	drXP_053771866.1	0.624	573	201	0	7	579	8	543	8.998E-232	728
NP_005118.2	drXP_045043017.2	0.548	144	62	0	10	147	36	179	2.847E-50	175
XP_006716786.1	drXP_053780525.1	0.844	2179	340	0	1	2179	37	2215	0.000E+00	3898
XP_006716786.1	drXP_053780526.1	0.844	2179	340	0	1	2179	37	2215	0.000E+00	3898
XP_006716786.1	drXP_053780531.1	0.844	2179	340	0	1	2179	37	2215	0.000E+00	3898
XP_006724476.1	drXP_053775806.1	0.849	1845	277	0	1	1838	1	1845	0.000E+00	3267
XP_006724476.1	drXP_053775807.1	0.849	1845	277	0	1	1838	1	1845	0.000E+00	3267
XP_006724476.1	drXP_053775808.1	0.849	1845	277	0	1	1838	1	1845	0.000E+00	3267
XP_006724476.1	drXP_053775809.1	0.849	1845	277	0	1	1838	1	1845	0.000E+00	3267
XP_006724476.1	drXP_053775810.1	0.849	1845	277	0	1	1838	1	1845	0.000E+00	3267
XP_006724476.1	drXP_053775811.1	0.849	1845	277	0	1	1838	1	1845	0.000E+00	3267
XP_006724476.1	drXP_053775812.1	0.849	1845	277	0	1	1838	1	1845	0.000E+00	3267
XP_006724476.1	drXP_053775813.1	0.849	1845	277	0	1	1838	1	1845	0.000E+00	3267
XP_006724476.1	drXP_053775814.1	0.849	1845	277	0	1	1838	1	1845	0.000E+00	3267
XP_006724476.1	drXP_053775815.1	0.849	1845	277	0	1	1838	1	1845	0.000E+00	3267
XP_006724476.1	drXP_053775816.1	0.849	1845	277	0	1	1838	1	1845	0.000E+00	3267
XP_006724476.1	drXP_053775817.1	0.849	1845	277	0	1	1838	1	1845	0.000E+00	3267
XP_006724476.1	drXP_053775805.1	0.849	1845	277	0	1	1838	10	1854	0.000E+00	3267
NP_005752.1	drXP_053776926.1	0.887	1573	177	0	1	1568	1	1573	0.000E+00	2873
NP_055918.2	drXP_024412515.3	0.933	1930	129	0	1	1925	1	1930	0.000E+00	3726
NP_056208.2	drXP_024435259.2	0.684	310	94	0	1	310	1	300	2.131E-122	392
NP_477521.1	drXP_053769829.1	0.476	62	31	0	24	83	509	570	3.638E-06	45
NP_477521.1	drXP_053769828.1	0.476	62	31	0	24	83	509	570	3.638E-06	45
NP_477521.1	drXP_053769825.1	0.476	62	31	0	24	83	509	570	3.638E-06	45
NP_477521.1	drXP_053769826.1	0.476	62	31	0	24	83	509	570	3.638E-06	45
NP_477521.1	drXP_053769827.1	0.476	62	31	0	24	83	509	570	3.638E-06	45
NP_001123554.1	drXP_045055663.2	0.882	2135	251	0	1	2135	1	2131	0.000E+00	3918
NP_001123554.1	drXP_045055664.2	0.882	2135	251	0	1	2135	1	2131	0.000E+00	3918
NP_001123554.1	drXP_045055665.2	0.882	2135	251	0	1	2135	1	2131	0.000E+00	3918
NP_001123554.1	drXP_045055666.2	0.882	2135	251	0	1	2135	1	2131	0.000E+00	3918
NP_001123554.1	drXP_024421556.2	0.882	2135	251	0	1	2135	1	2131	0.000E+00	3918
NP_001123554.1	drXP_053785397.1	0.882	2135	251	0	1	2135	1	2131	0.000E+00	3918
NP_002664.2	drXP_045055663.2	0.882	2135	251	0	1	2135	1	2131	0.000E+00	3918
NP_002664.2	drXP_045055664.2	0.882	2135	251	0	1	2135	1	2131	0.000E+00	3918
NP_002664.2	drXP_045055665.2	0.882	2135	251	0	1	2135	1	2131	0.000E+00	3918
NP_002664.2	drXP_045055666.2	0.882	2135	251	0	1	2135	1	2131	0.000E+00	3918
NP_002664.2	drXP_024421556.2	0.882	2135	251	0	1	2135	1	2131	0.000E+00	3918
NP_002664.2	drXP_053785397.1	0.882	2135	251	0	1	2135	1	2131	0.000E+00	3918
NP_036533.2	drXP_053775806.1	0.849	1845	277	0	1	1838	1	1845	0.000E+00	3267
NP_036533.2	drXP_053775807.1	0.849	1845	277	0	1	1838	1	1845	0.000E+00	3267
NP_036533.2	drXP_053775808.1	0.849	1845	277	0	1	1838	1	1845	0.000E+00	3267
NP_036533.2	drXP_053775809.1	0.849	1845	277	0	1	1838	1	1845	0.000E+00	3267
NP_036533.2	drXP_053775810.1	0.849	1845	277	0	1	1838	1	1845	0.000E+00	3267
NP_036533.2	drXP_053775811.1	0.849	1845	277	0	1	1838	1	1845	0.000E+00	3267
NP_036533.2	drXP_053775812.1	0.849	1845	277	0	1	1838	1	1845	0.000E+00	3267
NP_036533.2	drXP_053775813.1	0.849	1845	277	0	1	1838	1	1845	0.000E+00	3267
NP_036533.2	drXP_053775814.1	0.849	1845	277	0	1	1838	1	1845	0.000E+00	3267
NP_036533.2	drXP_053775815.1	0.849	1845	277	0	1	1838	1	1845	0.000E+00	3267
NP_036533.2	drXP_053775816.1	0.849	1845	277	0	1	1838	1	1845	0.000E+00	3267
NP_036533.2	drXP_053775817.1	0.849	1845	277	0	1	1838	1	1845	0.000E+00	3267
NP_036533.2	drXP_053775805.1	0.849	1845	277	0	1	1838	10	1854	0.000E+00	3267
XP_005261966.1	drXP_053775806.1	0.849	1845	277	0	1	1838	1	1845	0.000E+00	3267
XP_005261966.1	drXP_053775807.1	0.849	1845	277	0	1	1838	1	1845	0.000E+00	3267
XP_005261966.1	drXP_053775808.1	0.849	1845	277	0	1	1838	1	1845	0.000E+00	3267
XP_005261966.1	drXP_053775809.1	0.849	1845	277	0	1	1838	1	1845	0.000E+00	3267
XP_005261966.1	drXP_053775810.1	0.849	1845	277	0	1	1838	1	1845	0.000E+00	3267
XP_005261966.1	drXP_053775811.1	0.849	1845	277	0	1	1838	1	1845	0.000E+00	3267
XP_005261966.1	drXP_053775812.1	0.849	1845	277	0	1	1838	1	1845	0.000E+00	3267
XP_005261966.1	drXP_053775813.1	0.849	1845	277	0	1	1838	1	1845	0.000E+00	3267
XP_005261966.1	drXP_053775814.1	0.849	1845	277	0	1	1838	1	1845	0.000E+00	3267
XP_005261966.1	drXP_053775815.1	0.849	1845	277	0	1	1838	1	1845	0.000E+00	3267
XP_005261966.1	drXP_053775816.1	0.849	1845	277	0	1	1838	1	1845	0.000E+00	3267
XP_005261966.1	drXP_053775817.1	0.849	1845	277	0	1	1838	1	1845	0.000E+00	3267
XP_005261966.1	drXP_053775805.1	0.849	1845	277	0	1	1838	10	1854	0.000E+00	3267
XP_005261967.1	drXP_053775806.1	0.849	1845	277	0	1	1838	1	1845	0.000E+00	3267
XP_005261967.1	drXP_053775807.1	0.849	1845	277	0	1	1838	1	1845	0.000E+00	3267
XP_005261967.1	drXP_053775808.1	0.849	1845	277	0	1	1838	1	1845	0.000E+00	3267
XP_005261967.1	drXP_053775809.1	0.849	1845	277	0	1	1838	1	1845	0.000E+00	3267
XP_005261967.1	drXP_053775810.1	0.849	1845	277	0	1	1838	1	1845	0.000E+00	3267
XP_005261967.1	drXP_053775811.1	0.849	1845	277	0	1	1838	1	1845	0.000E+00	3267
XP_005261967.1	drXP_053775812.1	0.849	1845	277	0	1	1838	1	1845	0.000E+00	3267
XP_005261967.1	drXP_053775813.1	0.849	1845	277	0	1	1838	1	1845	0.000E+00	3267
XP_005261967.1	drXP_053775814.1	0.849	1845	277	0	1	1838	1	1845	0.000E+00	3267
XP_005261967.1	drXP_053775815.1	0.849	1845	277	0	1	1838	1	1845	0.000E+00	3267
XP_005261967.1	drXP_053775816.1	0.849	1845	277	0	1	1838	1	1845	0.000E+00	3267
XP_005261967.1	drXP_053775817.1	0.849	1845	277	0	1	1838	1	1845	0.000E+00	3267
XP_005261967.1	drXP_053775805.1	0.849	1845	277	0	1	1838	10	1854	0.000E+00	3267
NP_115484.2	drXP_053767971.1	0.915	888	74	0	1	888	1	869	0.000E+00	1696
NP_115484.2	drXP_045058645.2	0.915	888	74	0	1	888	27	895	0.000E+00	1696
NP_115484.2	drXP_024424689.2	0.915	888	74	0	1	888	35	903	0.000E+00	1696
NP_699203.1	drXP_053767743.1	0.790	281	58	0	1	281	1	279	1.212E-149	469
NP_699203.1	drXP_053767744.1	0.790	281	58	0	1	281	1	279	1.212E-149	469
NP_699203.1	drXP_045046112.2	0.790	281	58	0	1	281	1	279	1.212E-149	469
NP_699203.1	drXP_045046113.2	0.790	281	58	0	1	281	1	279	1.212E-149	469
NP_699203.1	drXP_024409529.2	0.790	281	58	0	1	281	1	279	1.212E-149	469
NP_699203.1	drXP_045046114.2	0.790	281	58	0	1	281	1	279	1.212E-149	469
NP_699203.1	drXP_024409532.2	0.790	281	58	0	1	281	1	279	1.212E-149	469
NP_569057.1	drXP_024436348.2	0.955	742	33	0	1	742	1	742	0.000E+00	1505
NP_006565.2	drXP_024421926.2	0.867	543	72	0	1	539	1	543	3.103E-321	979
XP_006716792.1	drXP_045049668.2	0.834	715	119	0	1	715	1	715	0.000E+00	1270
XP_006716792.1	drXP_045049669.2	0.834	715	119	0	1	715	1	715	0.000E+00	1270
NP_001193939.1	drXP_024435365.2	0.601	265	105	0	11	274	1	265	6.690E-101	328
NP_004475.1	drXP_024422554.2	0.953	580	27	0	1	580	1	580	0.000E+00	1160
NP_001171175.1	drXP_045049668.2	0.834	715	119	0	1	715	1	715	0.000E+00	1270
NP_001171175.1	drXP_045049669.2	0.834	715	119	0	1	715	1	715	0.000E+00	1270
NP_997244.4	drXP_024422518.2	0.822	3169	564	0	1	3169	1	3169	0.000E+00	5406
XP_005270066.1	drXP_053778152.1	0.943	844	48	0	1	843	1	844	0.000E+00	1673
XP_005270066.1	drXP_053778153.1	0.943	844	48	0	1	843	1	844	0.000E+00	1673
XP_005270067.1	drXP_053778154.1	0.942	839	49	0	1	838	1	839	0.000E+00	1664
NP_003957.2	drXP_045042192.2	0.944	1074	60	0	1	1074	1	1073	0.000E+00	2253
NP_003957.2	drXP_045042193.2	0.944	1074	60	0	1	1074	1	1073	0.000E+00	2253
NP_003957.2	drXP_053769836.1	0.944	1074	60	0	1	1074	1	1073	0.000E+00	2253
NP_003957.2	drXP_053769839.1	0.944	1074	60	0	1	1074	1	1073	0.000E+00	2253
NP_003957.2	drXP_024434300.2	0.944	1074	60	0	1	1074	1	1073	0.000E+00	2253
XP_006714569.1	drXP_045042192.2	0.944	1074	60	0	1	1074	1	1073	0.000E+00	2253
XP_006714569.1	drXP_045042193.2	0.944	1074	60	0	1	1074	1	1073	0.000E+00	2253
XP_006714569.1	drXP_053769836.1	0.944	1074	60	0	1	1074	1	1073	0.000E+00	2253
XP_006714569.1	drXP_053769839.1	0.944	1074	60	0	1	1074	1	1073	0.000E+00	2253
XP_006714569.1	drXP_024434300.2	0.944	1074	60	0	1	1074	1	1073	0.000E+00	2253
XP_006714570.1	drXP_045042192.2	0.944	1074	60	0	1	1074	1	1073	0.000E+00	2253
XP_006714570.1	drXP_045042193.2	0.944	1074	60	0	1	1074	1	1073	0.000E+00	2253
XP_006714570.1	drXP_053769836.1	0.944	1074	60	0	1	1074	1	1073	0.000E+00	2253
XP_006714570.1	drXP_053769839.1	0.944	1074	60	0	1	1074	1	1073	0.000E+00	2253
XP_006714570.1	drXP_024434300.2	0.944	1074	60	0	1	1074	1	1073	0.000E+00	2253
NP_001026872.2	drXP_024433843.1	0.926	1093	81	0	59	1151	1	1093	0.000E+00	2228
NP_001243275.1	drXP_024433843.1	0.926	1093	81	0	59	1151	1	1093	0.000E+00	2228
NP_001243276.1	drXP_024433843.1	0.926	1093	81	0	113	1205	1	1093	0.000E+00	2228
NP_037384.1	drXP_024410811.2	0.702	188	55	0	1	188	1	185	2.701E-86	281
XP_005250022.1	drXP_024410812.2	0.739	165	43	0	1	165	1	165	6.121E-83	270
NP_001007034.1	drXP_053775451.1	0.720	210	58	0	1	208	1	210	1.304E-104	335
NP_072092.2	drXP_045042959.2	0.733	195	52	0	7	201	1	195	2.309E-94	305
NP_922938.1	drXP_045042961.2	0.717	241	68	0	7	247	1	241	5.920E-115	367
NP_072092.2	drXP_045042959.2	0.733	195	52	0	7	201	1	195	2.309E-94	305
NP_922938.1	drXP_045042961.2	0.717	241	68	0	7	247	1	241	5.920E-115	367
NP_005561.1	drXP_045043710.1	0.911	518	45	0	1	510	1	518	0.000E+00	1006
NP_005561.1	drXP_024435994.1	0.911	518	45	0	1	510	1	518	0.000E+00	1006
NP_005561.1	drXP_045043708.1	0.911	518	45	0	1	510	1	518	0.000E+00	1006
NP_005561.1	drXP_045043709.1	0.911	518	45	0	1	510	1	518	0.000E+00	1006
NP_000233.1	drXP_045053705.2	0.670	248	82	0	1	248	1	248	7.661E-104	335
XP_006717924.1	drXP_045053705.2	0.670	248	82	0	1	248	1	248	7.661E-104	335
XP_005251439.1	drXP_053780525.1	0.844	2179	340	0	1	2179	37	2215	0.000E+00	3898
XP_005251439.1	drXP_053780526.1	0.844	2179	340	0	1	2179	37	2215	0.000E+00	3898
XP_005251439.1	drXP_053780531.1	0.844	2179	340	0	1	2179	37	2215	0.000E+00	3898
NP_001073980.2	drXP_024410855.2	0.938	213	13	0	2	214	6	217	7.345E-139	434
NP_001265338.1	drXP_024416921.2	0.911	472	41	0	1	472	1	465	2.788E-297	906
NP_665875.1	drXP_053779399.1	0.904	505	48	0	1	505	1	497	8.515E-319	970
NP_665875.1	drXP_053779400.1	0.904	505	48	0	1	505	1	497	8.515E-319	970
NP_665875.1	drXP_024416922.2	0.904	505	48	0	1	505	1	497	8.515E-319	970
NP_665876.1	drXP_053779399.1	0.904	505	48	0	1	505	1	497	8.515E-319	970
NP_665876.1	drXP_053779400.1	0.904	505	48	0	1	505	1	497	8.515E-319	970
NP_665876.1	drXP_024416922.2	0.904	505	48	0	1	505	1	497	8.515E-319	970
NP_001003954.1	drXP_045060848.2	0.857	357	51	0	1	357	1	357	4.408E-199	616
NP_004297.2	drXP_045060850.2	0.876	316	39	0	1	316	1	316	4.191E-179	556
NP_001002857.1	drXP_053783870.1	0.967	339	11	0	1	339	1	339	8.913E-217	666
NP_001002857.1	drXP_053783871.1	0.967	339	11	0	1	339	1	339	8.913E-217	666
NP_001002857.1	drXP_053783872.1	0.967	339	11	0	1	339	1	339	8.913E-217	666
NP_001002857.1	drXP_045057271.2	0.967	339	11	0	1	339	1	339	8.913E-217	666
NP_001002857.1	drXP_024424283.2	0.967	339	11	0	1	339	1	339	8.913E-217	666
NP_001002858.1	drXP_053783870.1	0.967	339	11	0	19	357	1	339	2.059E-216	666
NP_001002858.1	drXP_053783871.1	0.967	339	11	0	19	357	1	339	2.059E-216	666
NP_001002858.1	drXP_053783872.1	0.967	339	11	0	19	357	1	339	2.059E-216	666
NP_001002858.1	drXP_045057271.2	0.967	339	11	0	19	357	1	339	2.059E-216	666
NP_001002858.1	drXP_024424283.2	0.967	339	11	0	19	357	1	339	2.059E-216	666
NP_001129487.1	drXP_053783870.1	0.967	339	11	0	1	339	1	339	8.913E-217	666
NP_001129487.1	drXP_053783871.1	0.967	339	11	0	1	339	1	339	8.913E-217	666
NP_001129487.1	drXP_053783872.1	0.967	339	11	0	1	339	1	339	8.913E-217	666
NP_001129487.1	drXP_045057271.2	0.967	339	11	0	1	339	1	339	8.913E-217	666
NP_001129487.1	drXP_024424283.2	0.967	339	11	0	1	339	1	339	8.913E-217	666
NP_004030.1	drXP_053783870.1	0.967	339	11	0	1	339	1	339	8.913E-217	666
NP_004030.1	drXP_053783871.1	0.967	339	11	0	1	339	1	339	8.913E-217	666
NP_004030.1	drXP_053783872.1	0.967	339	11	0	1	339	1	339	8.913E-217	666
NP_004030.1	drXP_045057271.2	0.967	339	11	0	1	339	1	339	8.913E-217	666
NP_004030.1	drXP_024424283.2	0.967	339	11	0	1	339	1	339	8.913E-217	666
NP_005130.1	drXP_024434996.2	0.907	323	30	0	1	323	1	323	1.917E-191	592
NP_005130.1	drXP_053778645.1	0.907	323	30	0	1	323	1	323	1.917E-191	592
NP_078966.2	drXP_053767196.1	0.485	3720	1581	0	10765	14484	1	3071	0.000E+00	3068
NP_775871.2	drXP_053777594.1	0.513	3142	1428	0	458	3599	29	2962	0.000E+00	2850
NP_002448.3	drXP_053779740.1	0.554	5168	1704	0	1	5168	1	3822	0.000E+00	5336
NP_057595.2	drXP_024435264.2	0.710	269	78	0	1	269	1	269	6.058E-131	415
NP_057593.3	drXP_024435451.1	0.697	228	68	0	1	228	1	227	6.597E-105	337
XP_005251441.1	drXP_045049668.2	0.834	715	119	0	1	715	1	715	0.000E+00	1270
XP_005251441.1	drXP_045049669.2	0.834	715	119	0	1	715	1	715	0.000E+00	1270
NP_940850.1	drXP_024414368.2	0.712	174	50	0	1	174	1	174	1.346E-87	284
XP_005264192.1	drXP_024414368.2	0.712	174	50	0	1	174	1	174	1.346E-87	284
NP_001152824.1	drXP_024426375.2	0.689	158	49	0	1	158	1	158	3.529E-77	253
NP_001152824.1	drXP_045059655.2	0.689	158	49	0	1	158	1	158	3.529E-77	253
NP_114433.1	drXP_024426375.2	0.689	158	49	0	1	158	1	158	3.529E-77	253
NP_114433.1	drXP_045059655.2	0.689	158	49	0	1	158	1	158	3.529E-77	253
NP_001006947.1	drXP_024408256.3	0.732	310	82	0	1	310	1	306	2.084E-140	444
NP_002988.3	drXP_024408256.3	0.732	310	82	0	1	310	1	306	2.084E-140	444
NP_002989.2	drXP_024427955.3	0.895	201	21	0	1	201	1	201	1.731E-114	363
NP_001035972.1	drXP_045041569.2	0.755	135	33	0	2	136	5	138	2.999E-68	226
NP_001035972.1	drXP_045041570.2	0.755	135	33	0	2	136	5	138	2.999E-68	226
NP_001035972.1	drXP_053772111.1	0.755	135	33	0	2	136	5	138	2.999E-68	226
NP_001035972.1	drXP_053772112.1	0.755	135	33	0	2	136	5	138	2.999E-68	226
NP_002298.1	drXP_045041569.2	0.755	135	33	0	2	136	5	138	2.999E-68	226
NP_002298.1	drXP_045041570.2	0.755	135	33	0	2	136	5	138	2.999E-68	226
NP_002298.1	drXP_053772111.1	0.755	135	33	0	2	136	5	138	2.999E-68	226
NP_002298.1	drXP_053772112.1	0.755	135	33	0	2	136	5	138	2.999E-68	226
NP_006490.3	drXP_053768446.1	0.826	358	62	0	2	359	1	357	2.175E-199	617
NP_006490.3	drXP_045052375.1	0.826	358	62	0	2	359	1	357	2.175E-199	617
NP_006490.3	drXP_024417485.1	0.826	358	62	0	2	359	1	357	2.175E-199	617
NP_006490.3	drXP_024417486.1	0.826	358	62	0	2	359	1	357	2.175E-199	617
NP_963837.1	drXP_053768447.1	0.841	316	50	0	2	317	1	316	8.109E-181	561
NP_963838.1	drXP_053768447.1	0.841	316	50	0	2	317	1	316	8.109E-181	561
NP_963839.1	drXP_053768446.1	0.826	358	62	0	2	359	1	357	2.175E-199	617
NP_963839.1	drXP_045052375.1	0.826	358	62	0	2	359	1	357	2.175E-199	617
NP_963839.1	drXP_024417485.1	0.826	358	62	0	2	359	1	357	2.175E-199	617
NP_963839.1	drXP_024417486.1	0.826	358	62	0	2	359	1	357	2.175E-199	617
NP_002299.2	drXP_024420650.2	0.733	323	86	0	1	323	1	323	1.126E-162	509
NP_033665.1	drXP_024420649.2	0.718	355	100	0	1	355	1	355	2.982E-176	550
NP_001008388.1	drXP_024414368.2	0.712	174	50	0	1	174	1	174	1.346E-87	284
NP_001256969.1	drXP_024414367.1	0.720	129	36	0	1	129	1	129	2.616E-66	220
NP_005743.4	drXP_024411604.2	0.903	196	19	0	10	205	1	196	6.135E-120	379
NP_116201.7	drXP_024431921.1	0.937	529	33	0	1	529	1	529	0.000E+00	1044
NP_940995.1	drXP_053767743.1	0.790	281	58	0	1	281	1	279	1.212E-149	469
NP_940995.1	drXP_053767744.1	0.790	281	58	0	1	281	1	279	1.212E-149	469
NP_940995.1	drXP_045046112.2	0.790	281	58	0	1	281	1	279	1.212E-149	469
NP_940995.1	drXP_045046113.2	0.790	281	58	0	1	281	1	279	1.212E-149	469
NP_940995.1	drXP_024409529.2	0.790	281	58	0	1	281	1	279	1.212E-149	469
NP_940995.1	drXP_045046114.2	0.790	281	58	0	1	281	1	279	1.212E-149	469
NP_940995.1	drXP_024409532.2	0.790	281	58	0	1	281	1	279	1.212E-149	469
XP_006721730.1	drXP_053767743.1	0.790	281	58	0	1	281	1	279	1.212E-149	469
XP_006721730.1	drXP_053767744.1	0.790	281	58	0	1	281	1	279	1.212E-149	469
XP_006721730.1	drXP_045046112.2	0.790	281	58	0	1	281	1	279	1.212E-149	469
XP_006721730.1	drXP_045046113.2	0.790	281	58	0	1	281	1	279	1.212E-149	469
XP_006721730.1	drXP_024409529.2	0.790	281	58	0	1	281	1	279	1.212E-149	469
XP_006721730.1	drXP_045046114.2	0.790	281	58	0	1	281	1	279	1.212E-149	469
XP_006721730.1	drXP_024409532.2	0.790	281	58	0	1	281	1	279	1.212E-149	469
XP_006721729.1	drXP_053767743.1	0.790	281	58	0	11	291	1	279	1.916E-149	469
XP_006721729.1	drXP_053767744.1	0.790	281	58	0	11	291	1	279	1.916E-149	469
XP_006721729.1	drXP_045046112.2	0.790	281	58	0	11	291	1	279	1.916E-149	469
XP_006721729.1	drXP_045046113.2	0.790	281	58	0	11	291	1	279	1.916E-149	469
XP_006721729.1	drXP_024409529.2	0.790	281	58	0	11	291	1	279	1.916E-149	469
XP_006721729.1	drXP_045046114.2	0.790	281	58	0	11	291	1	279	1.916E-149	469
XP_006721729.1	drXP_024409532.2	0.790	281	58	0	11	291	1	279	1.916E-149	469
NP_114114.2	drXP_045041032.2	0.961	285	11	0	46	330	1	285	1.672E-196	607
NP_114114.2	drXP_024432890.2	0.961	285	11	0	46	330	1	285	1.672E-196	607
NP_112207.1	drXP_024434274.2	0.975	242	6	0	5	246	69	310	2.180E-168	521
NP_112207.1	drXP_024434273.2	0.975	242	6	0	5	246	69	310	2.180E-168	521
NP_852100.3	drXP_024434271.2	0.955	315	14	0	5	319	69	383	1.124E-212	653
NP_114115.2	drXP_053780959.1	0.926	328	24	0	1	328	1	324	4.529E-202	623
NP_001265360.1	drXP_024426640.1	0.946	243	13	0	1	243	1	243	7.388E-162	502
NP_001265360.1	drXP_024426641.1	0.946	243	13	0	1	243	1	243	7.388E-162	502
NP_001265360.1	drXP_024426642.1	0.946	243	13	0	1	243	1	243	7.388E-162	502
NP_056460.1	drXP_024426640.1	0.946	243	13	0	1	243	1	243	7.388E-162	502
NP_056460.1	drXP_024426641.1	0.946	243	13	0	1	243	1	243	7.388E-162	502
NP_056460.1	drXP_024426642.1	0.946	243	13	0	1	243	1	243	7.388E-162	502
NP_003269.2	drXP_024421723.2	0.851	202	30	0	1	202	1	202	3.338E-116	368
XP_005265483.1	drXP_053786448.1	0.887	160	18	0	1	160	1	160	3.084E-96	308
NP_057268.1	drXP_024435245.2	0.662	237	80	0	1	237	1	237	7.878E-107	343
XP_005270065.1	drXP_053778152.1	0.943	844	48	0	1	843	1	844	0.000E+00	1673
XP_005270065.1	drXP_053778153.1	0.943	844	48	0	1	843	1	844	0.000E+00	1673
NP_000604.1	drXP_024425095.2	0.803	464	91	0	1	462	1	464	7.046E-273	835
NP_001191215.1	drXP_024426746.2	0.551	467	204	0	18	484	314	769	4.788E-142	458
NP_001148.1	drXP_053779399.1	0.904	505	48	0	1	505	1	497	8.515E-319	970
NP_001148.1	drXP_053779400.1	0.904	505	48	0	1	505	1	497	8.515E-319	970
NP_001148.1	drXP_024416922.2	0.904	505	48	0	1	505	1	497	8.515E-319	970
NP_001265336.1	drXP_053779399.1	0.904	505	48	0	1	505	1	497	8.515E-319	970
NP_001265336.1	drXP_053779400.1	0.904	505	48	0	1	505	1	497	8.515E-319	970
NP_001265336.1	drXP_024416922.2	0.904	505	48	0	1	505	1	497	8.515E-319	970
NP_001265337.1	drXP_053779399.1	0.904	505	48	0	1	505	1	497	8.515E-319	970
NP_001265337.1	drXP_053779400.1	0.904	505	48	0	1	505	1	497	8.515E-319	970
NP_001265337.1	drXP_024416922.2	0.904	505	48	0	1	505	1	497	8.515E-319	970
XP_005263030.1	drXP_024434996.2	0.907	323	30	0	1	323	1	323	1.917E-191	592
XP_005263030.1	drXP_053778645.1	0.907	323	30	0	1	323	1	323	1.917E-191	592
NP_001145.1	drXP_053767016.1	0.943	320	18	0	1	320	1	320	5.689E-195	602
NP_001146.2	drXP_024432603.2	0.949	674	34	0	1	673	1	674	0.000E+00	1290
NP_003656.2	drXP_045046968.1	0.830	300	51	0	1	299	1	300	1.907E-179	556
NP_872425.2	drXP_024411733.2	0.864	434	59	0	13	445	17	450	8.988E-271	828
NP_009124.2	drXP_024424490.3	0.910	324	29	0	1	324	1	324	6.041E-205	631
NP_003559.2	drXP_053771470.1	0.826	345	60	0	1	345	1	345	2.438E-182	567
NP_065847.1	drXP_024427310.1	0.959	1030	42	0	1	1030	1	1029	0.000E+00	2076
NP_065847.1	drXP_045060390.1	0.959	1030	42	0	1	1030	1	1029	0.000E+00	2076
NP_525126.2	drXP_045043031.2	0.627	214	78	0	1	214	1	210	1.284E-90	295
NP_525126.2	drXP_045043032.2	0.627	214	78	0	1	214	1	210	1.284E-90	295
NP_055173.1	drXP_024434841.2	0.702	215	64	0	1	215	1	215	3.808E-106	340
NP_775806.2	drXP_045045285.2	0.620	552	208	0	1	552	6	554	2.371E-213	670
XP_005264229.1	drXP_045045285.2	0.620	552	208	0	1	552	6	554	9.387E-214	670
XP_006715792.1	drXP_053781987.1	0.824	828	144	0	1	828	1	818	0.000E+00	1403
XP_006715792.1	drXP_053781988.1	0.824	828	144	0	1	828	1	818	0.000E+00	1403
XP_006715792.1	drXP_053781989.1	0.824	828	144	0	1	828	1	818	0.000E+00	1403
XP_006715792.1	drXP_053781990.1	0.824	828	144	0	1	828	1	818	0.000E+00	1403
XP_006715792.1	drXP_053781991.1	0.824	828	144	0	1	828	1	818	0.000E+00	1403
XP_006715792.1	drXP_053781992.1	0.824	828	144	0	1	828	1	818	0.000E+00	1403
NP_443138.2	drXP_053775513.1	0.958	824	34	0	1	820	1	824	0.000E+00	1642
NP_443138.2	drXP_053775514.1	0.958	824	34	0	1	820	1	824	0.000E+00	1642
NP_443138.2	drXP_053775505.1	0.958	824	34	0	1	820	1	824	0.000E+00	1642
NP_443138.2	drXP_053775506.1	0.958	824	34	0	1	820	1	824	0.000E+00	1642
NP_443138.2	drXP_053775507.1	0.958	824	34	0	1	820	1	824	0.000E+00	1642
NP_443138.2	drXP_053775508.1	0.958	824	34	0	1	820	1	824	0.000E+00	1642
NP_443138.2	drXP_053775509.1	0.958	824	34	0	1	820	1	824	0.000E+00	1642
NP_443138.2	drXP_053775511.1	0.958	824	34	0	1	820	1	824	0.000E+00	1642
NP_443138.2	drXP_053775512.1	0.958	824	34	0	1	820	1	824	0.000E+00	1642
XP_005261381.1	drXP_053775513.1	0.958	824	34	0	1	820	1	824	0.000E+00	1642
XP_005261381.1	drXP_053775514.1	0.958	824	34	0	1	820	1	824	0.000E+00	1642
XP_005261381.1	drXP_053775505.1	0.958	824	34	0	1	820	1	824	0.000E+00	1642
XP_005261381.1	drXP_053775506.1	0.958	824	34	0	1	820	1	824	0.000E+00	1642
XP_005261381.1	drXP_053775507.1	0.958	824	34	0	1	820	1	824	0.000E+00	1642
XP_005261381.1	drXP_053775508.1	0.958	824	34	0	1	820	1	824	0.000E+00	1642
XP_005261381.1	drXP_053775509.1	0.958	824	34	0	1	820	1	824	0.000E+00	1642
XP_005261381.1	drXP_053775511.1	0.958	824	34	0	1	820	1	824	0.000E+00	1642
XP_005261381.1	drXP_053775512.1	0.958	824	34	0	1	820	1	824	0.000E+00	1642
XP_006724186.1	drXP_053775513.1	0.958	824	34	0	1	820	1	824	0.000E+00	1642
XP_006724186.1	drXP_053775514.1	0.958	824	34	0	1	820	1	824	0.000E+00	1642
XP_006724186.1	drXP_053775505.1	0.958	824	34	0	1	820	1	824	0.000E+00	1642
XP_006724186.1	drXP_053775506.1	0.958	824	34	0	1	820	1	824	0.000E+00	1642
XP_006724186.1	drXP_053775507.1	0.958	824	34	0	1	820	1	824	0.000E+00	1642
XP_006724186.1	drXP_053775508.1	0.958	824	34	0	1	820	1	824	0.000E+00	1642
XP_006724186.1	drXP_053775509.1	0.958	824	34	0	1	820	1	824	0.000E+00	1642
XP_006724186.1	drXP_053775511.1	0.958	824	34	0	1	820	1	824	0.000E+00	1642
XP_006724186.1	drXP_053775512.1	0.958	824	34	0	1	820	1	824	0.000E+00	1642
XP_006724187.1	drXP_053775513.1	0.958	824	34	0	1	820	1	824	0.000E+00	1642
XP_006724187.1	drXP_053775514.1	0.958	824	34	0	1	820	1	824	0.000E+00	1642
XP_006724187.1	drXP_053775505.1	0.958	824	34	0	1	820	1	824	0.000E+00	1642
XP_006724187.1	drXP_053775506.1	0.958	824	34	0	1	820	1	824	0.000E+00	1642
XP_006724187.1	drXP_053775507.1	0.958	824	34	0	1	820	1	824	0.000E+00	1642
XP_006724187.1	drXP_053775508.1	0.958	824	34	0	1	820	1	824	0.000E+00	1642
XP_006724187.1	drXP_053775509.1	0.958	824	34	0	1	820	1	824	0.000E+00	1642
XP_006724187.1	drXP_053775511.1	0.958	824	34	0	1	820	1	824	0.000E+00	1642
XP_006724187.1	drXP_053775512.1	0.958	824	34	0	1	820	1	824	0.000E+00	1642
NP_001153166.1	drXP_045039726.2	0.574	251	105	0	1	248	1	251	1.034E-73	248
NP_057326.2	drXP_024430678.2	0.573	264	111	0	1	261	1	264	5.675E-78	261
NP_001994.2	drXP_053771303.1	0.759	328	78	0	1	325	1	328	1.050E-173	541
NP_006489.1	drXP_045042946.2	0.815	130	24	0	1	130	1	130	2.039E-70	232
NP_002297.2	drXP_053784992.1	0.756	269	61	0	1	250	1	269	4.785E-136	428
NP_006140.1	drXP_045041571.1	0.817	323	57	0	1	323	1	315	8.115E-184	570
NP_005699.1	drXP_024422799.2	0.985	556	8	0	1	555	1	556	0.000E+00	1134
NP_037504.1	drXP_045058019.1	0.994	184	1	0	1	184	1	184	2.988E-125	393
NP_037504.1	drXP_024424227.2	0.994	184	1	0	1	184	57	240	2.988E-125	393
NP_945119.1	drXP_053768796.1	0.823	824	145	0	14	837	22	841	0.000E+00	1414
NP_060259.4	drXP_045060710.2	0.910	834	75	0	1	833	1	834	0.000E+00	1625
NP_060259.4	drXP_045060711.2	0.910	834	75	0	1	833	1	834	0.000E+00	1625
NP_060259.4	drXP_045060712.2	0.910	834	75	0	1	833	1	834	0.000E+00	1625
NP_060259.4	drXP_045060713.2	0.910	834	75	0	1	833	1	834	0.000E+00	1625
NP_060259.4	drXP_045060714.2	0.910	834	75	0	1	833	1	834	0.000E+00	1625
NP_060259.4	drXP_024427604.2	0.910	834	75	0	1	833	1	834	0.000E+00	1625
NP_060259.4	drXP_024427605.2	0.910	834	75	0	1	833	1	834	0.000E+00	1625
NP_060259.4	drXP_053781336.1	0.910	834	75	0	1	833	1	834	0.000E+00	1625
NP_001135759.1	drXP_045053627.2	0.826	737	128	0	1	737	14	747	0.000E+00	1309
NP_006369.3	drXP_024419111.2	0.814	862	159	0	1	862	1	856	0.000E+00	1470
NP_006369.3	drXP_024419113.2	0.814	862	159	0	1	862	1	856	0.000E+00	1470
NP_006369.3	drXP_045053623.2	0.814	862	159	0	1	862	1	856	0.000E+00	1470
NP_006369.3	drXP_053781472.1	0.814	862	159	0	1	862	14	869	0.000E+00	1470
NP_006369.3	drXP_053781477.1	0.814	862	159	0	1	862	14	869	0.000E+00	1470
NP_006369.3	drXP_045053618.2	0.814	862	159	0	1	862	14	869	0.000E+00	1470
NP_006369.3	drXP_045053622.2	0.814	862	159	0	1	862	14	869	0.000E+00	1470
NP_006369.3	drXP_053781459.1	0.814	862	159	0	1	862	14	869	0.000E+00	1470
NP_006369.3	drXP_053781464.1	0.814	862	159	0	1	862	14	869	0.000E+00	1470
XP_005251711.1	drXP_024419111.2	0.814	862	159	0	1	862	1	856	0.000E+00	1470
XP_005251711.1	drXP_024419113.2	0.814	862	159	0	1	862	1	856	0.000E+00	1470
XP_005251711.1	drXP_045053623.2	0.814	862	159	0	1	862	1	856	0.000E+00	1470
XP_005251711.1	drXP_053781472.1	0.814	862	159	0	1	862	14	869	0.000E+00	1470
XP_005251711.1	drXP_053781477.1	0.814	862	159	0	1	862	14	869	0.000E+00	1470
XP_005251711.1	drXP_045053618.2	0.814	862	159	0	1	862	14	869	0.000E+00	1470
XP_005251711.1	drXP_045053622.2	0.814	862	159	0	1	862	14	869	0.000E+00	1470
XP_005251711.1	drXP_053781459.1	0.814	862	159	0	1	862	14	869	0.000E+00	1470
XP_005251711.1	drXP_053781464.1	0.814	862	159	0	1	862	14	869	0.000E+00	1470
NP_001258591.1	drXP_024414280.2	0.915	737	63	0	1	737	1	737	0.000E+00	1419
NP_004254.2	drXP_024414279.2	0.919	770	62	0	1	770	1	770	0.000E+00	1490
NP_006335.2	drXP_045055294.2	0.591	306	117	0	1	286	1	306	1.789E-124	397
NP_689886.3	drXP_024433929.1	0.505	537	256	0	1	537	1	518	2.953E-145	470
NP_001010909.2	drXP_053770332.1	0.514	564	264	0	3	566	1	544	1.535E-147	478
NP_065138.2	drXP_053767711.1	0.886	502	57	0	1	499	1	502	3.110E-310	945
XP_005253381.1	drXP_024435365.2	0.601	265	105	0	1	264	1	265	4.326E-101	328
XP_006719097.1	drXP_024435365.2	0.601	265	105	0	1	264	1	265	4.326E-101	328
NP_001123470.1	drXP_024435456.2	0.793	276	56	0	1	276	1	273	5.216E-148	464
XP_005253524.1	drXP_045042961.2	0.717	241	68	0	7	247	1	241	5.920E-115	367
NP_997228.1	drXP_024434861.2	0.633	240	87	0	1	240	1	239	3.639E-100	324
NP_006429.2	drXP_024428279.2	0.888	277	31	0	1	277	1	277	3.192E-171	531
NP_036563.1	drXP_024414846.2	0.914	775	67	0	1	775	1	775	0.000E+00	1532
NP_004177.3	drXP_053785822.1	0.969	785	24	0	1	785	1	785	0.000E+00	1624
XP_005265438.1	drXP_053785822.1	0.969	785	24	0	1	785	1	785	0.000E+00	1624
XP_005265439.1	drXP_053785823.1	0.973	754	20	0	1	754	1	754	0.000E+00	1568
NP_064548.1	drXP_024419003.1	0.879	782	93	0	1	782	1	770	0.000E+00	1448
NP_001180229.1	drXP_024426777.2	0.851	761	113	0	1	761	30	788	0.000E+00	1342
NP_001180230.1	drXP_024426777.2	0.851	761	113	0	1	761	30	788	0.000E+00	1342
NP_000482.3	drXP_045046937.2	0.839	248	40	0	3	250	1	248	1.289E-143	450
NP_000482.3	drXP_024410500.2	0.836	249	41	0	2	250	39	287	1.289E-143	450
XP_005246039.1	drXP_045046937.2	0.839	248	40	0	3	250	1	248	1.289E-143	450
XP_005246039.1	drXP_024410500.2	0.836	249	41	0	2	250	39	287	1.289E-143	450
NP_001107573.1	drXP_024410498.1	0.787	245	52	0	1	245	1	245	5.511E-132	416
NP_758957.2	drXP_024410498.1	0.787	245	52	0	1	245	1	245	5.511E-132	416
NP_001144.1	drXP_053780778.1	0.947	321	17	0	1	321	1	321	1.853E-199	615
NP_659403.4	drXP_053780525.1	0.844	2179	340	0	1	2179	37	2215	0.000E+00	3898
NP_659403.4	drXP_053780526.1	0.844	2179	340	0	1	2179	37	2215	0.000E+00	3898
NP_659403.4	drXP_053780531.1	0.844	2179	340	0	1	2179	37	2215	0.000E+00	3898
NP_004523.3	drXP_045041782.1	0.696	1171	355	0	1	1171	1	1169	0.000E+00	1745
NP_060876.5	drXP_045041779.2	0.428	2978	1677	0	2430	5407	32	2964	0.000E+00	2047
NP_060876.5	drXP_045041778.2	0.428	2978	1678	0	2430	5407	32	2965	0.000E+00	2047
NP_060876.5	drXP_045041779.2	0.428	2978	1677	0	2430	5407	32	2964	0.000E+00	2047
NP_060876.5	drXP_045041778.2	0.428	2978	1678	0	2430	5407	32	2965	0.000E+00	2047
XP_006718462.1	drXP_053780096.1	0.438	4935	1751	0	1	4935	1	3116	0.000E+00	4001
NP_002449.2	drXP_053780094.1	0.410	5748	2053	0	1	5748	1	3480	0.000E+00	4171
NP_005952.2	drXP_053781444.1	0.708	1439	419	0	3	1437	5	1443	0.000E+00	2245
NP_001138478.1	drXP_024432097.2	0.314	337	189	0	75	351	928	1264	6.907E-30	125
NP_001138479.1	drXP_024432097.2	0.314	337	189	0	75	351	928	1264	6.907E-30	125
NP_689504.2	drXP_024432097.2	0.314	337	189	0	75	351	928	1264	6.907E-30	125
XP_005275787.1	drXP_045056356.2	0.306	188	117	0	183	352	156	343	3.859E-03	41
NP_057075.1	drXP_024410497.1	0.795	245	50	0	1	245	1	245	1.708E-136	429
NP_057075.1	drXP_024410496.1	0.795	245	50	0	1	245	18	262	1.708E-136	429
NP_115618.3	drXP_053768498.1	0.954	1896	87	0	1	1896	31	1923	0.000E+00	3761
NP_079455.3	drXP_045043236.1	0.986	1894	27	0	1	1894	16	1909	0.000E+00	3897
NP_059984.3	drXP_053773539.1	0.958	1872	79	0	1	1871	1	1872	0.000E+00	3744
XP_005250743.1	drXP_024410885.2	0.965	1894	66	0	1	1894	1	1893	0.000E+00	3820
XP_006716234.1	drXP_024410885.2	0.965	1894	66	0	1	1894	1	1893	0.000E+00	3820
NP_114117.1	drXP_045038922.1	0.975	289	7	0	1	289	1	289	1.856E-200	616
NP_114117.1	drXP_045038923.1	0.975	289	7	0	1	289	1	289	1.856E-200	616
NP_114117.1	drXP_024429593.1	0.975	289	7	0	1	289	1	289	1.856E-200	616
NP_002966.1	drXP_053771007.1	0.869	330	42	0	1	323	1	330	1.208E-196	607
NP_001242914.1	drXP_024408743.3	0.821	282	50	0	4	285	31	311	3.133E-158	494
XP_006715902.1	drXP_024414857.2	0.911	771	69	0	1	771	1	771	0.000E+00	1538
NP_001276989.1	drXP_024421831.2	0.884	749	87	0	1	749	1	749	0.000E+00	1392
NP_004627.1	drXP_024421831.2	0.884	749	87	0	1	749	1	749	0.000E+00	1392
NP_006370.1	drXP_053782636.1	0.969	750	23	0	1	750	1	750	0.000E+00	1543
NP_689967.2	drXP_024413335.2	0.945	777	43	0	1	777	1	775	0.000E+00	1559
NP_149038.3	drXP_053775375.1	0.480	404	210	0	109	512	24	427	3.886E-117	387
NP_001128563.1	drXP_024414602.2	0.634	328	119	0	34	361	7	331	2.740E-126	406
NP_001128563.1	drXP_045050193.2	0.634	328	119	0	34	361	7	331	2.740E-126	406
NP_001128563.1	drXP_024414602.2	0.634	328	119	0	34	361	7	331	2.740E-126	406
NP_001128563.1	drXP_045050193.2	0.634	328	119	0	34	361	7	331	2.740E-126	406
NP_663625.2	drXP_024414602.2	0.634	328	119	0	7	334	7	331	8.625E-127	406
NP_663625.2	drXP_045050193.2	0.634	328	119	0	7	334	7	331	8.625E-127	406
NP_000533.3	drXP_045049820.2	0.721	379	102	0	13	391	1	368	1.480E-185	579
NP_942140.2	drXP_045049820.2	0.721	379	102	0	13	391	1	368	1.480E-185	579
NP_000533.3	drXP_045049820.2	0.721	379	102	0	13	391	1	368	1.480E-185	579
NP_942140.2	drXP_045049820.2	0.721	379	102	0	13	391	1	368	1.480E-185	579
XP_005264544.1	drXP_045049820.2	0.721	379	102	0	13	391	1	368	1.480E-185	579
NP_001165828.1	drXP_024416711.2	0.806	191	37	0	1	191	1	190	5.959E-96	309
NP_001165881.1	drXP_024416709.2	0.802	197	39	0	1	197	1	196	5.926E-99	318
NP_003009.2	drXP_024416709.2	0.802	197	39	0	1	197	1	196	5.926E-99	318
NP_001171532.1	drXP_053770594.1	0.884	962	111	0	1	962	1	956	0.000E+00	1768
NP_001171532.1	drXP_053770595.1	0.884	962	111	0	1	962	1	956	0.000E+00	1768
NP_001171532.1	drXP_053770596.1	0.884	962	111	0	1	962	1	956	0.000E+00	1768
NP_001171532.1	drXP_053770597.1	0.884	962	111	0	1	962	1	956	0.000E+00	1768
NP_001171532.1	drXP_053770598.1	0.884	962	111	0	1	962	1	956	0.000E+00	1768
NP_001171532.1	drXP_053770599.1	0.884	962	111	0	1	962	1	956	0.000E+00	1768
NP_112175.2	drXP_053770600.1	0.886	930	105	0	1	930	1	924	0.000E+00	1710
XP_005244890.1	drXP_053770594.1	0.884	962	111	0	1	962	1	956	0.000E+00	1768
XP_005244890.1	drXP_053770595.1	0.884	962	111	0	1	962	1	956	0.000E+00	1768
XP_005244890.1	drXP_053770596.1	0.884	962	111	0	1	962	1	956	0.000E+00	1768
XP_005244890.1	drXP_053770597.1	0.884	962	111	0	1	962	1	956	0.000E+00	1768
XP_005244890.1	drXP_053770598.1	0.884	962	111	0	1	962	1	956	0.000E+00	1768
XP_005244890.1	drXP_053770599.1	0.884	962	111	0	1	962	1	956	0.000E+00	1768
XP_005244892.1	drXP_053770594.1	0.884	962	111	0	1	962	1	956	0.000E+00	1768
XP_005244892.1	drXP_053770595.1	0.884	962	111	0	1	962	1	956	0.000E+00	1768
XP_005244892.1	drXP_053770596.1	0.884	962	111	0	1	962	1	956	0.000E+00	1768
XP_005244892.1	drXP_053770597.1	0.884	962	111	0	1	962	1	956	0.000E+00	1768
XP_005244892.1	drXP_053770598.1	0.884	962	111	0	1	962	1	956	0.000E+00	1768
XP_005244892.1	drXP_053770599.1	0.884	962	111	0	1	962	1	956	0.000E+00	1768
XP_005244893.1	drXP_053770600.1	0.886	930	105	0	1	930	1	924	0.000E+00	1710
NP_114116.3	drXP_045043205.2	0.687	278	84	0	10	278	16	293	2.795E-121	387
NP_071762.2	drXP_024426777.2	0.851	761	113	0	1	761	30	788	0.000E+00	1342
NP_064595.2	drXP_053768796.1	0.823	824	145	0	14	837	22	841	0.000E+00	1414
NP_995326.1	drXP_024413463.2	0.750	76	19	0	1	76	1	76	1.557E-31	117
NP_001087239.2	drXP_024417191.2	0.733	248	65	0	16	263	1	245	1.185E-123	393
NP_001158116.1	drXP_024417191.2	0.733	248	65	0	1	248	1	245	5.988E-124	393
NP_001158119.1	drXP_024417191.2	0.733	248	65	0	1	248	1	245	5.988E-124	393
NP_005402.3	drXP_024417191.2	0.733	248	65	0	1	248	1	245	5.988E-124	393
XP_005270119.1	drXP_024417191.2	0.733	248	65	0	1	248	1	245	5.988E-124	393
XP_006718016.1	drXP_024417191.2	0.733	248	65	0	16	263	1	245	1.185E-123	393
NP_065962.1	drXP_024410885.2	0.965	1894	66	0	1	1894	1	1893	0.000E+00	3820
NP_001888.2	drXP_045048759.2	0.840	2322	371	0	1	2322	1	2322	0.000E+00	4000
NP_001122108.1	drXP_053781987.1	0.824	828	144	0	1	828	1	818	0.000E+00	1403
NP_001122108.1	drXP_053781988.1	0.824	828	144	0	1	828	1	818	0.000E+00	1403
NP_001122108.1	drXP_053781989.1	0.824	828	144	0	1	828	1	818	0.000E+00	1403
NP_001122108.1	drXP_053781990.1	0.824	828	144	0	1	828	1	818	0.000E+00	1403
NP_001122108.1	drXP_053781991.1	0.824	828	144	0	1	828	1	818	0.000E+00	1403
NP_001122108.1	drXP_053781992.1	0.824	828	144	0	1	828	1	818	0.000E+00	1403
XP_006715788.1	drXP_053781987.1	0.824	828	144	0	1	828	1	818	0.000E+00	1403
XP_006715788.1	drXP_053781988.1	0.824	828	144	0	1	828	1	818	0.000E+00	1403
XP_006715788.1	drXP_053781989.1	0.824	828	144	0	1	828	1	818	0.000E+00	1403
XP_006715788.1	drXP_053781990.1	0.824	828	144	0	1	828	1	818	0.000E+00	1403
XP_006715788.1	drXP_053781991.1	0.824	828	144	0	1	828	1	818	0.000E+00	1403
XP_006715788.1	drXP_053781992.1	0.824	828	144	0	1	828	1	818	0.000E+00	1403
XP_006715789.1	drXP_053781987.1	0.824	828	144	0	1	828	1	818	0.000E+00	1403
XP_006715789.1	drXP_053781988.1	0.824	828	144	0	1	828	1	818	0.000E+00	1403
XP_006715789.1	drXP_053781989.1	0.824	828	144	0	1	828	1	818	0.000E+00	1403
XP_006715789.1	drXP_053781990.1	0.824	828	144	0	1	828	1	818	0.000E+00	1403
XP_006715789.1	drXP_053781991.1	0.824	828	144	0	1	828	1	818	0.000E+00	1403
XP_006715789.1	drXP_053781992.1	0.824	828	144	0	1	828	1	818	0.000E+00	1403
XP_006715790.1	drXP_053781987.1	0.824	828	144	0	1	828	1	818	0.000E+00	1403
XP_006715790.1	drXP_053781988.1	0.824	828	144	0	1	828	1	818	0.000E+00	1403
XP_006715790.1	drXP_053781989.1	0.824	828	144	0	1	828	1	818	0.000E+00	1403
XP_006715790.1	drXP_053781990.1	0.824	828	144	0	1	828	1	818	0.000E+00	1403
XP_006715790.1	drXP_053781991.1	0.824	828	144	0	1	828	1	818	0.000E+00	1403
XP_006715790.1	drXP_053781992.1	0.824	828	144	0	1	828	1	818	0.000E+00	1403
XP_006715791.1	drXP_053781987.1	0.824	828	144	0	1	828	1	818	0.000E+00	1403
XP_006715791.1	drXP_053781988.1	0.824	828	144	0	1	828	1	818	0.000E+00	1403
XP_006715791.1	drXP_053781989.1	0.824	828	144	0	1	828	1	818	0.000E+00	1403
XP_006715791.1	drXP_053781990.1	0.824	828	144	0	1	828	1	818	0.000E+00	1403
XP_006715791.1	drXP_053781991.1	0.824	828	144	0	1	828	1	818	0.000E+00	1403
XP_006715791.1	drXP_053781992.1	0.824	828	144	0	1	828	1	818	0.000E+00	1403
NP_001278713.1	drXP_024432592.3	0.716	148	39	0	1	148	1	140	1.423E-65	219
XP_005252940.1	drXP_024425095.2	0.803	464	91	0	1	462	1	464	7.046E-273	835
