NP_114116.3	mdXP_059537609.1	0.691	266	80	0	20	278	1	266	3.798E-119	381
NP_114116.3	mdXP_059537610.1	0.691	266	80	0	20	278	1	266	3.798E-119	381
NP_114116.3	mdXP_059537611.1	0.691	266	80	0	20	278	1	266	3.798E-119	381
NP_114116.3	mdXP_059537612.1	0.691	266	80	0	20	278	1	266	3.798E-119	381
NP_114116.3	mdXP_059537613.1	0.691	266	80	0	20	278	1	266	3.798E-119	381
NP_665875.1	mdXP_059518204.1	0.918	505	41	0	1	505	1	505	0.000E+00	994
NP_665875.1	mdXP_059518206.1	0.918	505	41	0	1	505	1	505	0.000E+00	994
NP_001003954.1	mdXP_059528758.1	0.882	357	42	0	1	357	1	357	7.695E-203	627
NP_057268.1	mdXP_059538109.1	0.647	237	83	0	1	237	1	237	4.834E-105	338
NP_057268.1	mdXP_059538110.1	0.647	237	83	0	1	237	1	237	4.834E-105	338
NP_001265336.1	mdXP_059518204.1	0.918	505	41	0	1	505	1	505	0.000E+00	994
NP_001265336.1	mdXP_059518206.1	0.918	505	41	0	1	505	1	505	0.000E+00	994
NP_006489.1	mdXP_059536856.1	0.750	100	24	0	31	130	42	136	2.679E-44	157
NP_002297.2	mdXP_059551356.1	0.710	266	72	0	1	250	1	266	1.918E-130	412
NP_006140.1	mdXP_059522628.1	0.789	323	66	0	1	323	1	313	2.692E-180	560
NP_945119.1	mdXP_059534039.1	0.817	820	149	0	18	837	138	954	0.000E+00	1397
NP_060259.4	mdXP_059515038.1	0.898	833	85	0	1	833	110	942	0.000E+00	1593
NP_001135759.1	mdXP_059512329.1	0.824	735	129	0	3	737	1	732	0.000E+00	1292
XP_005251711.1	mdXP_059512326.1	0.787	860	181	0	3	862	1	853	0.000E+00	1417
XP_005251711.1	mdXP_059512327.1	0.787	860	181	0	3	862	1	853	0.000E+00	1417
XP_005251711.1	mdXP_059512328.1	0.787	860	181	0	3	862	1	853	0.000E+00	1417
NP_001258591.1	mdXP_059515317.1	0.917	737	61	0	1	737	1	737	0.000E+00	1422
NP_114433.1	mdXP_059530055.1	0.753	158	38	0	1	158	1	154	2.245E-83	271
NP_114433.1	mdXP_059530056.1	0.753	158	38	0	1	158	1	154	2.245E-83	271
NP_001006947.1	mdXP_059516460.1	0.684	319	98	0	1	310	1	319	6.879E-137	434
NP_115484.2	mdXP_059553089.1	0.911	888	78	0	1	888	1	873	0.000E+00	1695
NP_115484.2	mdXP_059553090.1	0.911	888	78	0	1	888	1	873	0.000E+00	1695
NP_115484.2	mdXP_059553091.1	0.911	888	78	0	1	888	1	873	0.000E+00	1695
NP_115484.2	mdXP_059553087.1	0.911	888	78	0	1	888	9	881	0.000E+00	1695
NP_112175.2	mdXP_059531509.1	0.854	929	134	0	1	929	1	916	0.000E+00	1638
XP_005244890.1	mdXP_059531505.1	0.853	961	139	0	1	961	1	948	0.000E+00	1696
XP_005244890.1	mdXP_059531506.1	0.853	961	139	0	1	961	1	948	0.000E+00	1696
XP_005244890.1	mdXP_059531507.1	0.853	961	139	0	1	961	1	948	0.000E+00	1696
XP_005244892.1	mdXP_059531505.1	0.853	961	139	0	1	961	1	948	0.000E+00	1696
XP_005244892.1	mdXP_059531506.1	0.853	961	139	0	1	961	1	948	0.000E+00	1696
XP_005244892.1	mdXP_059531507.1	0.853	961	139	0	1	961	1	948	0.000E+00	1696
XP_006721957.1	mdXP_059525436.1	0.739	246	64	0	1	246	1	246	1.376E-123	392
NP_002548.3	mdXP_059531038.1	0.645	587	187	0	19	605	44	572	1.080E-240	754
NP_056208.2	mdXP_059524473.1	0.655	311	107	0	1	310	1	311	1.553E-118	381
NP_065138.2	mdXP_059526830.1	0.874	500	63	0	1	500	1	500	2.085E-307	937
NP_116201.7	mdXP_059516656.1	0.922	529	41	0	1	529	1	529	0.000E+00	1031
NP_116201.7	mdXP_059516660.1	0.922	529	41	0	1	529	1	529	0.000E+00	1031
NP_115618.3	mdXP_059562747.1	0.953	1896	89	0	1	1896	18	1910	0.000E+00	3758
NP_115618.3	mdXP_059562748.1	0.953	1896	89	0	1	1896	18	1910	0.000E+00	3758
NP_115618.3	mdXP_059562749.1	0.953	1896	89	0	1	1896	18	1910	0.000E+00	3758
NP_079455.3	mdXP_059529716.1	0.971	1894	55	0	1	1894	64	1956	0.000E+00	3827
NP_059984.3	mdXP_059536429.1	0.963	1872	69	0	1	1871	1	1872	0.000E+00	3748
NP_001099013.1	mdXP_059567795.1	0.958	460	19	0	1	460	1	459	6.053E-300	915
NP_065962.1	mdXP_059567794.1	0.972	1894	53	0	1	1894	1	1893	0.000E+00	3844
XP_005250743.1	mdXP_059567794.1	0.972	1894	53	0	1	1894	1	1893	0.000E+00	3844
NP_002448.3	mdXP_059566904.1	0.545	5172	1728	0	1	5172	1	3798	0.000E+00	5257
NP_003010.4	mdXP_059518178.1	0.739	376	98	0	1	375	1	376	3.314E-195	606
NP_149092.2	mdXP_059567224.1	0.814	313	58	0	23	335	1	313	7.041E-176	548
NP_006369.3	mdXP_059512326.1	0.787	860	181	0	3	862	1	853	0.000E+00	1417
NP_006369.3	mdXP_059512327.1	0.787	860	181	0	3	862	1	853	0.000E+00	1417
NP_006369.3	mdXP_059512328.1	0.787	860	181	0	3	862	1	853	0.000E+00	1417
NP_001171532.1	mdXP_059531505.1	0.853	961	139	0	1	961	1	948	0.000E+00	1696
NP_001171532.1	mdXP_059531506.1	0.853	961	139	0	1	961	1	948	0.000E+00	1696
NP_001171532.1	mdXP_059531507.1	0.853	961	139	0	1	961	1	948	0.000E+00	1696
NP_036563.1	mdXP_059568156.1	0.922	775	60	0	1	775	1	775	0.000E+00	1534
NP_004177.3	mdXP_059520673.1	0.961	785	31	0	1	785	1	785	0.000E+00	1617
NP_004177.3	mdXP_059520674.1	0.961	785	31	0	1	785	1	785	0.000E+00	1617
NP_004177.3	mdXP_059520675.1	0.961	785	31	0	1	785	1	785	0.000E+00	1617
NP_004177.3	mdXP_059520676.1	0.961	785	31	0	1	785	1	785	0.000E+00	1617
XP_005265438.1	mdXP_059520673.1	0.961	785	31	0	1	785	1	785	0.000E+00	1617
XP_005265438.1	mdXP_059520674.1	0.961	785	31	0	1	785	1	785	0.000E+00	1617
XP_005265438.1	mdXP_059520675.1	0.961	785	31	0	1	785	1	785	0.000E+00	1617
XP_005265438.1	mdXP_059520676.1	0.961	785	31	0	1	785	1	785	0.000E+00	1617
XP_005265439.1	mdXP_059520677.1	0.964	754	27	0	1	754	1	754	0.000E+00	1558
NP_064548.1	mdXP_059519361.1	0.879	782	93	0	1	782	1	770	0.000E+00	1444
NP_001180229.1	mdXP_059531270.1	0.847	761	116	0	1	761	1	761	0.000E+00	1348
NP_001180229.1	mdXP_059531269.1	0.847	761	116	0	1	761	23	783	0.000E+00	1348
NP_001180229.1	mdXP_059531268.1	0.847	761	116	0	1	761	30	790	0.000E+00	1348
XP_005252940.1	mdXP_059564734.1	0.756	462	112	0	1	462	1	462	3.112E-257	790
NP_060876.5	mdXP_059543505.1	0.651	1343	463	0	4065	5407	1	1329	0.000E+00	1815
NP_001148.1	mdXP_059518204.1	0.918	505	41	0	1	505	1	505	0.000E+00	994
NP_001148.1	mdXP_059518206.1	0.918	505	41	0	1	505	1	505	0.000E+00	994
NP_001242914.1	mdXP_059516606.1	0.811	271	50	0	15	285	1	267	7.430E-150	470
NP_004025.1	mdXP_059518366.1	0.903	488	47	0	1	488	1	484	1.725E-303	925
NP_004025.1	mdXP_059518367.1	0.903	488	47	0	1	488	1	484	1.725E-303	925
NP_003559.2	mdXP_059529790.1	0.820	345	62	0	1	345	1	345	7.365E-180	560
NP_003559.2	mdXP_059529791.1	0.820	345	62	0	1	345	1	345	7.365E-180	560
NP_003559.2	mdXP_059529792.1	0.820	345	62	0	1	345	1	345	7.365E-180	560
NP_003559.2	mdXP_059529793.1	0.820	345	62	0	1	345	1	345	7.365E-180	560
NP_003559.2	mdXP_059529788.1	0.820	345	62	0	1	345	64	408	7.365E-180	560
NP_003559.2	mdXP_059529787.1	0.820	345	62	0	1	345	99	443	7.365E-180	560
XP_006714570.1	mdXP_059550787.1	0.930	1074	75	0	1	1074	1	1073	0.000E+00	2224
XP_006714570.1	mdXP_059550788.1	0.930	1074	75	0	1	1074	1	1073	0.000E+00	2224
XP_006714570.1	mdXP_059550789.1	0.930	1074	75	0	1	1074	1	1073	0.000E+00	2224
NP_001026872.2	mdXP_059543631.1	0.939	1093	67	0	59	1151	1	1093	0.000E+00	2251
NP_001243275.1	mdXP_059543631.1	0.939	1093	67	0	59	1151	1	1093	0.000E+00	2251
NP_001243276.1	mdXP_059543631.1	0.939	1093	67	0	113	1205	1	1093	0.000E+00	2251
NP_065847.1	mdXP_059549817.1	0.947	1030	54	0	1	1030	1	1029	0.000E+00	2057
NP_001002857.1	mdXP_059555556.1	0.973	339	9	0	1	339	1	339	2.046E-217	668
NP_001002857.1	mdXP_059555557.1	0.973	339	9	0	1	339	1	339	2.046E-217	668
NP_001002857.1	mdXP_059555558.1	0.973	339	9	0	1	339	1	339	2.046E-217	668
NP_001002858.1	mdXP_059555556.1	0.973	339	9	0	19	357	1	339	4.729E-217	668
NP_001002858.1	mdXP_059555557.1	0.973	339	9	0	19	357	1	339	4.729E-217	668
NP_001002858.1	mdXP_059555558.1	0.973	339	9	0	19	357	1	339	4.729E-217	668
NP_001129487.1	mdXP_059555556.1	0.973	339	9	0	1	339	1	339	2.046E-217	668
NP_001129487.1	mdXP_059555557.1	0.973	339	9	0	1	339	1	339	2.046E-217	668
NP_001129487.1	mdXP_059555558.1	0.973	339	9	0	1	339	1	339	2.046E-217	668
NP_004030.1	mdXP_059555556.1	0.973	339	9	0	1	339	1	339	2.046E-217	668
NP_004030.1	mdXP_059555557.1	0.973	339	9	0	1	339	1	339	2.046E-217	668
NP_004030.1	mdXP_059555558.1	0.973	339	9	0	1	339	1	339	2.046E-217	668
NP_005130.1	mdXP_059523636.1	0.919	323	26	0	1	323	1	323	3.659E-194	600
NP_005130.1	mdXP_059523645.1	0.919	323	26	0	1	323	1	323	3.659E-194	600
NP_612210.4	mdXP_059536909.1	0.607	264	103	0	1	264	1	264	5.868E-99	322
XP_005253381.1	mdXP_059536909.1	0.607	264	103	0	1	264	1	264	5.868E-99	322
XP_006719097.1	mdXP_059536909.1	0.607	264	103	0	1	264	1	264	5.868E-99	322
NP_001123470.1	mdXP_059536911.1	0.775	276	62	0	1	276	1	276	7.111E-146	458
NP_001123470.1	mdXP_059536910.1	0.775	276	62	0	1	276	1	276	7.111E-146	458
NP_775806.2	mdXP_059515477.1	0.624	548	205	0	1	547	1	548	2.273E-215	676
NP_775806.2	mdXP_059515476.1	0.624	548	205	0	1	547	1	548	2.273E-215	676
XP_005264229.1	mdXP_059515477.1	0.624	548	205	0	1	547	1	548	8.983E-216	676
XP_005264229.1	mdXP_059515476.1	0.624	548	205	0	1	547	1	548	8.983E-216	676
NP_940894.1	mdXP_059551677.1	0.709	293	84	0	1	293	1	290	6.512E-138	436
NP_001008388.1	mdXP_059516674.1	0.691	175	54	0	1	175	1	175	4.967E-83	271
NP_001008388.1	mdXP_059516675.1	0.691	175	54	0	1	175	1	175	4.967E-83	271
NP_001008388.1	mdXP_059516677.1	0.691	175	54	0	1	175	1	175	4.967E-83	271
NP_940850.1	mdXP_059516674.1	0.691	175	54	0	1	175	1	175	4.967E-83	271
NP_940850.1	mdXP_059516675.1	0.691	175	54	0	1	175	1	175	4.967E-83	271
NP_940850.1	mdXP_059516677.1	0.691	175	54	0	1	175	1	175	4.967E-83	271
XP_005264192.1	mdXP_059516674.1	0.691	175	54	0	1	175	1	175	4.967E-83	271
XP_005264192.1	mdXP_059516675.1	0.691	175	54	0	1	175	1	175	4.967E-83	271
XP_005264192.1	mdXP_059516677.1	0.691	175	54	0	1	175	1	175	4.967E-83	271
NP_001152824.1	mdXP_059530055.1	0.753	158	38	0	1	158	1	154	2.245E-83	271
NP_001152824.1	mdXP_059530056.1	0.753	158	38	0	1	158	1	154	2.245E-83	271
NP_997228.1	mdXP_059536914.1	0.661	239	79	0	1	239	1	235	4.003E-109	350
NP_006429.2	mdXP_059527830.1	0.920	277	22	0	1	277	1	277	2.270E-176	546
NP_569057.1	mdXP_059562485.1	0.955	742	33	0	1	742	1	742	0.000E+00	1500
NP_001888.2	mdXP_059512195.1	0.845	2322	359	0	1	2322	1	2315	0.000E+00	4022
NP_001193872.1	mdXP_059520912.1	0.706	566	165	0	1	566	1	563	5.119E-268	827
NP_006565.2	mdXP_059520909.1	0.740	544	140	0	1	539	1	544	2.397E-272	838
NP_001122108.1	mdXP_059555404.1	0.767	828	187	0	1	828	1	803	0.000E+00	1274
NP_004254.2	mdXP_059515316.1	0.920	770	62	0	1	770	1	770	0.000E+00	1494
NP_149038.3	mdXP_059543620.1	0.426	568	293	0	1	512	1	568	6.214E-134	436
NP_001146.2	mdXP_059554941.1	0.934	674	44	0	1	673	1	674	0.000E+00	1274
XP_005255991.1	mdXP_059523436.1	0.837	450	72	0	1	445	1	450	1.339E-267	819
XP_005255991.1	mdXP_059523437.1	0.837	450	72	0	1	445	1	450	1.339E-267	819
NP_072092.2	mdXP_059538164.1	0.721	201	56	0	1	201	1	201	2.617E-94	305
NP_922938.1	mdXP_059538166.1	0.690	247	75	0	1	247	1	243	1.278E-107	346
NP_006071.1	mdXP_059568158.1	0.962	772	29	0	1	771	1	772	0.000E+00	1609
NP_006071.1	mdXP_059568159.1	0.962	772	29	0	1	771	1	772	0.000E+00	1609
XP_006715791.1	mdXP_059555404.1	0.767	828	187	0	1	828	1	803	0.000E+00	1274
XP_005261382.1	mdXP_059537609.1	0.691	266	80	0	1	259	1	266	1.619E-119	381
XP_005261382.1	mdXP_059537610.1	0.691	266	80	0	1	259	1	266	1.619E-119	381
XP_005261382.1	mdXP_059537611.1	0.691	266	80	0	1	259	1	266	1.619E-119	381
XP_005261382.1	mdXP_059537612.1	0.691	266	80	0	1	259	1	266	1.619E-119	381
XP_005261382.1	mdXP_059537613.1	0.691	266	80	0	1	259	1	266	1.619E-119	381
XP_006724188.1	mdXP_059537609.1	0.691	266	80	0	1	259	1	266	1.619E-119	381
XP_006724188.1	mdXP_059537610.1	0.691	266	80	0	1	259	1	266	1.619E-119	381
XP_006724188.1	mdXP_059537611.1	0.691	266	80	0	1	259	1	266	1.619E-119	381
XP_006724188.1	mdXP_059537612.1	0.691	266	80	0	1	259	1	266	1.619E-119	381
XP_006724188.1	mdXP_059537613.1	0.691	266	80	0	1	259	1	266	1.619E-119	381
NP_001128642.1	mdXP_059531382.1	0.956	296	13	0	1	296	4	299	6.506E-200	615
NP_001128643.1	mdXP_059531408.1	0.961	289	11	0	1	289	1	289	6.185E-197	606
NP_001128643.1	mdXP_059531393.1	0.961	289	11	0	1	289	1	289	6.185E-197	606
NP_001128643.1	mdXP_059531402.1	0.961	289	11	0	1	289	1	289	6.185E-197	606
NP_114117.1	mdXP_059531408.1	0.961	289	11	0	1	289	1	289	6.185E-197	606
NP_114117.1	mdXP_059531393.1	0.961	289	11	0	1	289	1	289	6.185E-197	606
NP_114117.1	mdXP_059531402.1	0.961	289	11	0	1	289	1	289	6.185E-197	606
NP_997302.2	mdXP_059547799.1	0.785	252	54	0	1	252	6	256	3.882E-132	417
NP_848635.2	mdXP_059537034.1	0.882	332	39	0	1	332	1	332	2.693E-211	650
NP_001138365.1	mdXP_059551833.1	0.500	166	81	0	83	248	39	201	1.250E-53	191
NP_001243649.1	mdXP_059547943.1	0.534	161	55	0	26	186	12	131	1.041E-45	164
NP_057595.2	mdXP_059538161.1	0.657	269	92	0	1	269	1	269	4.546E-118	378
NP_057593.3	mdXP_059538160.1	0.746	228	58	0	1	228	1	228	1.599E-113	362
XP_006718016.1	mdXP_059517885.1	0.758	248	60	0	16	263	1	248	1.187E-133	422
NP_001035972.1	mdXP_059522629.1	0.740	135	35	0	2	136	5	139	3.399E-68	226
NP_001035972.1	mdXP_059522630.1	0.740	135	35	0	2	136	5	139	3.399E-68	226
NP_002298.1	mdXP_059522629.1	0.740	135	35	0	2	136	5	139	3.399E-68	226
NP_002298.1	mdXP_059522630.1	0.740	135	35	0	2	136	5	139	3.399E-68	226
NP_006490.3	mdXP_059533367.1	0.812	358	67	0	2	359	1	357	1.216E-198	615
NP_963837.1	mdXP_059533368.1	0.835	316	52	0	2	317	1	316	8.382E-182	564
NP_963838.1	mdXP_059533368.1	0.835	316	52	0	2	317	1	316	8.382E-182	564
NP_963839.1	mdXP_059533367.1	0.812	358	67	0	2	359	1	357	1.216E-198	615
NP_002299.2	mdXP_059525434.1	0.763	322	76	0	1	322	1	322	3.032E-170	531
NP_033665.1	mdXP_059525433.1	0.751	354	88	0	1	354	1	354	3.630E-184	573
NP_922941.1	mdXP_059538165.1	0.696	168	51	0	1	168	1	168	3.149E-76	251
NP_072092.2	mdXP_059538164.1	0.721	201	56	0	1	201	1	201	2.617E-94	305
NP_922938.1	mdXP_059538166.1	0.690	247	75	0	1	247	1	243	1.278E-107	346
NP_922941.1	mdXP_059538165.1	0.696	168	51	0	1	168	1	168	3.149E-76	251
XP_005253524.1	mdXP_059538166.1	0.690	247	75	0	1	247	1	243	1.278E-107	346
NP_055173.1	mdXP_059538102.1	0.701	218	65	0	1	218	1	217	2.340E-104	335
XP_005244893.1	mdXP_059531509.1	0.854	929	134	0	1	929	1	916	0.000E+00	1638
NP_001073980.2	mdXP_059567930.1	0.967	214	7	0	1	214	1	214	2.333E-144	450
NP_005743.4	mdXP_059521524.1	0.908	196	18	0	10	205	1	196	1.406E-120	381
NP_003269.2	mdXP_059520319.1	0.881	202	24	0	1	202	71	272	1.165E-120	381
NP_055918.2	mdXP_059519646.1	0.937	1930	121	0	1	1925	1	1930	0.000E+00	3750
XP_005270067.1	mdXP_059517102.1	0.929	840	59	0	1	838	1	840	0.000E+00	1643
NP_003957.2	mdXP_059550787.1	0.930	1074	75	0	1	1074	1	1073	0.000E+00	2224
NP_003957.2	mdXP_059550788.1	0.930	1074	75	0	1	1074	1	1073	0.000E+00	2224
NP_003957.2	mdXP_059550789.1	0.930	1074	75	0	1	1074	1	1073	0.000E+00	2224
XP_006714569.1	mdXP_059550787.1	0.930	1074	75	0	1	1074	1	1073	0.000E+00	2224
XP_006714569.1	mdXP_059550788.1	0.930	1074	75	0	1	1074	1	1073	0.000E+00	2224
XP_006714569.1	mdXP_059550789.1	0.930	1074	75	0	1	1074	1	1073	0.000E+00	2224
NP_689967.2	mdXP_059568160.1	0.954	777	36	0	1	777	1	775	0.000E+00	1568
NP_995326.1	mdXP_059555683.1	0.736	76	20	0	1	76	1	76	8.789E-31	115
NP_001087239.2	mdXP_059517885.1	0.758	248	60	0	16	263	1	248	1.187E-133	422
NP_001158116.1	mdXP_059517885.1	0.758	248	60	0	1	248	1	248	5.955E-134	422
NP_001158119.1	mdXP_059517885.1	0.758	248	60	0	1	248	1	248	5.955E-134	422
NP_005402.3	mdXP_059517885.1	0.758	248	60	0	1	248	1	248	5.955E-134	422
XP_005270119.1	mdXP_059517885.1	0.758	248	60	0	1	248	1	248	5.955E-134	422
XP_006715788.1	mdXP_059555404.1	0.767	828	187	0	1	828	1	803	0.000E+00	1274
XP_006715789.1	mdXP_059555404.1	0.767	828	187	0	1	828	1	803	0.000E+00	1274
XP_006715790.1	mdXP_059555404.1	0.767	828	187	0	1	828	1	803	0.000E+00	1274
NP_000482.3	mdXP_059546863.1	0.805	252	49	0	2	252	1	252	4.712E-139	437
XP_005246039.1	mdXP_059546863.1	0.805	252	49	0	2	252	1	252	4.712E-139	437
NP_001107573.1	mdXP_059546866.1	0.759	245	59	0	1	245	1	245	1.314E-123	392
NP_001107573.1	mdXP_059546865.1	0.759	245	59	0	1	245	57	301	1.314E-123	392
NP_001107573.1	mdXP_059546864.1	0.759	245	59	0	1	245	61	305	1.314E-123	392
NP_758957.2	mdXP_059546866.1	0.759	245	59	0	1	245	1	245	1.314E-123	392
NP_758957.2	mdXP_059546865.1	0.759	245	59	0	1	245	57	301	1.314E-123	392
NP_758957.2	mdXP_059546864.1	0.759	245	59	0	1	245	61	305	1.314E-123	392
NP_001265337.1	mdXP_059518204.1	0.918	505	41	0	1	505	1	505	0.000E+00	994
NP_001265337.1	mdXP_059518206.1	0.918	505	41	0	1	505	1	505	0.000E+00	994
NP_057075.1	mdXP_059546867.1	0.774	244	55	0	1	244	1	244	1.388E-131	415
XP_005253439.1	mdXP_059538160.1	0.746	228	58	0	1	228	1	228	1.599E-113	362
NP_001124183.1	mdXP_059538155.1	0.628	154	55	0	23	172	81	234	1.177E-64	218
NP_001124183.1	mdXP_059538156.1	0.628	154	55	0	23	172	81	234	1.177E-64	218
NP_005118.2	mdXP_059536866.1	0.629	127	47	0	21	147	18	144	1.811E-56	193
NP_919429.2	mdXP_059538111.1	0.633	198	72	0	1	198	1	198	1.980E-87	285
NP_919430.1	mdXP_059538112.1	0.624	165	61	0	1	165	1	164	8.123E-73	241
NP_525126.2	mdXP_059536899.1	0.655	214	69	0	1	214	1	202	1.455E-90	295
XP_006718462.1	mdXP_059566903.1	0.491	4965	1683	0	1	4965	1	3307	0.000E+00	4635
NP_002449.2	mdXP_059566902.1	0.481	5754	2657	0	1	5754	1	5120	0.000E+00	5227
NP_005952.2	mdXP_059566905.1	0.646	1916	639	0	6	1921	8	1813	0.000E+00	2584
XP_005275787.1	mdXP_059527147.1	0.303	149	91	0	130	278	926	1056	1.808E-02	39
XP_005275787.1	mdXP_059527148.1	0.303	149	91	0	130	278	926	1056	1.808E-02	39
XP_005275787.1	mdXP_059527149.1	0.303	149	91	0	130	278	926	1056	1.808E-02	39
NP_000691.1	mdXP_059512896.1	0.860	345	48	0	1	345	1	345	1.786E-196	608
NP_000691.1	mdXP_059512897.1	0.860	345	48	0	1	345	1	345	1.786E-196	608
NP_009124.2	mdXP_059551277.1	0.922	324	25	0	1	324	1	324	2.127E-209	644
NP_001138367.1	mdXP_059551833.1	0.500	166	81	0	127	292	39	201	6.103E-53	191
XP_006721729.1	mdXP_059527407.1	0.790	281	58	0	11	291	1	279	4.401E-150	471
XP_006721729.1	mdXP_059527408.1	0.790	281	58	0	11	291	1	279	4.401E-150	471
XP_006721729.1	mdXP_059527403.1	0.790	281	58	0	11	291	1	279	4.401E-150	471
XP_006721729.1	mdXP_059527404.1	0.790	281	58	0	11	291	1	279	4.401E-150	471
XP_006721729.1	mdXP_059527405.1	0.790	281	58	0	11	291	1	279	4.401E-150	471
XP_006721729.1	mdXP_059527406.1	0.790	281	58	0	11	291	1	279	4.401E-150	471
NP_001265360.1	mdXP_059563598.1	0.897	243	25	0	1	243	1	243	1.471E-155	484
NP_056460.1	mdXP_059563598.1	0.897	243	25	0	1	243	1	243	1.471E-155	484
XP_005256469.1	mdXP_059524842.1	0.623	307	107	0	1	284	1	307	1.234E-128	409
NP_002966.1	mdXP_059521884.1	0.870	323	41	0	1	323	1	320	4.401E-192	594
NP_001193939.1	mdXP_059536909.1	0.607	264	103	0	11	274	1	264	9.061E-99	322
NP_997244.4	mdXP_059540320.1	0.874	3173	399	0	1	3169	1	3173	0.000E+00	5744
XP_005268489.1	mdXP_059554942.1	0.934	668	44	0	1	667	1	668	0.000E+00	1264
NP_872292.1	mdXP_059537609.1	0.691	266	80	0	20	278	1	266	3.798E-119	381
NP_872292.1	mdXP_059537610.1	0.691	266	80	0	20	278	1	266	3.798E-119	381
NP_872292.1	mdXP_059537611.1	0.691	266	80	0	20	278	1	266	3.798E-119	381
NP_872292.1	mdXP_059537612.1	0.691	266	80	0	20	278	1	266	3.798E-119	381
NP_872292.1	mdXP_059537613.1	0.691	266	80	0	20	278	1	266	3.798E-119	381
NP_001180230.1	mdXP_059531270.1	0.847	761	116	0	1	761	1	761	0.000E+00	1348
NP_001180230.1	mdXP_059531269.1	0.847	761	116	0	1	761	23	783	0.000E+00	1348
NP_001180230.1	mdXP_059531268.1	0.847	761	116	0	1	761	30	790	0.000E+00	1348
NP_665876.1	mdXP_059518204.1	0.918	505	41	0	1	505	1	505	0.000E+00	994
NP_665876.1	mdXP_059518206.1	0.918	505	41	0	1	505	1	505	0.000E+00	994
NP_004297.2	mdXP_059528759.1	0.901	316	31	0	1	316	1	316	7.298E-183	567
NP_940995.1	mdXP_059527407.1	0.790	281	58	0	1	281	1	279	2.783E-150	471
NP_940995.1	mdXP_059527408.1	0.790	281	58	0	1	281	1	279	2.783E-150	471
NP_940995.1	mdXP_059527403.1	0.790	281	58	0	1	281	1	279	2.783E-150	471
NP_940995.1	mdXP_059527404.1	0.790	281	58	0	1	281	1	279	2.783E-150	471
NP_940995.1	mdXP_059527405.1	0.790	281	58	0	1	281	1	279	2.783E-150	471
NP_940995.1	mdXP_059527406.1	0.790	281	58	0	1	281	1	279	2.783E-150	471
NP_076932.1	mdXP_059516606.1	0.811	271	50	0	1	271	1	267	3.900E-150	470
NP_002072.2	mdXP_059559763.1	0.887	559	63	0	1	558	1	559	0.000E+00	1038
NP_689955.1	mdXP_059549656.1	0.732	579	154	0	1	579	1	574	4.128E-286	880
NP_004475.1	mdXP_059536544.1	0.946	580	31	0	1	580	1	580	0.000E+00	1149
NP_001439.2	mdXP_059535902.1	0.944	556	31	0	1	556	1	556	0.000E+00	1099
NP_004457.1	mdXP_059537196.1	0.888	520	58	0	1	520	6	524	4.609E-317	969
NP_005699.1	mdXP_059540933.1	0.990	555	6	0	1	555	1	555	0.000E+00	1143
NP_037504.1	mdXP_059561522.1	0.994	184	1	0	1	184	1	184	3.386E-125	393
NP_037504.1	mdXP_059561502.1	0.994	184	1	0	1	184	1	184	3.386E-125	393
NP_037504.1	mdXP_059561511.1	0.994	184	1	0	1	184	1	184	3.386E-125	393
NP_005561.1	mdXP_059562217.1	0.909	518	46	0	1	510	1	518	0.000E+00	1001
NP_005561.1	mdXP_059562218.1	0.909	518	46	0	1	510	1	518	0.000E+00	1001
XP_005263030.1	mdXP_059523636.1	0.919	323	26	0	1	323	1	323	3.659E-194	600
XP_005263030.1	mdXP_059523645.1	0.919	323	26	0	1	323	1	323	3.659E-194	600
NP_001144.1	mdXP_059515531.1	0.946	319	17	0	3	321	1	319	2.100E-199	615
NP_001145.1	mdXP_059551576.1	0.946	320	17	0	1	320	1	320	5.879E-196	605
NP_071762.2	mdXP_059531270.1	0.847	761	116	0	1	761	1	761	0.000E+00	1348
NP_071762.2	mdXP_059531269.1	0.847	761	116	0	1	761	23	783	0.000E+00	1348
NP_071762.2	mdXP_059531268.1	0.847	761	116	0	1	761	30	790	0.000E+00	1348
NP_001191215.1	mdXP_059529282.1	0.543	485	213	0	19	484	267	751	1.024E-143	463
NP_778230.1	mdXP_059566936.1	0.751	467	116	0	1	467	1	466	1.913E-232	720
NP_001191047.1	mdXP_059552641.1	0.717	314	88	0	66	378	14	327	1.778E-159	503
NP_001129686.1	mdXP_059523436.1	0.837	450	72	0	1	445	1	450	1.339E-267	819
NP_001129686.1	mdXP_059523437.1	0.837	450	72	0	1	445	1	450	1.339E-267	819
NP_001258126.1	mdXP_059523436.1	0.837	450	72	0	1	445	1	450	1.339E-267	819
NP_001258126.1	mdXP_059523437.1	0.837	450	72	0	1	445	1	450	1.339E-267	819
NP_872425.2	mdXP_059523436.1	0.837	450	72	0	1	445	1	450	1.339E-267	819
NP_872425.2	mdXP_059523437.1	0.837	450	72	0	1	445	1	450	1.339E-267	819
NP_037384.1	mdXP_059568002.1	0.703	188	55	0	1	188	1	186	1.377E-86	282
XP_005250022.1	mdXP_059568003.1	0.722	166	46	0	1	165	1	166	3.777E-81	265
NP_001007034.1	mdXP_059538105.1	0.734	211	55	0	2	209	1	211	1.015E-108	347
NP_001007034.1	mdXP_059538104.1	0.726	212	57	0	1	209	2	213	1.015E-108	347
NP_002664.2	mdXP_059520800.1	0.868	2135	282	0	1	2135	1	2135	0.000E+00	3861
NP_002664.2	mdXP_059520801.1	0.868	2135	282	0	1	2135	1	2135	0.000E+00	3861
NP_002664.2	mdXP_059520802.1	0.868	2135	282	0	1	2135	1	2135	0.000E+00	3861
NP_002664.2	mdXP_059520803.1	0.868	2135	282	0	1	2135	1	2135	0.000E+00	3861
NP_000533.3	mdXP_059516705.1	0.711	379	108	0	13	391	1	374	2.869E-179	561
NP_942140.2	mdXP_059516705.1	0.711	379	108	0	13	391	1	374	2.869E-179	561
NP_000533.3	mdXP_059516705.1	0.711	379	108	0	13	391	1	374	2.869E-179	561
NP_942140.2	mdXP_059516705.1	0.711	379	108	0	13	391	1	374	2.869E-179	561
XP_005264544.1	mdXP_059516705.1	0.711	379	108	0	13	391	1	374	2.869E-179	561
NP_001165828.1	mdXP_059552010.1	0.816	191	35	0	1	191	1	190	3.037E-96	310
NP_000604.1	mdXP_059564734.1	0.756	462	112	0	1	462	1	462	3.112E-257	790
NP_054900.2	mdXP_059515636.1	0.988	172	2	0	1	172	1	172	2.698E-113	358
NP_002296.1	mdXP_059537585.1	0.866	135	18	0	1	135	1	135	2.028E-81	264
NP_872334.2	mdXP_059558498.1	0.940	287	17	0	1	287	1	287	1.187E-188	582
NP_001010908.1	mdXP_059516182.1	0.996	255	1	0	1	255	1	255	3.616E-177	547
NP_112230.1	mdXP_059527407.1	0.790	281	58	0	1	281	1	279	2.783E-150	471
NP_112230.1	mdXP_059527408.1	0.790	281	58	0	1	281	1	279	2.783E-150	471
NP_112230.1	mdXP_059527403.1	0.790	281	58	0	1	281	1	279	2.783E-150	471
NP_112230.1	mdXP_059527404.1	0.790	281	58	0	1	281	1	279	2.783E-150	471
NP_112230.1	mdXP_059527405.1	0.790	281	58	0	1	281	1	279	2.783E-150	471
NP_112230.1	mdXP_059527406.1	0.790	281	58	0	1	281	1	279	2.783E-150	471
NP_060876.5	mdXP_059543505.1	0.651	1343	463	0	4065	5407	1	1329	0.000E+00	1815
NP_705869.1	mdXP_059558265.1	0.950	998	50	0	1	998	1	998	0.000E+00	2013
NP_705870.1	mdXP_059558258.1	0.951	1017	50	0	1	1017	1	1017	0.000E+00	2053
NP_705871.1	mdXP_059558235.1	0.948	1073	56	0	1	1073	1	1073	0.000E+00	2156
NP_705871.1	mdXP_059558239.1	0.948	1073	56	0	1	1073	1	1073	0.000E+00	2156
NP_705871.1	mdXP_059558244.1	0.948	1073	56	0	1	1073	1	1073	0.000E+00	2156
XP_005254744.1	mdXP_059558235.1	0.948	1073	56	0	1	1073	1	1073	0.000E+00	2156
XP_005254744.1	mdXP_059558239.1	0.948	1073	56	0	1	1073	1	1073	0.000E+00	2156
XP_005254744.1	mdXP_059558244.1	0.948	1073	56	0	1	1073	1	1073	0.000E+00	2156
XP_005254746.1	mdXP_059558253.1	0.947	1054	56	0	1	1054	1	1054	0.000E+00	2116
NP_003603.1	mdXP_059513240.1	0.860	666	93	0	1	666	1	664	0.000E+00	1226
NP_001138365.1	mdXP_059551833.1	0.500	166	81	0	83	248	39	201	1.250E-53	191
NP_001138371.1	mdXP_059551830.1	0.434	232	123	0	5	223	8	239	1.556E-58	204
NP_001819.2	mdXP_059522047.1	0.579	138	58	0	1	138	1	138	2.591E-49	172
NP_878910.1	mdXP_059524842.1	0.623	311	115	0	1	311	1	307	4.084E-128	409
XP_006715792.1	mdXP_059555404.1	0.767	828	187	0	1	828	1	803	0.000E+00	1274
NP_443138.2	mdXP_059537595.1	0.884	858	95	0	1	820	1	858	0.000E+00	1557
NP_443138.2	mdXP_059537596.1	0.884	858	95	0	1	820	1	858	0.000E+00	1557
XP_005261381.1	mdXP_059537595.1	0.884	858	95	0	1	820	1	858	0.000E+00	1557
XP_005261381.1	mdXP_059537596.1	0.884	858	95	0	1	820	1	858	0.000E+00	1557
XP_006724186.1	mdXP_059537595.1	0.884	858	95	0	1	820	1	858	0.000E+00	1557
XP_006724186.1	mdXP_059537596.1	0.884	858	95	0	1	820	1	858	0.000E+00	1557
XP_006724187.1	mdXP_059537595.1	0.884	858	95	0	1	820	1	858	0.000E+00	1557
XP_006724187.1	mdXP_059537596.1	0.884	858	95	0	1	820	1	858	0.000E+00	1557
NP_057326.2	mdXP_059520539.1	0.583	261	108	0	1	261	1	260	2.437E-80	268
NP_001994.2	mdXP_059514477.1	0.729	325	86	0	1	325	1	320	6.011E-164	513
NP_001128563.1	mdXP_059565143.1	0.640	334	117	0	28	361	1	326	3.385E-125	403
NP_001128563.1	mdXP_059565143.1	0.640	334	117	0	28	361	1	326	3.385E-125	403
NP_663625.2	mdXP_059565143.1	0.640	334	117	0	1	334	1	326	1.067E-125	403
NP_002989.2	mdXP_059528162.1	0.915	201	17	0	1	201	1	201	3.609E-116	368
NP_055469.3	mdXP_059546452.1	0.923	442	34	0	1	442	1	441	5.014E-268	820
XP_006716234.1	mdXP_059567794.1	0.972	1894	53	0	1	1894	1	1893	0.000E+00	3844
NP_001123554.1	mdXP_059520800.1	0.868	2135	282	0	1	2135	1	2135	0.000E+00	3861
NP_001123554.1	mdXP_059520801.1	0.868	2135	282	0	1	2135	1	2135	0.000E+00	3861
NP_001123554.1	mdXP_059520802.1	0.868	2135	282	0	1	2135	1	2135	0.000E+00	3861
NP_001123554.1	mdXP_059520803.1	0.868	2135	282	0	1	2135	1	2135	0.000E+00	3861
NP_036533.2	mdXP_059537298.1	0.853	1840	270	0	1	1838	1	1840	0.000E+00	3287
NP_036533.2	mdXP_059537299.1	0.853	1840	270	0	1	1838	1	1840	0.000E+00	3287
NP_036533.2	mdXP_059537300.1	0.853	1840	270	0	1	1838	1	1840	0.000E+00	3287
XP_005261966.1	mdXP_059537298.1	0.853	1840	270	0	1	1838	1	1840	0.000E+00	3287
XP_005261966.1	mdXP_059537299.1	0.853	1840	270	0	1	1838	1	1840	0.000E+00	3287
XP_005261966.1	mdXP_059537300.1	0.853	1840	270	0	1	1838	1	1840	0.000E+00	3287
XP_005261967.1	mdXP_059537298.1	0.853	1840	270	0	1	1838	1	1840	0.000E+00	3287
XP_005261967.1	mdXP_059537299.1	0.853	1840	270	0	1	1838	1	1840	0.000E+00	3287
XP_005261967.1	mdXP_059537300.1	0.853	1840	270	0	1	1838	1	1840	0.000E+00	3287
NP_001147.1	mdXP_059518368.1	0.905	466	44	0	1	466	1	462	4.138E-291	888
NP_006679.1	mdXP_059526411.1	0.976	258	6	0	1	258	1	258	1.875E-177	548
NP_001008224.1	mdXP_059536956.1	0.983	238	4	0	1	238	1	238	9.172E-167	516
NP_699203.1	mdXP_059527407.1	0.790	281	58	0	1	281	1	279	2.783E-150	471
NP_699203.1	mdXP_059527408.1	0.790	281	58	0	1	281	1	279	2.783E-150	471
NP_699203.1	mdXP_059527403.1	0.790	281	58	0	1	281	1	279	2.783E-150	471
NP_699203.1	mdXP_059527404.1	0.790	281	58	0	1	281	1	279	2.783E-150	471
NP_699203.1	mdXP_059527405.1	0.790	281	58	0	1	281	1	279	2.783E-150	471
NP_699203.1	mdXP_059527406.1	0.790	281	58	0	1	281	1	279	2.783E-150	471
NP_689886.3	mdXP_059543521.1	0.494	536	258	0	1	536	1	510	3.201E-135	441
NP_001010909.2	mdXP_059555682.1	0.457	318	168	0	256	566	24	341	4.880E-74	263
NP_002990.2	mdXP_059562955.1	0.821	201	35	0	1	198	1	201	5.825E-101	324
XP_005251439.1	mdXP_059512618.1	0.839	2179	350	0	1	2179	1	2178	0.000E+00	3881
XP_006716786.1	mdXP_059512618.1	0.839	2179	350	0	1	2179	1	2178	0.000E+00	3881
XP_005261968.1	mdXP_059537298.1	0.853	1840	270	0	1	1838	1	1840	0.000E+00	3287
XP_005261968.1	mdXP_059537299.1	0.853	1840	270	0	1	1838	1	1840	0.000E+00	3287
XP_005261968.1	mdXP_059537300.1	0.853	1840	270	0	1	1838	1	1840	0.000E+00	3287
XP_006724476.1	mdXP_059537298.1	0.853	1840	270	0	1	1838	1	1840	0.000E+00	3287
XP_006724476.1	mdXP_059537299.1	0.853	1840	270	0	1	1838	1	1840	0.000E+00	3287
XP_006724476.1	mdXP_059537300.1	0.853	1840	270	0	1	1838	1	1840	0.000E+00	3287
NP_005384.2	mdXP_059536179.1	0.868	1901	251	0	9	1909	4	1904	0.000E+00	3450
NP_005752.1	mdXP_059539787.1	0.898	1572	160	0	1	1568	140	1711	0.000E+00	2910
NP_068591.2	mdXP_059547203.1	0.381	635	299	0	1	484	57	691	5.739E-96	326
NP_000233.1	mdXP_059518678.1	0.673	248	80	0	1	248	8	254	5.008E-110	353
XP_006717924.1	mdXP_059518678.1	0.673	248	80	0	1	248	8	254	5.008E-110	353
NP_003656.2	mdXP_059546623.1	0.832	299	50	0	1	299	1	299	2.161E-179	556
NP_659403.4	mdXP_059512618.1	0.839	2179	350	0	1	2179	1	2178	0.000E+00	3881
XP_006721730.1	mdXP_059527407.1	0.790	281	58	0	1	281	1	279	2.783E-150	471
XP_006721730.1	mdXP_059527408.1	0.790	281	58	0	1	281	1	279	2.783E-150	471
XP_006721730.1	mdXP_059527403.1	0.790	281	58	0	1	281	1	279	2.783E-150	471
XP_006721730.1	mdXP_059527404.1	0.790	281	58	0	1	281	1	279	2.783E-150	471
XP_006721730.1	mdXP_059527405.1	0.790	281	58	0	1	281	1	279	2.783E-150	471
XP_006721730.1	mdXP_059527406.1	0.790	281	58	0	1	281	1	279	2.783E-150	471
NP_114114.2	mdXP_059555083.1	0.948	290	15	0	41	330	10	299	1.576E-198	613
NP_112207.1	mdXP_059550960.1	0.954	241	11	0	6	246	1	241	3.598E-164	509
NP_852100.3	mdXP_059550958.1	0.917	314	26	0	6	319	1	314	6.522E-203	625
NP_114115.2	mdXP_059565369.1	0.908	336	30	0	1	328	1	336	6.771E-199	614
NP_064595.2	mdXP_059534039.1	0.817	820	149	0	18	837	138	954	0.000E+00	1397
NP_002988.3	mdXP_059516460.1	0.684	319	98	0	1	310	1	319	6.879E-137	434
XP_005250167.1	mdXP_059568158.1	0.962	772	29	0	1	771	1	772	0.000E+00	1609
XP_005250167.1	mdXP_059568159.1	0.962	772	29	0	1	771	1	772	0.000E+00	1609
XP_005250168.1	mdXP_059568158.1	0.962	772	29	0	1	771	1	772	0.000E+00	1609
XP_005250168.1	mdXP_059568159.1	0.962	772	29	0	1	771	1	772	0.000E+00	1609
XP_006715901.1	mdXP_059568158.1	0.962	772	29	0	1	771	1	772	0.000E+00	1609
XP_006715901.1	mdXP_059568159.1	0.962	772	29	0	1	771	1	772	0.000E+00	1609
XP_006715902.1	mdXP_059568158.1	0.962	772	29	0	1	771	1	772	0.000E+00	1609
XP_006715902.1	mdXP_059568159.1	0.962	772	29	0	1	771	1	772	0.000E+00	1609
NP_001276989.1	mdXP_059520659.1	0.882	741	87	0	9	749	1	736	0.000E+00	1376
NP_004627.1	mdXP_059520659.1	0.882	741	87	0	9	749	1	736	0.000E+00	1376
NP_006370.1	mdXP_059568132.1	0.970	751	22	0	1	751	1	751	0.000E+00	1550
NP_006370.1	mdXP_059568133.1	0.970	751	22	0	1	751	1	751	0.000E+00	1550
