NP_004475.1	pdXP_028378282.1	0.960	580	23	0	1	580	1	580	0.000E+00	1169
NP_001439.2	pdXP_028378229.1	0.931	556	38	0	1	556	1	556	0.000E+00	1087
NP_004457.1	pdXP_028382383.1	0.849	572	86	0	1	572	2	573	0.000E+00	1041
NP_005699.1	pdXP_028382407.1	0.980	555	11	0	1	555	1	555	0.000E+00	1127
NP_037504.1	pdXP_035887276.1	0.907	184	17	0	1	184	1	184	9.378E-112	354
NP_002988.3	pdXP_028372047.1	0.722	310	85	0	1	310	1	306	1.022E-138	439
NP_002988.3	pdXP_035883578.1	0.722	310	85	0	1	310	1	306	1.022E-138	439
NP_002989.2	pdXP_028389474.1	0.925	201	15	0	1	201	1	201	2.178E-119	377
XP_005250022.1	pdXP_035866865.1	0.709	165	48	0	1	165	30	194	4.889E-76	250
NP_001007034.1	pdXP_035875302.1	0.726	211	57	0	1	209	1	211	1.987E-107	343
NP_072092.2	pdXP_035875243.1	0.712	195	56	0	7	201	1	195	3.054E-90	293
NP_922938.1	pdXP_028389031.1	0.726	241	66	0	7	247	1	241	5.899E-114	364
NP_922939.1	pdXP_035875244.1	0.710	183	53	0	7	189	1	183	1.852E-81	267
NP_922940.1	pdXP_035875245.1	0.686	137	43	0	7	143	1	137	1.001E-57	196
NP_940850.1	pdXP_028370256.1	0.674	174	56	0	1	174	1	174	3.983E-83	271
NP_940850.1	pdXP_028370254.1	0.674	174	56	0	1	174	1	174	3.983E-83	271
XP_005264192.1	pdXP_028370256.1	0.674	174	56	0	1	174	1	174	3.983E-83	271
XP_005264192.1	pdXP_028370254.1	0.674	174	56	0	1	174	1	174	3.983E-83	271
NP_001152824.1	pdXP_028359089.1	0.645	158	56	0	1	158	1	158	4.711E-73	241
NP_114433.1	pdXP_028359089.1	0.645	158	56	0	1	158	1	158	4.711E-73	241
NP_001006947.1	pdXP_028372047.1	0.722	310	85	0	1	310	1	306	1.022E-138	439
NP_001006947.1	pdXP_035883578.1	0.722	310	85	0	1	310	1	306	1.022E-138	439
XP_006715902.1	pdXP_028381226.1	0.962	772	29	0	1	771	1	772	0.000E+00	1608
NP_001276989.1	pdXP_028373701.1	0.884	749	87	0	1	749	1	749	0.000E+00	1392
NP_922939.1	pdXP_035875244.1	0.710	183	53	0	7	189	1	183	1.852E-81	267
NP_001135759.1	pdXP_035877339.1	0.829	737	125	0	1	737	14	747	0.000E+00	1310
NP_001258591.1	pdXP_028373378.1	0.913	737	64	0	1	737	1	737	0.000E+00	1410
NP_004254.2	pdXP_028373376.1	0.916	770	65	0	1	770	1	770	0.000E+00	1482
NP_060363.2	pdXP_035883061.1	0.933	844	56	0	1	843	1	844	0.000E+00	1661
NP_060363.2	pdXP_028367404.1	0.933	844	56	0	1	843	1	844	0.000E+00	1661
NP_689886.3	pdXP_028360665.1	0.498	537	260	0	1	537	1	519	3.123E-143	464
NP_001010909.2	pdXP_035879669.1	0.546	265	119	0	281	545	27	290	4.015E-73	260
NP_001185744.1	pdXP_035878473.1	0.401	1012	579	0	719	1685	5	1016	1.013E-146	513
NP_005951.1	pdXP_035875972.1	0.548	593	261	0	2746	3323	2	594	4.773E-179	627
NP_004523.3	pdXP_035874145.1	0.699	1171	352	0	1	1171	1	1169	0.000E+00	1748
NP_060876.5	pdXP_028360751.2	0.530	1897	844	0	3511	5407	2	1797	0.000E+00	1854
NP_001265360.1	pdXP_028371893.1	0.942	243	14	0	1	243	1	243	3.020E-162	503
NP_056460.1	pdXP_028371893.1	0.942	243	14	0	1	243	1	243	3.020E-162	503
NP_003656.2	pdXP_028369114.1	0.836	299	49	0	1	299	1	299	4.223E-178	552
NP_001171175.1	pdXP_035877474.1	0.825	716	125	0	1	715	1	716	0.000E+00	1254
NP_001171175.1	pdXP_035877475.1	0.825	716	125	0	1	715	1	716	0.000E+00	1254
NP_659403.4	pdXP_035877466.1	0.842	2180	344	0	1	2179	1	2180	0.000E+00	3887
NP_659403.4	pdXP_035877467.1	0.842	2180	344	0	1	2179	1	2180	0.000E+00	3887
NP_659403.4	pdXP_028368305.1	0.842	2180	344	0	1	2179	1	2180	0.000E+00	3887
NP_659403.4	pdXP_035877468.1	0.842	2180	344	0	1	2179	1	2180	0.000E+00	3887
XP_005251439.1	pdXP_035877466.1	0.842	2180	344	0	1	2179	1	2180	0.000E+00	3887
XP_005251439.1	pdXP_035877467.1	0.842	2180	344	0	1	2179	1	2180	0.000E+00	3887
XP_005251439.1	pdXP_028368305.1	0.842	2180	344	0	1	2179	1	2180	0.000E+00	3887
XP_005251439.1	pdXP_035877468.1	0.842	2180	344	0	1	2179	1	2180	0.000E+00	3887
XP_005251441.1	pdXP_035877474.1	0.825	716	125	0	1	715	1	716	0.000E+00	1254
XP_005251441.1	pdXP_035877475.1	0.825	716	125	0	1	715	1	716	0.000E+00	1254
XP_006716786.1	pdXP_035877466.1	0.842	2180	344	0	1	2179	1	2180	0.000E+00	3887
XP_006716786.1	pdXP_035877467.1	0.842	2180	344	0	1	2179	1	2180	0.000E+00	3887
XP_006716786.1	pdXP_028368305.1	0.842	2180	344	0	1	2179	1	2180	0.000E+00	3887
XP_006716786.1	pdXP_035877468.1	0.842	2180	344	0	1	2179	1	2180	0.000E+00	3887
XP_006716792.1	pdXP_035877474.1	0.825	716	125	0	1	715	1	716	0.000E+00	1254
XP_006716792.1	pdXP_035877475.1	0.825	716	125	0	1	715	1	716	0.000E+00	1254
NP_001180230.1	pdXP_035870881.1	0.834	761	126	0	1	761	30	788	0.000E+00	1309
NP_071762.2	pdXP_035870881.1	0.834	761	126	0	1	761	30	788	0.000E+00	1309
NP_064595.2	pdXP_035868227.1	0.821	813	144	0	25	837	9	815	0.000E+00	1399
NP_064595.2	pdXP_035868228.1	0.821	813	144	0	25	837	9	815	0.000E+00	1399
NP_064595.2	pdXP_035868229.1	0.821	813	144	0	25	837	9	815	0.000E+00	1399
XP_005270065.1	pdXP_035883061.1	0.933	844	56	0	1	843	1	844	0.000E+00	1661
XP_005270065.1	pdXP_028367404.1	0.933	844	56	0	1	843	1	844	0.000E+00	1661
XP_005270066.1	pdXP_035883061.1	0.933	844	56	0	1	843	1	844	0.000E+00	1661
XP_005270066.1	pdXP_028367404.1	0.933	844	56	0	1	843	1	844	0.000E+00	1661
XP_005270067.1	pdXP_028367405.1	0.934	839	55	0	1	838	1	839	0.000E+00	1653
NP_003957.2	pdXP_035876166.1	0.943	1074	61	0	1	1074	1	1073	0.000E+00	2250
NP_003957.2	pdXP_035876167.1	0.943	1074	61	0	1	1074	1	1073	0.000E+00	2250
NP_003957.2	pdXP_035876168.1	0.943	1074	61	0	1	1074	1	1073	0.000E+00	2250
NP_003957.2	pdXP_028370874.1	0.943	1074	61	0	1	1074	1	1073	0.000E+00	2250
XP_006714569.1	pdXP_035876166.1	0.943	1074	61	0	1	1074	1	1073	0.000E+00	2250
XP_006714569.1	pdXP_035876167.1	0.943	1074	61	0	1	1074	1	1073	0.000E+00	2250
XP_006714569.1	pdXP_035876168.1	0.943	1074	61	0	1	1074	1	1073	0.000E+00	2250
XP_006714569.1	pdXP_028370874.1	0.943	1074	61	0	1	1074	1	1073	0.000E+00	2250
XP_006714570.1	pdXP_035876166.1	0.943	1074	61	0	1	1074	1	1073	0.000E+00	2250
XP_006714570.1	pdXP_035876167.1	0.943	1074	61	0	1	1074	1	1073	0.000E+00	2250
XP_006714570.1	pdXP_035876168.1	0.943	1074	61	0	1	1074	1	1073	0.000E+00	2250
XP_006714570.1	pdXP_028370874.1	0.943	1074	61	0	1	1074	1	1073	0.000E+00	2250
NP_001258632.1	pdXP_028368541.1	0.809	184	35	0	1	184	1	184	1.785E-92	303
NP_001258632.1	pdXP_028368541.1	0.809	184	35	0	1	184	1	184	1.785E-92	303
NP_003559.2	pdXP_028358879.2	0.826	345	60	0	1	345	34	378	1.093E-181	565
NP_057075.1	pdXP_028368605.1	0.771	245	56	0	1	245	1	245	1.014E-132	418
NP_057075.1	pdXP_028368606.1	0.771	245	56	0	1	245	1	245	1.014E-132	418
NP_569057.1	pdXP_035865126.1	0.956	742	33	0	1	742	1	742	0.000E+00	1512
NP_001888.2	pdXP_035868956.1	0.820	2322	417	0	1	2322	1	2315	0.000E+00	3876
XP_005252940.1	pdXP_028372914.1	0.781	463	101	0	1	461	1	463	1.902E-260	799
NP_054900.2	pdXP_028371379.1	0.982	172	3	0	1	172	1	172	5.296E-112	354
NP_001002857.1	pdXP_028362799.1	0.964	339	12	0	1	339	1	339	1.974E-215	662
NP_001002858.1	pdXP_028362799.1	0.964	339	12	0	19	357	1	339	4.558E-215	662
NP_001129487.1	pdXP_028362799.1	0.964	339	12	0	1	339	1	339	1.974E-215	662
NP_112230.1	pdXP_035890114.1	0.797	281	56	0	1	281	1	279	3.758E-153	479
NP_112230.1	pdXP_035890115.1	0.797	281	56	0	1	281	1	279	3.758E-153	479
NP_112230.1	pdXP_028376388.1	0.797	281	56	0	1	281	1	279	3.758E-153	479
NP_699203.1	pdXP_035890114.1	0.797	281	56	0	1	281	1	279	3.758E-153	479
NP_699203.1	pdXP_035890115.1	0.797	281	56	0	1	281	1	279	3.758E-153	479
NP_699203.1	pdXP_028376388.1	0.797	281	56	0	1	281	1	279	3.758E-153	479
NP_001243649.1	pdXP_028363947.1	0.860	186	26	0	1	186	1	186	1.723E-114	362
NP_057595.2	pdXP_028389032.2	0.695	276	84	0	1	276	64	339	6.032E-130	412
NP_001092901.1	pdXP_035875248.1	0.664	191	64	0	1	191	1	190	1.921E-84	276
NP_057593.3	pdXP_028389159.1	0.669	224	73	0	1	224	1	223	4.702E-99	320
XP_005253439.1	pdXP_028389159.1	0.669	224	73	0	1	224	1	223	4.702E-99	320
NP_001124183.1	pdXP_035875251.1	0.544	178	78	0	1	171	9	186	1.251E-61	209
XP_006715792.1	pdXP_028384214.1	0.812	828	152	0	1	828	1	809	0.000E+00	1374
NP_443138.2	pdXP_035875482.1	0.955	824	37	0	1	820	1	824	0.000E+00	1636
NP_443138.2	pdXP_035875483.1	0.955	824	37	0	1	820	1	824	0.000E+00	1636
NP_443138.2	pdXP_028388843.1	0.955	824	37	0	1	820	1	824	0.000E+00	1636
NP_443138.2	pdXP_035875484.1	0.955	824	37	0	1	820	1	824	0.000E+00	1636
XP_005261381.1	pdXP_035875482.1	0.955	824	37	0	1	820	1	824	0.000E+00	1636
XP_005261381.1	pdXP_035875483.1	0.955	824	37	0	1	820	1	824	0.000E+00	1636
XP_005261381.1	pdXP_028388843.1	0.955	824	37	0	1	820	1	824	0.000E+00	1636
XP_005261381.1	pdXP_035875484.1	0.955	824	37	0	1	820	1	824	0.000E+00	1636
XP_006724186.1	pdXP_035875482.1	0.955	824	37	0	1	820	1	824	0.000E+00	1636
XP_006724186.1	pdXP_035875483.1	0.955	824	37	0	1	820	1	824	0.000E+00	1636
XP_006724186.1	pdXP_028388843.1	0.955	824	37	0	1	820	1	824	0.000E+00	1636
XP_006724186.1	pdXP_035875484.1	0.955	824	37	0	1	820	1	824	0.000E+00	1636
XP_006724187.1	pdXP_035875482.1	0.955	824	37	0	1	820	1	824	0.000E+00	1636
XP_006724187.1	pdXP_035875483.1	0.955	824	37	0	1	820	1	824	0.000E+00	1636
XP_006724187.1	pdXP_028388843.1	0.955	824	37	0	1	820	1	824	0.000E+00	1636
XP_006724187.1	pdXP_035875484.1	0.955	824	37	0	1	820	1	824	0.000E+00	1636
NP_057326.2	pdXP_035866714.1	0.572	235	100	0	27	261	76	309	3.284E-74	250
NP_001994.2	pdXP_028382875.1	0.733	326	86	0	1	326	1	323	6.784E-169	527
NP_006335.2	pdXP_035889036.1	0.612	306	111	0	1	286	1	306	5.097E-129	410
NP_778230.1	pdXP_028363198.1	0.716	475	135	0	1	475	1	475	5.297E-227	704
NP_001191047.1	pdXP_035888258.1	0.746	314	79	0	66	378	14	327	1.093E-162	512
NP_001148.1	pdXP_028368229.1	0.926	505	37	0	1	505	1	505	0.000E+00	1002
NP_001265336.1	pdXP_028368229.1	0.926	505	37	0	1	505	1	505	0.000E+00	1002
NP_001265337.1	pdXP_028368229.1	0.926	505	37	0	1	505	1	505	0.000E+00	1002
NP_665875.1	pdXP_028368229.1	0.926	505	37	0	1	505	1	505	0.000E+00	1002
NP_001003954.1	pdXP_028389852.2	0.858	310	44	0	47	356	40	349	4.257E-172	538
NP_004297.2	pdXP_028389852.2	0.858	310	44	0	6	315	40	349	6.612E-173	538
NP_002548.3	pdXP_035871779.1	0.567	616	241	0	61	676	1	558	7.040E-204	647
NP_056208.2	pdXP_028361975.1	0.678	310	96	0	1	310	1	300	3.932E-123	394
NP_065138.2	pdXP_028376643.1	0.881	499	59	0	1	499	1	495	2.005E-305	931
NP_116201.7	pdXP_028363170.1	0.930	529	37	0	1	529	1	529	0.000E+00	1041
NP_115618.3	pdXP_028380849.2	0.950	1895	95	0	2	1896	29	1923	0.000E+00	3752
NP_079455.3	pdXP_028386731.1	0.985	1894	28	0	1	1894	16	1909	0.000E+00	3890
NP_059984.3	pdXP_028378732.1	0.958	1872	79	0	1	1871	1	1872	0.000E+00	3740
NP_065962.1	pdXP_028381239.1	0.964	1894	68	0	1	1894	1	1893	0.000E+00	3818
XP_005250743.1	pdXP_028381239.1	0.964	1894	68	0	1	1894	1	1893	0.000E+00	3818
XP_006716234.1	pdXP_028381239.1	0.964	1894	68	0	1	1894	1	1893	0.000E+00	3818
NP_001123554.1	pdXP_035886264.1	0.883	2135	249	0	1	2135	1	2132	0.000E+00	3938
NP_001123554.1	pdXP_035886265.1	0.883	2135	249	0	1	2135	1	2132	0.000E+00	3938
NP_001123554.1	pdXP_035886266.1	0.883	2135	249	0	1	2135	1	2132	0.000E+00	3938
NP_001123554.1	pdXP_035886267.1	0.883	2135	249	0	1	2135	1	2132	0.000E+00	3938
NP_001123554.1	pdXP_028374223.1	0.883	2135	249	0	1	2135	1	2132	0.000E+00	3938
NP_001123554.1	pdXP_035886268.1	0.883	2135	249	0	1	2135	1	2132	0.000E+00	3938
NP_002664.2	pdXP_035886264.1	0.883	2135	249	0	1	2135	1	2132	0.000E+00	3938
NP_002664.2	pdXP_035886265.1	0.883	2135	249	0	1	2135	1	2132	0.000E+00	3938
NP_002664.2	pdXP_035886266.1	0.883	2135	249	0	1	2135	1	2132	0.000E+00	3938
NP_002664.2	pdXP_035886267.1	0.883	2135	249	0	1	2135	1	2132	0.000E+00	3938
NP_002664.2	pdXP_028374223.1	0.883	2135	249	0	1	2135	1	2132	0.000E+00	3938
NP_002664.2	pdXP_035886268.1	0.883	2135	249	0	1	2135	1	2132	0.000E+00	3938
NP_036533.2	pdXP_028387641.1	0.839	1842	296	0	1	1838	1	1842	0.000E+00	3238
NP_036533.2	pdXP_035875665.1	0.839	1842	296	0	1	1838	1	1842	0.000E+00	3238
NP_036533.2	pdXP_035875666.1	0.839	1842	296	0	1	1838	1	1842	0.000E+00	3238
NP_036533.2	pdXP_035875667.1	0.839	1842	296	0	1	1838	1	1842	0.000E+00	3238
XP_005261966.1	pdXP_028387641.1	0.839	1842	296	0	1	1838	1	1842	0.000E+00	3238
XP_005261966.1	pdXP_035875665.1	0.839	1842	296	0	1	1838	1	1842	0.000E+00	3238
XP_005261966.1	pdXP_035875666.1	0.839	1842	296	0	1	1838	1	1842	0.000E+00	3238
XP_005261966.1	pdXP_035875667.1	0.839	1842	296	0	1	1838	1	1842	0.000E+00	3238
XP_005261967.1	pdXP_028387641.1	0.839	1842	296	0	1	1838	1	1842	0.000E+00	3238
XP_005261967.1	pdXP_035875665.1	0.839	1842	296	0	1	1838	1	1842	0.000E+00	3238
XP_005261967.1	pdXP_035875666.1	0.839	1842	296	0	1	1838	1	1842	0.000E+00	3238
XP_005261967.1	pdXP_035875667.1	0.839	1842	296	0	1	1838	1	1842	0.000E+00	3238
NP_060259.4	pdXP_028371107.1	0.907	834	77	0	1	833	1	834	0.000E+00	1622
NP_060259.4	pdXP_035885979.1	0.907	834	77	0	1	833	1	834	0.000E+00	1622
NP_060259.4	pdXP_035885980.1	0.907	834	77	0	1	833	1	834	0.000E+00	1622
NP_055918.2	pdXP_028373840.1	0.933	1928	129	0	1	1925	1	1928	0.000E+00	3729
XP_005264229.1	pdXP_035883993.1	0.635	547	199	0	1	547	1	546	1.347E-217	681
NP_002448.3	pdXP_028370933.1	0.449	5174	1942	0	1	5174	1	3525	0.000E+00	3962
NP_114116.3	pdXP_028388483.1	0.697	268	78	0	20	278	1	268	7.405E-118	377
XP_005251711.1	pdXP_028387280.1	0.822	860	152	0	1	860	1	854	0.000E+00	1479
XP_005251711.1	pdXP_028387282.1	0.822	860	152	0	1	860	1	854	0.000E+00	1479
XP_005251711.1	pdXP_035877338.1	0.822	860	152	0	1	860	1	854	0.000E+00	1479
XP_005251711.1	pdXP_035877334.1	0.822	860	152	0	1	860	14	867	0.000E+00	1479
XP_005251711.1	pdXP_035877335.1	0.822	860	152	0	1	860	14	867	0.000E+00	1479
XP_005251711.1	pdXP_035877336.1	0.822	860	152	0	1	860	14	867	0.000E+00	1479
XP_005251711.1	pdXP_035877337.1	0.822	860	152	0	1	860	14	867	0.000E+00	1479
NP_001258126.1	pdXP_028357700.1	0.851	450	66	0	1	445	1	450	1.259E-274	839
XP_005255991.1	pdXP_028357700.1	0.851	450	66	0	1	445	1	450	1.259E-274	839
NP_005561.1	pdXP_028380575.1	0.880	518	61	0	1	510	1	518	8.127E-321	976
NP_000233.1	pdXP_035882837.1	0.691	245	75	0	1	245	1	245	1.981E-109	351
XP_006717924.1	pdXP_035882837.1	0.691	245	75	0	1	245	1	245	1.981E-109	351
NP_001191214.1	pdXP_035871461.1	0.606	410	158	0	66	475	263	663	2.023E-147	473
NP_149038.3	pdXP_035871897.1	0.410	250	144	0	256	500	5	254	1.259E-44	173
NP_000691.1	pdXP_035877636.1	0.892	345	37	0	1	345	1	345	6.869E-205	632
NP_000691.1	pdXP_028368846.1	0.892	345	37	0	1	345	1	345	6.869E-205	632
NP_009124.2	pdXP_035887875.1	0.910	324	29	0	1	324	1	324	5.004E-206	634
NP_072092.2	pdXP_035875243.1	0.712	195	56	0	7	201	1	195	3.054E-90	293
NP_922938.1	pdXP_028389031.1	0.726	241	66	0	7	247	1	241	5.899E-114	364
NP_001128563.1	pdXP_028372090.1	0.592	334	134	0	28	361	1	329	1.190E-116	378
NP_001128563.1	pdXP_028372090.1	0.592	334	134	0	28	361	1	329	1.190E-116	378
NP_663625.2	pdXP_028372090.1	0.592	334	134	0	1	334	1	329	3.817E-117	378
NP_078966.2	pdXP_035888181.1	0.489	3290	1397	0	11195	14484	1	2734	0.000E+00	2825
NP_001035194.1	pdXP_028371692.2	0.572	358	152	0	4137	4492	32	389	4.634E-127	456
NP_775871.2	pdXP_035872617.1	0.481	4471	2175	0	458	4928	29	4220	0.000E+00	3669
NP_006490.3	pdXP_028387060.1	0.824	358	63	0	2	359	1	357	4.810E-198	613
NP_006490.3	pdXP_028387063.1	0.824	358	63	0	2	359	1	357	4.810E-198	613
NP_963837.1	pdXP_028387066.1	0.844	316	49	0	2	317	1	316	3.317E-181	562
NP_963837.1	pdXP_028387067.1	0.844	316	49	0	2	317	1	316	3.317E-181	562
NP_963837.1	pdXP_028387068.1	0.844	316	49	0	2	317	1	316	3.317E-181	562
NP_963838.1	pdXP_028387066.1	0.844	316	49	0	2	317	1	316	3.317E-181	562
NP_963838.1	pdXP_028387067.1	0.844	316	49	0	2	317	1	316	3.317E-181	562
NP_963838.1	pdXP_028387068.1	0.844	316	49	0	2	317	1	316	3.317E-181	562
NP_963839.1	pdXP_028387060.1	0.824	358	63	0	2	359	1	357	4.810E-198	613
NP_963839.1	pdXP_028387063.1	0.824	358	63	0	2	359	1	357	4.810E-198	613
NP_002299.2	pdXP_028376223.1	0.727	323	88	0	1	323	1	323	3.839E-165	516
NP_033665.1	pdXP_028376222.1	0.715	355	101	0	1	355	1	355	2.064E-179	559
XP_006721955.1	pdXP_035889260.1	0.733	311	83	0	1	311	1	311	1.733E-159	499
XP_006721957.1	pdXP_028376225.1	0.708	233	68	0	1	233	1	233	5.638E-114	364
NP_002296.1	pdXP_035875223.1	0.696	132	40	0	4	135	5	136	2.315E-61	206
NP_000533.3	pdXP_035884132.1	0.698	379	112	0	13	391	1	372	5.105E-179	560
NP_000533.3	pdXP_028373399.1	0.698	379	112	0	13	391	1	372	5.105E-179	560
NP_942140.2	pdXP_035884132.1	0.698	379	112	0	13	391	1	372	5.105E-179	560
NP_942140.2	pdXP_028373399.1	0.698	379	112	0	13	391	1	372	5.105E-179	560
NP_000533.3	pdXP_035884132.1	0.698	379	112	0	13	391	1	372	5.105E-179	560
NP_000533.3	pdXP_028373399.1	0.698	379	112	0	13	391	1	372	5.105E-179	560
NP_942140.2	pdXP_035884132.1	0.698	379	112	0	13	391	1	372	5.105E-179	560
NP_942140.2	pdXP_028373399.1	0.698	379	112	0	13	391	1	372	5.105E-179	560
XP_005264544.1	pdXP_035884132.1	0.698	379	112	0	13	391	1	372	5.105E-179	560
XP_005264544.1	pdXP_028373399.1	0.698	379	112	0	13	391	1	372	5.105E-179	560
NP_001165828.1	pdXP_028377440.1	0.780	191	42	0	1	191	1	190	1.599E-92	299
NP_001165828.1	pdXP_035888561.1	0.780	191	42	0	1	191	1	190	1.599E-92	299
NP_003010.4	pdXP_035882640.1	0.769	378	86	0	1	375	3	380	1.407E-202	627
NP_940995.1	pdXP_035890114.1	0.797	281	56	0	1	281	1	279	3.758E-153	479
NP_940995.1	pdXP_035890115.1	0.797	281	56	0	1	281	1	279	3.758E-153	479
NP_940995.1	pdXP_028376388.1	0.797	281	56	0	1	281	1	279	3.758E-153	479
XP_006721730.1	pdXP_035890114.1	0.797	281	56	0	1	281	1	279	3.758E-153	479
XP_006721730.1	pdXP_035890115.1	0.797	281	56	0	1	281	1	279	3.758E-153	479
XP_006721730.1	pdXP_028376388.1	0.797	281	56	0	1	281	1	279	3.758E-153	479
XP_006721729.1	pdXP_035890114.1	0.797	281	56	0	11	291	1	279	5.949E-153	479
XP_006721729.1	pdXP_035890115.1	0.797	281	56	0	11	291	1	279	5.949E-153	479
XP_006721729.1	pdXP_028376388.1	0.797	281	56	0	11	291	1	279	5.949E-153	479
NP_114114.2	pdXP_028384094.2	0.947	286	15	0	45	330	34	319	8.223E-195	602
NP_112207.1	pdXP_035876117.1	0.979	242	5	0	5	246	69	310	4.009E-169	523
NP_852100.3	pdXP_028374642.2	0.955	315	14	0	5	319	69	383	5.044E-212	651
NP_114115.2	pdXP_028372235.1	0.935	328	21	0	1	328	1	324	1.540E-204	630
NP_004030.1	pdXP_028362799.1	0.964	339	12	0	1	339	1	339	1.974E-215	662
NP_005130.1	pdXP_028362718.1	0.900	323	32	0	1	323	1	323	3.869E-191	591
XP_005263030.1	pdXP_028362718.1	0.900	323	32	0	1	323	1	323	3.869E-191	591
NP_001144.1	pdXP_028372569.1	0.943	321	18	0	1	321	1	321	3.742E-199	614
NP_001145.1	pdXP_028376604.2	0.934	320	21	0	1	320	1	320	5.670E-194	599
NP_001146.2	pdXP_035870508.1	0.946	674	36	0	1	673	1	674	0.000E+00	1281
NP_001146.2	pdXP_028383720.1	0.946	674	36	0	1	673	1	674	0.000E+00	1281
NP_001138367.1	pdXP_035888642.1	0.390	261	127	0	32	292	46	255	3.495E-58	206
NP_060876.5	pdXP_028360751.2	0.530	1897	844	0	3511	5407	2	1797	0.000E+00	1854
XP_006718462.1	pdXP_035885931.1	0.534	4964	1937	0	1	4964	1	4158	0.000E+00	5380
NP_002449.2	pdXP_035885930.1	0.468	3925	1589	0	1	3925	1	2987	0.000E+00	3353
NP_005952.2	pdXP_035885932.1	0.550	2437	980	0	3	2439	5	2182	0.000E+00	2631
NP_004627.1	pdXP_028373701.1	0.884	749	87	0	1	749	1	749	0.000E+00	1392
NP_006370.1	pdXP_028381602.1	0.965	750	26	0	1	750	1	750	0.000E+00	1542
NP_689967.2	pdXP_028381470.1	0.945	777	43	0	1	777	1	775	0.000E+00	1556
NP_963917.2	pdXP_035875250.1	0.570	232	99	0	1	231	1	232	8.732E-85	279
NP_001191214.1	pdXP_035871461.1	0.606	410	158	0	66	475	263	663	2.023E-147	473
NP_665876.1	pdXP_028368229.1	0.926	505	37	0	1	505	1	505	0.000E+00	1002
NP_872425.2	pdXP_028357700.1	0.851	450	66	0	1	445	1	450	1.259E-274	839
XP_005261382.1	pdXP_028388483.1	0.697	268	78	0	1	259	1	268	3.161E-118	377
XP_006724188.1	pdXP_028388483.1	0.697	268	78	0	1	259	1	268	3.161E-118	377
NP_001128642.1	pdXP_028362871.1	0.972	296	8	0	1	296	4	299	7.275E-205	629
NP_001128643.1	pdXP_035874781.1	0.979	289	6	0	1	289	1	289	3.414E-201	618
NP_001128643.1	pdXP_035874787.1	0.979	289	6	0	1	289	1	289	3.414E-201	618
NP_001128643.1	pdXP_028362872.1	0.979	289	6	0	1	289	1	289	3.414E-201	618
NP_114117.1	pdXP_035874781.1	0.979	289	6	0	1	289	1	289	3.414E-201	618
NP_114117.1	pdXP_035874787.1	0.979	289	6	0	1	289	1	289	3.414E-201	618
NP_114117.1	pdXP_028362872.1	0.979	289	6	0	1	289	1	289	3.414E-201	618
NP_997302.2	pdXP_028361498.1	0.683	252	79	0	1	252	1	249	1.068E-109	352
NP_848635.2	pdXP_028388842.1	0.876	332	41	0	1	332	1	332	1.169E-209	645
NP_001035972.1	pdXP_028386073.1	0.748	135	34	0	2	136	5	138	1.350E-67	224
NP_001035972.1	pdXP_028386140.2	0.748	135	34	0	2	136	18	151	1.350E-67	224
NP_002298.1	pdXP_028386073.1	0.748	135	34	0	2	136	5	138	1.350E-67	224
NP_002298.1	pdXP_028386140.2	0.748	135	34	0	2	136	18	151	1.350E-67	224
NP_997244.4	pdXP_028382391.1	0.784	3170	684	0	1	3169	1	3170	0.000E+00	5208
NP_705869.1	pdXP_028361714.1	0.961	999	39	0	1	998	1	999	0.000E+00	2030
NP_705870.1	pdXP_028361712.1	0.962	1018	39	0	1	1017	1	1018	0.000E+00	2070
NP_705871.1	pdXP_028361706.1	0.962	1073	41	0	1	1073	1	1073	0.000E+00	2174
XP_005254744.1	pdXP_028361706.1	0.962	1073	41	0	1	1073	1	1073	0.000E+00	2174
XP_005254746.1	pdXP_035889000.1	0.962	1054	40	0	1	1054	1	1054	0.000E+00	2134
XP_005254747.1	pdXP_028361711.1	0.964	1031	37	0	1	1030	1	1031	0.000E+00	2100
NP_003603.1	pdXP_028363519.1	0.834	666	110	0	1	666	1	664	0.000E+00	1197
NP_000482.3	pdXP_028368880.2	0.821	252	45	0	2	253	185	435	2.858E-142	446
XP_005246039.1	pdXP_028368880.2	0.821	252	45	0	2	253	185	435	2.858E-142	446
NP_001107573.1	pdXP_028368879.1	0.779	245	54	0	1	245	1	245	1.221E-130	412
NP_001107573.1	pdXP_035881395.1	0.779	245	54	0	1	245	1	245	1.221E-130	412
NP_001107573.1	pdXP_035881396.1	0.779	245	54	0	1	245	1	245	1.221E-130	412
NP_001107573.1	pdXP_035881397.1	0.779	245	54	0	1	245	1	245	1.221E-130	412
NP_001107573.1	pdXP_035881398.1	0.779	245	54	0	1	245	1	245	1.221E-130	412
NP_758957.2	pdXP_028368879.1	0.779	245	54	0	1	245	1	245	1.221E-130	412
NP_758957.2	pdXP_035881395.1	0.779	245	54	0	1	245	1	245	1.221E-130	412
NP_758957.2	pdXP_035881396.1	0.779	245	54	0	1	245	1	245	1.221E-130	412
NP_758957.2	pdXP_035881397.1	0.779	245	54	0	1	245	1	245	1.221E-130	412
NP_758957.2	pdXP_035881398.1	0.779	245	54	0	1	245	1	245	1.221E-130	412
NP_006679.1	pdXP_028376646.1	0.980	258	5	0	1	258	1	258	1.369E-178	551
NP_872334.2	pdXP_028389318.1	0.937	287	18	0	1	287	1	287	4.700E-188	580
NP_001010908.1	pdXP_028363733.1	0.996	255	1	0	1	255	1	255	2.899E-177	547
NP_001008224.1	pdXP_028389111.1	0.983	238	4	0	1	238	1	238	1.635E-166	515
NP_001242914.1	pdXP_035883518.1	0.846	261	40	0	25	285	7	267	8.345E-155	484
NP_001242914.1	pdXP_028372691.1	0.846	261	40	0	25	285	7	267	8.345E-155	484
NP_076932.1	pdXP_035883518.1	0.846	261	40	0	11	271	7	267	4.369E-155	484
NP_076932.1	pdXP_028372691.1	0.846	261	40	0	11	271	7	267	4.369E-155	484
NP_002072.2	pdXP_035880910.1	0.851	558	83	0	1	558	92	648	9.881E-324	987
NP_689955.1	pdXP_028368438.1	0.738	579	149	0	1	579	1	571	7.344E-286	879
NP_945119.1	pdXP_035868227.1	0.821	813	144	0	25	837	9	815	0.000E+00	1399
NP_945119.1	pdXP_035868228.1	0.821	813	144	0	25	837	9	815	0.000E+00	1399
NP_945119.1	pdXP_035868229.1	0.821	813	144	0	25	837	9	815	0.000E+00	1399
XP_005253524.1	pdXP_028389031.1	0.726	241	66	0	7	247	1	241	5.899E-114	364
NP_997228.1	pdXP_028389033.2	0.625	240	90	0	1	240	12	251	1.632E-99	322
NP_006429.2	pdXP_035887268.1	0.888	277	31	0	1	277	1	277	6.445E-171	530
NP_006429.2	pdXP_028389823.1	0.888	277	31	0	1	277	1	277	6.445E-171	530
NP_001278713.1	pdXP_035869842.1	0.709	148	40	0	1	148	1	140	6.403E-65	217
NP_000604.1	pdXP_028372914.1	0.781	463	101	0	1	461	1	463	1.902E-260	799
NP_001026872.2	pdXP_028360503.1	0.918	1093	89	0	59	1151	1	1092	0.000E+00	2202
NP_001243275.1	pdXP_028360503.1	0.918	1093	89	0	59	1151	1	1092	0.000E+00	2202
NP_001243276.1	pdXP_028360503.1	0.918	1093	89	0	113	1205	1	1092	0.000E+00	2202
NP_065847.1	pdXP_028361065.1	0.961	1030	40	0	1	1030	1	1029	0.000E+00	2078
NP_525126.2	pdXP_035875304.1	0.759	108	25	0	60	167	9	113	1.251E-54	191
NP_055173.1	pdXP_028389238.1	0.732	209	56	0	1	209	1	209	2.614E-109	349
NP_775806.2	pdXP_035883993.1	0.635	547	199	0	1	547	1	546	3.415E-217	681
NP_940894.1	pdXP_028384665.1	0.730	293	78	0	1	293	1	290	6.702E-144	453
NP_940894.1	pdXP_028384668.1	0.730	293	78	0	1	293	1	290	6.702E-144	453
NP_115484.2	pdXP_028375827.1	0.919	888	70	0	1	888	1	870	0.000E+00	1700
NP_115484.2	pdXP_035888112.1	0.919	888	70	0	1	888	1	870	0.000E+00	1700
NP_115484.2	pdXP_035888113.1	0.919	888	70	0	1	888	1	870	0.000E+00	1700
NP_115484.2	pdXP_035888111.1	0.919	888	70	0	1	888	35	904	0.000E+00	1700
NP_001171532.1	pdXP_028358868.1	0.890	962	105	0	1	962	1	955	0.000E+00	1780
NP_001171532.1	pdXP_035871350.1	0.890	962	105	0	1	962	1	955	0.000E+00	1780
NP_001171532.1	pdXP_035871351.1	0.890	962	105	0	1	962	1	955	0.000E+00	1780
NP_001171532.1	pdXP_035871352.1	0.890	962	105	0	1	962	1	955	0.000E+00	1780
NP_922940.1	pdXP_035875245.1	0.686	137	43	0	7	143	1	137	1.001E-57	196
NP_001129686.1	pdXP_028357700.1	0.851	450	66	0	1	445	1	450	1.259E-274	839
NP_112175.2	pdXP_028358869.1	0.891	930	100	0	1	930	1	923	0.000E+00	1722
XP_005244890.1	pdXP_028358868.1	0.890	962	105	0	1	962	1	955	0.000E+00	1780
XP_005244890.1	pdXP_035871350.1	0.890	962	105	0	1	962	1	955	0.000E+00	1780
XP_005244890.1	pdXP_035871351.1	0.890	962	105	0	1	962	1	955	0.000E+00	1780
XP_005244890.1	pdXP_035871352.1	0.890	962	105	0	1	962	1	955	0.000E+00	1780
XP_005244892.1	pdXP_028358868.1	0.890	962	105	0	1	962	1	955	0.000E+00	1780
XP_005244892.1	pdXP_035871350.1	0.890	962	105	0	1	962	1	955	0.000E+00	1780
XP_005244892.1	pdXP_035871351.1	0.890	962	105	0	1	962	1	955	0.000E+00	1780
XP_005244892.1	pdXP_035871352.1	0.890	962	105	0	1	962	1	955	0.000E+00	1780
XP_005244893.1	pdXP_028358869.1	0.891	930	100	0	1	930	1	923	0.000E+00	1722
NP_001185928.1	pdXP_028361713.1	0.963	1012	37	0	1	1011	1	1012	0.000E+00	2060
NP_065909.1	pdXP_028361713.1	0.963	1012	37	0	1	1011	1	1012	0.000E+00	2060
NP_001136009.1	pdXP_035885511.1	0.846	274	42	0	1	274	1	274	4.369E-157	490
NP_149092.2	pdXP_028373041.1	0.853	313	46	0	23	335	1	313	7.247E-182	565
NP_006489.1	pdXP_028389063.2	0.724	127	35	0	4	130	65	190	1.212E-58	198
NP_002297.2	pdXP_035866150.1	0.765	267	59	0	1	250	1	267	6.307E-132	416
NP_006140.1	pdXP_028386199.1	0.843	324	51	0	1	323	1	324	2.094E-189	586
XP_005256469.1	pdXP_035889036.1	0.618	306	108	0	1	283	1	306	4.457E-129	410
NP_002966.1	pdXP_028385773.1	0.878	328	39	0	1	323	1	328	1.001E-197	610
NP_001193939.1	pdXP_028388933.1	0.575	265	112	0	11	274	1	265	8.677E-97	316
NP_612210.4	pdXP_028388933.1	0.575	265	112	0	1	264	1	265	5.629E-97	316
XP_005253381.1	pdXP_028388933.1	0.575	265	112	0	1	264	1	265	5.629E-97	316
XP_006719097.1	pdXP_028388933.1	0.575	265	112	0	1	264	1	265	5.629E-97	316
NP_001123470.1	pdXP_028388771.1	0.818	276	50	0	1	276	1	273	3.273E-152	476
NP_006369.3	pdXP_028387280.1	0.822	860	152	0	1	860	1	854	0.000E+00	1479
NP_006369.3	pdXP_028387282.1	0.822	860	152	0	1	860	1	854	0.000E+00	1479
NP_006369.3	pdXP_035877338.1	0.822	860	152	0	1	860	1	854	0.000E+00	1479
NP_006369.3	pdXP_035877334.1	0.822	860	152	0	1	860	14	867	0.000E+00	1479
NP_006369.3	pdXP_035877335.1	0.822	860	152	0	1	860	14	867	0.000E+00	1479
NP_006369.3	pdXP_035877336.1	0.822	860	152	0	1	860	14	867	0.000E+00	1479
NP_006369.3	pdXP_035877337.1	0.822	860	152	0	1	860	14	867	0.000E+00	1479
NP_001073980.2	pdXP_028381918.1	0.943	214	12	0	1	214	1	214	5.525E-141	440
NP_005743.4	pdXP_028357855.1	0.908	196	18	0	10	205	1	196	5.072E-121	382
NP_003269.2	pdXP_028374455.1	0.856	202	29	0	1	202	1	202	6.135E-117	370
NP_057268.1	pdXP_028388773.1	0.663	237	80	0	1	237	1	237	2.441E-110	353
XP_005268489.1	pdXP_028383722.1	0.946	668	36	0	1	667	1	668	0.000E+00	1272
NP_001147.1	pdXP_028367986.1	0.905	466	44	0	1	466	1	466	1.037E-295	901
NP_004025.1	pdXP_028367985.1	0.905	488	46	0	1	488	1	488	1.777E-309	942
NP_036563.1	pdXP_028381663.1	0.913	775	67	0	1	775	1	775	0.000E+00	1534
NP_004177.3	pdXP_028373697.1	0.964	785	28	0	1	785	1	785	0.000E+00	1616
XP_005265438.1	pdXP_028373697.1	0.964	785	28	0	1	785	1	785	0.000E+00	1616
XP_005265439.1	pdXP_028373698.1	0.969	754	23	0	1	754	1	754	0.000E+00	1561
NP_064548.1	pdXP_028374785.1	0.869	782	101	0	1	782	1	770	0.000E+00	1443
NP_001180229.1	pdXP_035870881.1	0.834	761	126	0	1	761	30	788	0.000E+00	1309
NP_055469.3	pdXP_028369092.1	0.925	442	33	0	1	442	1	442	7.439E-270	825
NP_002990.2	pdXP_028380039.1	0.807	202	38	0	1	198	1	202	2.309E-100	322
NP_006071.1	pdXP_028381226.1	0.962	772	29	0	1	771	1	772	0.000E+00	1608
XP_005250167.1	pdXP_028381226.1	0.962	772	29	0	1	771	1	772	0.000E+00	1608
XP_005250168.1	pdXP_028381226.1	0.962	772	29	0	1	771	1	772	0.000E+00	1608
XP_006715901.1	pdXP_028381226.1	0.962	772	29	0	1	771	1	772	0.000E+00	1608
NP_995326.1	pdXP_028366878.1	0.723	76	21	0	1	76	1	76	3.510E-30	113
NP_872292.1	pdXP_028388483.1	0.697	268	78	0	20	278	1	268	7.405E-118	377
NP_006565.2	pdXP_028374428.1	0.873	544	68	0	1	539	1	544	0.000E+00	991
NP_001122108.1	pdXP_028384214.1	0.812	828	152	0	1	828	1	809	0.000E+00	1374
XP_006715788.1	pdXP_028384214.1	0.812	828	152	0	1	828	1	809	0.000E+00	1374
XP_006715789.1	pdXP_028384214.1	0.812	828	152	0	1	828	1	809	0.000E+00	1374
XP_006715790.1	pdXP_028384214.1	0.812	828	152	0	1	828	1	809	0.000E+00	1374
XP_006715791.1	pdXP_028384214.1	0.812	828	152	0	1	828	1	809	0.000E+00	1374
XP_005261968.1	pdXP_028387641.1	0.839	1842	296	0	1	1838	1	1842	0.000E+00	3238
XP_005261968.1	pdXP_035875665.1	0.839	1842	296	0	1	1838	1	1842	0.000E+00	3238
XP_005261968.1	pdXP_035875666.1	0.839	1842	296	0	1	1838	1	1842	0.000E+00	3238
XP_005261968.1	pdXP_035875667.1	0.839	1842	296	0	1	1838	1	1842	0.000E+00	3238
XP_006724476.1	pdXP_028387641.1	0.839	1842	296	0	1	1838	1	1842	0.000E+00	3238
XP_006724476.1	pdXP_035875665.1	0.839	1842	296	0	1	1838	1	1842	0.000E+00	3238
XP_006724476.1	pdXP_035875666.1	0.839	1842	296	0	1	1838	1	1842	0.000E+00	3238
XP_006724476.1	pdXP_035875667.1	0.839	1842	296	0	1	1838	1	1842	0.000E+00	3238
NP_001156729.1	pdXP_028378141.1	0.870	1891	246	0	42	1932	1	1890	0.000E+00	3446
NP_005384.2	pdXP_028378141.1	0.870	1891	246	0	19	1909	1	1890	0.000E+00	3446
NP_005752.1	pdXP_028387900.1	0.883	1573	183	0	1	1568	1	1573	0.000E+00	2869
NP_067048.4	pdXP_035877575.1	0.344	167	82	0	3	169	4	129	3.699E-17	83
NP_001008388.1	pdXP_028370256.1	0.674	174	56	0	1	174	1	174	3.983E-83	271
NP_001008388.1	pdXP_028370254.1	0.674	174	56	0	1	174	1	174	3.983E-83	271
NP_001191215.1	pdXP_035871461.1	0.606	410	158	0	75	484	263	663	2.915E-147	473
NP_001087239.2	pdXP_028369716.1	0.741	248	64	0	16	263	1	248	3.679E-127	403
NP_001087239.2	pdXP_035882637.1	0.741	248	64	0	16	263	1	248	3.679E-127	403
NP_001158116.1	pdXP_028369716.1	0.741	248	64	0	1	248	1	248	1.854E-127	403
NP_001158116.1	pdXP_035882637.1	0.741	248	64	0	1	248	1	248	1.854E-127	403
NP_001158119.1	pdXP_028369716.1	0.741	248	64	0	1	248	1	248	1.854E-127	403
NP_001158119.1	pdXP_035882637.1	0.741	248	64	0	1	248	1	248	1.854E-127	403
NP_005402.3	pdXP_028369716.1	0.741	248	64	0	1	248	1	248	1.854E-127	403
NP_005402.3	pdXP_035882637.1	0.741	248	64	0	1	248	1	248	1.854E-127	403
XP_005270119.1	pdXP_028369716.1	0.741	248	64	0	1	248	1	248	1.854E-127	403
XP_005270119.1	pdXP_035882637.1	0.741	248	64	0	1	248	1	248	1.854E-127	403
XP_006718016.1	pdXP_028369716.1	0.741	248	64	0	16	263	1	248	3.679E-127	403
XP_006718016.1	pdXP_035882637.1	0.741	248	64	0	16	263	1	248	3.679E-127	403
