XP_005253524.1	rfXP_032972071.1	0.725	244	67	0	1	244	1	243	6.762E-113	361
NP_001171175.1	rfXP_032979790.1	0.840	715	114	0	1	715	1	715	0.000E+00	1287
NP_001171175.1	rfXP_032979791.1	0.840	715	114	0	1	715	1	715	0.000E+00	1287
XP_006716792.1	rfXP_032979790.1	0.840	715	114	0	1	715	1	715	0.000E+00	1287
XP_006716792.1	rfXP_032979791.1	0.840	715	114	0	1	715	1	715	0.000E+00	1287
NP_001180230.1	rfXP_032949431.1	0.823	760	134	0	1	760	1	759	0.000E+00	1308
NP_001180230.1	rfXP_032949432.1	0.823	760	134	0	1	760	1	759	0.000E+00	1308
NP_000604.1	rfXP_032975857.1	0.780	465	101	0	1	462	1	465	3.364E-263	807
NP_002296.1	rfXP_032972059.1	0.866	135	18	0	1	135	1	135	4.170E-80	260
NP_620354.1	rfXP_032981096.1	0.705	173	51	0	1	173	1	173	1.702E-84	275
NP_004627.1	rfXP_032989113.1	0.894	749	79	0	1	749	1	748	0.000E+00	1403
NP_006370.1	rfXP_032944813.1	0.965	751	26	0	1	751	1	751	0.000E+00	1548
NP_689967.2	rfXP_032944775.1	0.951	777	38	0	1	777	1	775	0.000E+00	1562
NP_001171600.1	rfXP_032944803.1	0.951	715	35	0	1	715	1	715	0.000E+00	1458
NP_036563.1	rfXP_032944802.1	0.944	775	43	0	1	775	1	775	0.000E+00	1567
NP_004177.3	rfXP_032989079.1	0.973	785	21	0	1	785	1	785	0.000E+00	1634
NP_004177.3	rfXP_032989080.1	0.973	785	21	0	1	785	1	785	0.000E+00	1634
XP_005265438.1	rfXP_032989079.1	0.973	785	21	0	1	785	1	785	0.000E+00	1634
XP_005265438.1	rfXP_032989080.1	0.973	785	21	0	1	785	1	785	0.000E+00	1634
XP_005265439.1	rfXP_032989081.1	0.980	754	15	0	1	754	1	754	0.000E+00	1581
NP_064548.1	rfXP_032989008.1	0.888	782	86	0	1	782	1	770	0.000E+00	1474
NP_001180229.1	rfXP_032949431.1	0.823	760	134	0	1	760	1	759	0.000E+00	1308
NP_001180229.1	rfXP_032949432.1	0.823	760	134	0	1	760	1	759	0.000E+00	1308
NP_071762.2	rfXP_032949431.1	0.823	760	134	0	1	760	1	759	0.000E+00	1308
NP_071762.2	rfXP_032949432.1	0.823	760	134	0	1	760	1	759	0.000E+00	1308
NP_064595.2	rfXP_032956211.1	0.850	824	123	0	14	837	47	869	0.000E+00	1463
NP_919429.2	rfXP_032974491.1	0.640	198	71	0	1	198	1	198	9.891E-85	277
NP_919430.1	rfXP_032974492.1	0.638	165	59	0	1	165	1	164	4.077E-70	233
NP_525126.2	rfXP_032974128.1	0.708	215	62	0	1	215	1	212	1.793E-103	332
XP_005264229.1	rfXP_032981355.1	0.664	555	185	0	1	553	6	560	1.146E-238	742
NP_940894.1	rfXP_032989344.1	0.686	293	91	0	1	293	12	301	1.593E-134	426
NP_922939.1	rfXP_032972073.1	0.708	189	55	0	1	189	1	188	7.212E-84	274
NP_149092.2	rfXP_032975806.1	0.843	313	49	0	23	335	1	313	3.410E-182	566
NP_006489.1	rfXP_032973705.1	0.792	130	27	0	1	130	1	130	1.059E-68	227
NP_002297.2	rfXP_032964635.1	0.711	273	72	0	1	250	1	273	1.465E-131	415
NP_006140.1	rfXP_032982964.1	0.799	324	65	0	1	323	1	324	4.170E-182	565
NP_115484.2	rfXP_032991024.1	0.923	888	67	0	1	888	1	870	0.000E+00	1720
NP_115484.2	rfXP_032991025.1	0.923	888	67	0	1	888	1	870	0.000E+00	1720
NP_115484.2	rfXP_032991026.1	0.923	888	67	0	1	888	1	870	0.000E+00	1720
NP_115484.2	rfXP_032991027.1	0.923	888	67	0	1	888	1	870	0.000E+00	1720
NP_001171532.1	rfXP_032949654.1	0.898	962	98	0	1	962	1	959	0.000E+00	1813
NP_001171532.1	rfXP_032949655.1	0.898	962	98	0	1	962	1	959	0.000E+00	1813
NP_001171532.1	rfXP_032949656.1	0.898	962	98	0	1	962	1	959	0.000E+00	1813
NP_001171532.1	rfXP_032949657.1	0.898	962	98	0	1	962	1	959	0.000E+00	1813
NP_112175.2	rfXP_032949658.1	0.899	930	94	0	1	930	1	927	0.000E+00	1753
XP_005244890.1	rfXP_032949654.1	0.898	962	98	0	1	962	1	959	0.000E+00	1813
XP_005244890.1	rfXP_032949655.1	0.898	962	98	0	1	962	1	959	0.000E+00	1813
XP_005244890.1	rfXP_032949656.1	0.898	962	98	0	1	962	1	959	0.000E+00	1813
XP_005244890.1	rfXP_032949657.1	0.898	962	98	0	1	962	1	959	0.000E+00	1813
XP_005244892.1	rfXP_032949654.1	0.898	962	98	0	1	962	1	959	0.000E+00	1813
XP_005244892.1	rfXP_032949655.1	0.898	962	98	0	1	962	1	959	0.000E+00	1813
XP_005244892.1	rfXP_032949656.1	0.898	962	98	0	1	962	1	959	0.000E+00	1813
XP_005244892.1	rfXP_032949657.1	0.898	962	98	0	1	962	1	959	0.000E+00	1813
XP_005244893.1	rfXP_032949658.1	0.899	930	94	0	1	930	1	927	0.000E+00	1753
NP_001185928.1	rfXP_032964281.1	0.969	1011	31	0	1	1011	1	1011	0.000E+00	2076
NP_065909.1	rfXP_032964281.1	0.969	1011	31	0	1	1011	1	1011	0.000E+00	2076
NP_001147.1	rfXP_032986528.1	0.922	466	36	0	1	466	1	463	9.892E-297	904
NP_004025.1	rfXP_032986527.1	0.922	488	38	0	1	488	1	485	3.767E-310	944
NP_003559.2	rfXP_032948477.1	0.805	345	67	0	1	345	1	345	2.779E-180	561
NP_003559.2	rfXP_032948478.1	0.805	345	67	0	1	345	1	345	2.779E-180	561
NP_003559.2	rfXP_032948479.1	0.805	345	67	0	1	345	1	345	2.779E-180	561
NP_003559.2	rfXP_032948480.1	0.805	345	67	0	1	345	1	345	2.779E-180	561
NP_003559.2	rfXP_032948481.1	0.805	345	67	0	1	345	1	345	2.779E-180	561
NP_057075.1	rfXP_032969103.1	0.750	244	61	0	1	244	1	244	1.538E-128	406
NP_001888.2	rfXP_032964577.1	0.868	2322	306	0	1	2322	1	2322	0.000E+00	4147
NP_001193872.1	rfXP_032987762.1	0.863	570	77	0	1	566	1	570	0.000E+00	1037
NP_006565.2	rfXP_032987765.1	0.862	543	74	0	1	539	1	543	5.435E-323	984
NP_001122108.1	rfXP_032951607.1	0.851	828	122	0	1	828	1	818	0.000E+00	1442
NP_001122108.1	rfXP_032951609.1	0.851	828	122	0	1	828	1	818	0.000E+00	1442
NP_001122108.1	rfXP_032951610.1	0.851	828	122	0	1	828	1	818	0.000E+00	1442
XP_006715788.1	rfXP_032951607.1	0.851	828	122	0	1	828	1	818	0.000E+00	1442
XP_006715788.1	rfXP_032951609.1	0.851	828	122	0	1	828	1	818	0.000E+00	1442
XP_006715788.1	rfXP_032951610.1	0.851	828	122	0	1	828	1	818	0.000E+00	1442
XP_006715789.1	rfXP_032951607.1	0.851	828	122	0	1	828	1	818	0.000E+00	1442
XP_006715789.1	rfXP_032951609.1	0.851	828	122	0	1	828	1	818	0.000E+00	1442
XP_006715789.1	rfXP_032951610.1	0.851	828	122	0	1	828	1	818	0.000E+00	1442
NP_001129487.1	rfXP_032964817.1	0.976	339	8	0	1	339	1	339	3.474E-218	670
NP_000533.3	rfXP_032981035.1	0.709	379	108	0	13	391	1	372	3.414E-184	575
NP_569057.1	rfXP_032943594.1	0.962	742	28	0	1	742	1	742	0.000E+00	1517
XP_005254746.1	rfXP_032964276.1	0.965	1054	37	0	1	1054	1	1054	0.000E+00	2149
XP_005254746.1	rfXP_032964277.1	0.965	1054	37	0	1	1054	1	1054	0.000E+00	2149
XP_005254747.1	rfXP_032964278.1	0.969	1030	32	0	1	1030	1	1030	0.000E+00	2116
NP_003603.1	rfXP_032963225.1	0.843	666	104	0	1	666	1	664	0.000E+00	1204
NP_001087239.2	rfXP_032986817.1	0.777	256	57	0	8	263	54	309	5.711E-140	440
NP_001087239.2	rfXP_032986818.1	0.777	256	57	0	8	263	54	309	5.711E-140	440
NP_001439.2	rfXP_032970534.1	0.953	556	26	0	1	556	1	556	0.000E+00	1108
NP_005699.1	rfXP_032960780.1	0.985	555	8	0	1	555	1	555	0.000E+00	1137
NP_037504.1	rfXP_032965310.1	0.972	184	5	0	1	184	1	184	1.544E-123	388
NP_037504.1	rfXP_032965309.1	0.972	184	5	0	1	184	57	240	1.544E-123	388
NP_001278713.1	rfXP_032951941.1	0.507	141	63	0	1	141	1	129	3.817E-29	114
XP_005252940.1	rfXP_032975857.1	0.780	465	101	0	1	462	1	465	3.364E-263	807
NP_054900.2	rfXP_032981153.1	0.930	172	12	0	1	172	128	299	8.119E-108	342
XP_005275787.1	rfXP_032977752.1	0.312	248	161	0	99	346	113	347	1.307E-10	65
NP_997244.4	rfXP_032960949.1	0.911	3172	282	0	1	3169	1	3172	0.000E+00	5964
XP_005261968.1	rfXP_032972234.1	0.875	1842	230	0	1	1838	1	1842	0.000E+00	3375
XP_005261968.1	rfXP_032972220.1	0.875	1842	230	0	1	1838	1	1842	0.000E+00	3375
XP_005261968.1	rfXP_032972222.1	0.875	1842	230	0	1	1838	1	1842	0.000E+00	3375
XP_005261968.1	rfXP_032972223.1	0.875	1842	230	0	1	1838	1	1842	0.000E+00	3375
XP_005261968.1	rfXP_032972224.1	0.875	1842	230	0	1	1838	1	1842	0.000E+00	3375
XP_005261968.1	rfXP_032972225.1	0.875	1842	230	0	1	1838	1	1842	0.000E+00	3375
XP_005261968.1	rfXP_032972226.1	0.875	1842	230	0	1	1838	1	1842	0.000E+00	3375
XP_005261968.1	rfXP_032972227.1	0.875	1842	230	0	1	1838	1	1842	0.000E+00	3375
XP_005261968.1	rfXP_032972228.1	0.875	1842	230	0	1	1838	1	1842	0.000E+00	3375
XP_005261968.1	rfXP_032972229.1	0.875	1842	230	0	1	1838	1	1842	0.000E+00	3375
XP_005261968.1	rfXP_032972230.1	0.875	1842	230	0	1	1838	1	1842	0.000E+00	3375
XP_005261968.1	rfXP_032972231.1	0.875	1842	230	0	1	1838	1	1842	0.000E+00	3375
XP_005261968.1	rfXP_032972232.1	0.875	1842	230	0	1	1838	1	1842	0.000E+00	3375
XP_005261968.1	rfXP_032972233.1	0.875	1842	230	0	1	1838	1	1842	0.000E+00	3375
XP_006724476.1	rfXP_032972234.1	0.875	1842	230	0	1	1838	1	1842	0.000E+00	3375
XP_006724476.1	rfXP_032972220.1	0.875	1842	230	0	1	1838	1	1842	0.000E+00	3375
XP_006724476.1	rfXP_032972222.1	0.875	1842	230	0	1	1838	1	1842	0.000E+00	3375
XP_006724476.1	rfXP_032972223.1	0.875	1842	230	0	1	1838	1	1842	0.000E+00	3375
XP_006724476.1	rfXP_032972224.1	0.875	1842	230	0	1	1838	1	1842	0.000E+00	3375
XP_006724476.1	rfXP_032972225.1	0.875	1842	230	0	1	1838	1	1842	0.000E+00	3375
XP_006724476.1	rfXP_032972226.1	0.875	1842	230	0	1	1838	1	1842	0.000E+00	3375
XP_006724476.1	rfXP_032972227.1	0.875	1842	230	0	1	1838	1	1842	0.000E+00	3375
XP_006724476.1	rfXP_032972228.1	0.875	1842	230	0	1	1838	1	1842	0.000E+00	3375
XP_006724476.1	rfXP_032972229.1	0.875	1842	230	0	1	1838	1	1842	0.000E+00	3375
XP_006724476.1	rfXP_032972230.1	0.875	1842	230	0	1	1838	1	1842	0.000E+00	3375
XP_006724476.1	rfXP_032972231.1	0.875	1842	230	0	1	1838	1	1842	0.000E+00	3375
XP_006724476.1	rfXP_032972232.1	0.875	1842	230	0	1	1838	1	1842	0.000E+00	3375
XP_006724476.1	rfXP_032972233.1	0.875	1842	230	0	1	1838	1	1842	0.000E+00	3375
NP_005384.2	rfXP_032971545.1	0.886	1901	216	0	9	1909	4	1903	0.000E+00	3494
NP_005752.1	rfXP_032973084.1	0.903	1569	152	0	1	1568	1	1569	0.000E+00	2921
NP_055918.2	rfXP_032988373.1	0.944	1928	108	0	1	1925	1	1928	0.000E+00	3772
NP_942140.2	rfXP_032981035.1	0.709	379	108	0	13	391	1	372	3.414E-184	575
NP_000533.3	rfXP_032981035.1	0.709	379	108	0	13	391	1	372	3.414E-184	575
NP_942140.2	rfXP_032981035.1	0.709	379	108	0	13	391	1	372	3.414E-184	575
XP_005264544.1	rfXP_032981035.1	0.709	379	108	0	13	391	1	372	3.414E-184	575
NP_001165828.1	rfXP_032990647.1	0.842	191	30	0	1	191	1	190	7.838E-101	323
NP_003010.4	rfXP_032986645.1	0.709	375	108	0	1	375	1	373	3.092E-185	577
NP_003010.4	rfXP_032986646.1	0.709	375	108	0	1	375	1	373	3.092E-185	577
NP_000482.3	rfXP_032971455.1	0.833	253	42	0	3	252	1	253	2.987E-142	446
NP_000482.3	rfXP_032971456.1	0.833	253	42	0	3	252	1	253	2.987E-142	446
XP_005246039.1	rfXP_032971455.1	0.833	253	42	0	3	252	1	253	2.987E-142	446
XP_005246039.1	rfXP_032971456.1	0.833	253	42	0	3	252	1	253	2.987E-142	446
NP_001107573.1	rfXP_032971843.1	0.783	245	53	0	1	245	1	245	2.585E-131	414
NP_001107573.1	rfXP_032971844.1	0.783	245	53	0	1	245	1	245	2.585E-131	414
NP_758957.2	rfXP_032971843.1	0.783	245	53	0	1	245	1	245	2.585E-131	414
NP_758957.2	rfXP_032971844.1	0.783	245	53	0	1	245	1	245	2.585E-131	414
NP_006679.1	rfXP_032944966.1	0.980	258	5	0	1	258	1	258	1.431E-178	551
NP_001010908.1	rfXP_032956670.1	0.996	255	1	0	1	255	1	255	3.031E-177	547
NP_001008224.1	rfXP_032973919.1	0.983	238	4	0	1	238	1	238	3.799E-166	514
NP_112230.1	rfXP_032946498.1	0.804	281	54	0	1	281	1	279	3.581E-154	482
NP_699203.1	rfXP_032946498.1	0.804	281	54	0	1	281	1	279	3.581E-154	482
NP_149038.3	rfXP_032947807.1	0.447	577	283	0	1	512	1	577	2.026E-136	443
NP_945119.1	rfXP_032956211.1	0.850	824	123	0	14	837	47	869	0.000E+00	1463
NP_060259.4	rfXP_032956855.1	0.924	834	63	0	1	833	1	834	0.000E+00	1651
NP_060259.4	rfXP_032956856.1	0.924	834	63	0	1	833	1	834	0.000E+00	1651
NP_060259.4	rfXP_032956857.1	0.924	834	63	0	1	833	1	834	0.000E+00	1651
NP_060259.4	rfXP_032956858.1	0.924	834	63	0	1	833	1	834	0.000E+00	1651
NP_060259.4	rfXP_032956854.1	0.924	834	63	0	1	833	60	893	0.000E+00	1651
NP_001135759.1	rfXP_032978903.1	0.854	736	107	0	1	736	1	733	0.000E+00	1345
NP_006369.3	rfXP_032978900.1	0.842	862	135	0	1	862	1	856	0.000E+00	1521
NP_006369.3	rfXP_032978901.1	0.842	862	135	0	1	862	1	856	0.000E+00	1521
XP_005251711.1	rfXP_032978900.1	0.842	862	135	0	1	862	1	856	0.000E+00	1521
XP_005251711.1	rfXP_032978901.1	0.842	862	135	0	1	862	1	856	0.000E+00	1521
NP_001258591.1	rfXP_032981319.1	0.931	741	51	0	1	737	1	741	0.000E+00	1439
NP_004254.2	rfXP_032981317.1	0.934	774	51	0	1	770	1	774	0.000E+00	1510
NP_001138371.1	rfXP_032990430.1	0.551	232	97	0	10	226	3	234	4.281E-81	269
NP_001819.2	rfXP_032984826.1	0.543	138	63	0	1	138	3	140	1.437E-45	161
NP_006335.2	rfXP_032947180.1	0.625	309	107	0	1	286	1	309	2.399E-129	411
NP_705869.1	rfXP_032964282.1	0.968	998	32	0	1	998	1	998	0.000E+00	2047
NP_705870.1	rfXP_032964280.1	0.969	1017	31	0	1	1017	1	1017	0.000E+00	2087
NP_705871.1	rfXP_032964272.1	0.966	1073	36	0	1	1073	1	1073	0.000E+00	2189
NP_705871.1	rfXP_032964273.1	0.966	1073	36	0	1	1073	1	1073	0.000E+00	2189
NP_705871.1	rfXP_032964274.1	0.966	1073	36	0	1	1073	1	1073	0.000E+00	2189
XP_005254744.1	rfXP_032964272.1	0.966	1073	36	0	1	1073	1	1073	0.000E+00	2189
XP_005254744.1	rfXP_032964273.1	0.966	1073	36	0	1	1073	1	1073	0.000E+00	2189
XP_005254744.1	rfXP_032964274.1	0.966	1073	36	0	1	1073	1	1073	0.000E+00	2189
NP_940995.1	rfXP_032946498.1	0.804	281	54	0	1	281	1	279	3.581E-154	482
XP_006715790.1	rfXP_032951607.1	0.851	828	122	0	1	828	1	818	0.000E+00	1442
XP_006715790.1	rfXP_032951609.1	0.851	828	122	0	1	828	1	818	0.000E+00	1442
XP_006715790.1	rfXP_032951610.1	0.851	828	122	0	1	828	1	818	0.000E+00	1442
XP_006715791.1	rfXP_032951607.1	0.851	828	122	0	1	828	1	818	0.000E+00	1442
XP_006715791.1	rfXP_032951609.1	0.851	828	122	0	1	828	1	818	0.000E+00	1442
XP_006715791.1	rfXP_032951610.1	0.851	828	122	0	1	828	1	818	0.000E+00	1442
NP_689886.3	rfXP_032987867.1	0.516	537	252	0	1	537	1	522	2.065E-149	482
XP_005275180.1	rfXP_032955484.1	0.482	564	281	0	33	596	2	544	3.383E-140	458
NP_005951.1	rfXP_032965923.1	0.440	1998	1058	0	1	1890	1	1998	0.000E+00	1427
NP_060876.5	rfXP_032947766.1	0.565	1770	729	0	3638	5407	2	1677	0.000E+00	1938
NP_002548.3	rfXP_032949343.1	0.638	383	134	0	3	385	12	383	4.108E-146	479
NP_056208.2	rfXP_032962145.1	0.702	310	92	0	1	310	1	309	2.008E-131	418
NP_065138.2	rfXP_032946874.1	0.884	500	58	0	1	500	1	500	4.992E-313	953
NP_116201.7	rfXP_032956480.1	0.930	529	37	0	1	529	1	529	0.000E+00	1037
NP_116201.7	rfXP_032956481.1	0.930	529	37	0	1	529	1	529	0.000E+00	1037
NP_116201.7	rfXP_032956482.1	0.930	529	37	0	1	529	1	529	0.000E+00	1037
NP_116201.7	rfXP_032956483.1	0.930	529	37	0	1	529	1	529	0.000E+00	1037
NP_115618.3	rfXP_032943041.1	0.952	1896	91	0	1	1896	18	1911	0.000E+00	3752
NP_079455.3	rfXP_032948237.1	0.978	1894	42	0	1	1894	1	1894	0.000E+00	3875
NP_059984.3	rfXP_032972505.1	0.957	1872	80	0	1	1871	1	1872	0.000E+00	3736
NP_065962.1	rfXP_032954631.1	0.971	1894	55	0	1	1894	1	1893	0.000E+00	3846
NP_065962.1	rfXP_032954632.1	0.971	1894	55	0	1	1894	1	1893	0.000E+00	3846
XP_005250743.1	rfXP_032954631.1	0.971	1894	55	0	1	1894	1	1893	0.000E+00	3846
XP_005250743.1	rfXP_032954632.1	0.971	1894	55	0	1	1894	1	1893	0.000E+00	3846
XP_006716234.1	rfXP_032954631.1	0.971	1894	55	0	1	1894	1	1893	0.000E+00	3846
XP_006716234.1	rfXP_032954632.1	0.971	1894	55	0	1	1894	1	1893	0.000E+00	3846
NP_001123554.1	rfXP_032987932.1	0.908	2137	196	0	1	2135	1	2137	0.000E+00	4053
NP_001123554.1	rfXP_032987933.1	0.908	2137	196	0	1	2135	1	2137	0.000E+00	4053
NP_001123554.1	rfXP_032987934.1	0.908	2137	196	0	1	2135	1	2137	0.000E+00	4053
NP_001123554.1	rfXP_032987935.1	0.908	2137	196	0	1	2135	1	2137	0.000E+00	4053
NP_002664.2	rfXP_032987932.1	0.908	2137	196	0	1	2135	1	2137	0.000E+00	4053
NP_002664.2	rfXP_032987933.1	0.908	2137	196	0	1	2135	1	2137	0.000E+00	4053
NP_002664.2	rfXP_032987934.1	0.908	2137	196	0	1	2135	1	2137	0.000E+00	4053
NP_002664.2	rfXP_032987935.1	0.908	2137	196	0	1	2135	1	2137	0.000E+00	4053
NP_036533.2	rfXP_032972234.1	0.875	1842	230	0	1	1838	1	1842	0.000E+00	3375
NP_036533.2	rfXP_032972220.1	0.875	1842	230	0	1	1838	1	1842	0.000E+00	3375
NP_036533.2	rfXP_032972222.1	0.875	1842	230	0	1	1838	1	1842	0.000E+00	3375
NP_036533.2	rfXP_032972223.1	0.875	1842	230	0	1	1838	1	1842	0.000E+00	3375
NP_036533.2	rfXP_032972224.1	0.875	1842	230	0	1	1838	1	1842	0.000E+00	3375
NP_036533.2	rfXP_032972225.1	0.875	1842	230	0	1	1838	1	1842	0.000E+00	3375
NP_036533.2	rfXP_032972226.1	0.875	1842	230	0	1	1838	1	1842	0.000E+00	3375
NP_036533.2	rfXP_032972227.1	0.875	1842	230	0	1	1838	1	1842	0.000E+00	3375
NP_036533.2	rfXP_032972228.1	0.875	1842	230	0	1	1838	1	1842	0.000E+00	3375
NP_036533.2	rfXP_032972229.1	0.875	1842	230	0	1	1838	1	1842	0.000E+00	3375
NP_036533.2	rfXP_032972230.1	0.875	1842	230	0	1	1838	1	1842	0.000E+00	3375
NP_036533.2	rfXP_032972231.1	0.875	1842	230	0	1	1838	1	1842	0.000E+00	3375
NP_036533.2	rfXP_032972232.1	0.875	1842	230	0	1	1838	1	1842	0.000E+00	3375
NP_036533.2	rfXP_032972233.1	0.875	1842	230	0	1	1838	1	1842	0.000E+00	3375
XP_005261966.1	rfXP_032972234.1	0.875	1842	230	0	1	1838	1	1842	0.000E+00	3375
XP_005261966.1	rfXP_032972220.1	0.875	1842	230	0	1	1838	1	1842	0.000E+00	3375
XP_005261966.1	rfXP_032972222.1	0.875	1842	230	0	1	1838	1	1842	0.000E+00	3375
XP_005261966.1	rfXP_032972223.1	0.875	1842	230	0	1	1838	1	1842	0.000E+00	3375
XP_005261966.1	rfXP_032972224.1	0.875	1842	230	0	1	1838	1	1842	0.000E+00	3375
XP_005261966.1	rfXP_032972225.1	0.875	1842	230	0	1	1838	1	1842	0.000E+00	3375
XP_005261966.1	rfXP_032972226.1	0.875	1842	230	0	1	1838	1	1842	0.000E+00	3375
XP_005261966.1	rfXP_032972227.1	0.875	1842	230	0	1	1838	1	1842	0.000E+00	3375
XP_005261966.1	rfXP_032972228.1	0.875	1842	230	0	1	1838	1	1842	0.000E+00	3375
XP_005261966.1	rfXP_032972229.1	0.875	1842	230	0	1	1838	1	1842	0.000E+00	3375
XP_005261966.1	rfXP_032972230.1	0.875	1842	230	0	1	1838	1	1842	0.000E+00	3375
XP_005261966.1	rfXP_032972231.1	0.875	1842	230	0	1	1838	1	1842	0.000E+00	3375
XP_005261966.1	rfXP_032972232.1	0.875	1842	230	0	1	1838	1	1842	0.000E+00	3375
XP_005261966.1	rfXP_032972233.1	0.875	1842	230	0	1	1838	1	1842	0.000E+00	3375
XP_005261967.1	rfXP_032972234.1	0.875	1842	230	0	1	1838	1	1842	0.000E+00	3375
XP_005261967.1	rfXP_032972220.1	0.875	1842	230	0	1	1838	1	1842	0.000E+00	3375
XP_005261967.1	rfXP_032972222.1	0.875	1842	230	0	1	1838	1	1842	0.000E+00	3375
XP_005261967.1	rfXP_032972223.1	0.875	1842	230	0	1	1838	1	1842	0.000E+00	3375
XP_005261967.1	rfXP_032972224.1	0.875	1842	230	0	1	1838	1	1842	0.000E+00	3375
XP_005261967.1	rfXP_032972225.1	0.875	1842	230	0	1	1838	1	1842	0.000E+00	3375
XP_005261967.1	rfXP_032972226.1	0.875	1842	230	0	1	1838	1	1842	0.000E+00	3375
XP_005261967.1	rfXP_032972227.1	0.875	1842	230	0	1	1838	1	1842	0.000E+00	3375
XP_005261967.1	rfXP_032972228.1	0.875	1842	230	0	1	1838	1	1842	0.000E+00	3375
XP_005261967.1	rfXP_032972229.1	0.875	1842	230	0	1	1838	1	1842	0.000E+00	3375
XP_005261967.1	rfXP_032972230.1	0.875	1842	230	0	1	1838	1	1842	0.000E+00	3375
XP_005261967.1	rfXP_032972231.1	0.875	1842	230	0	1	1838	1	1842	0.000E+00	3375
XP_005261967.1	rfXP_032972232.1	0.875	1842	230	0	1	1838	1	1842	0.000E+00	3375
XP_005261967.1	rfXP_032972233.1	0.875	1842	230	0	1	1838	1	1842	0.000E+00	3375
NP_002571.1	rfXP_032981096.1	0.705	173	51	0	1	173	1	173	1.702E-84	275
NP_620355.1	rfXP_032981096.1	0.705	173	51	0	1	173	1	173	1.702E-84	275
NP_001152824.1	rfXP_032950048.1	0.835	158	26	0	1	158	1	158	2.932E-95	305
NP_114433.1	rfXP_032950048.1	0.835	158	26	0	1	158	1	158	2.932E-95	305
NP_001006947.1	rfXP_032980820.1	0.729	310	84	0	1	310	1	310	2.551E-146	461
XP_005268489.1	rfXP_032952061.1	0.956	667	29	0	1	667	1	667	0.000E+00	1289
NP_001035972.1	rfXP_032982963.1	0.666	135	45	0	2	136	5	139	1.256E-60	204
NP_002298.1	rfXP_032982963.1	0.666	135	45	0	2	136	5	139	1.256E-60	204
NP_006490.3	rfXP_032955396.1	0.815	358	66	0	2	359	1	357	1.224E-196	609
NP_963837.1	rfXP_032955399.1	0.832	316	53	0	2	317	1	316	4.570E-178	553
NP_963838.1	rfXP_032955399.1	0.832	316	53	0	2	317	1	316	4.570E-178	553
NP_963839.1	rfXP_032955396.1	0.815	358	66	0	2	359	1	357	1.224E-196	609
NP_002299.2	rfXP_032946674.1	0.767	323	75	0	1	323	1	323	4.289E-173	539
NP_033665.1	rfXP_032946673.1	0.746	355	90	0	1	355	1	355	2.778E-185	576
NP_005561.1	rfXP_032943112.1	0.899	518	51	0	1	510	1	518	0.000E+00	989
NP_005561.1	rfXP_032943113.1	0.899	518	51	0	1	510	1	518	0.000E+00	989
NP_068591.2	rfXP_032963020.1	0.715	526	143	0	1	526	1	503	1.752E-240	745
NP_000233.1	rfXP_032986648.1	0.729	248	67	0	1	248	8	254	1.669E-120	383
XP_006717924.1	rfXP_032986648.1	0.729	248	67	0	1	248	8	254	1.669E-120	383
NP_001191215.1	rfXP_032947938.1	0.539	480	214	0	20	484	222	701	2.056E-142	459
NP_060876.5	rfXP_032947766.1	0.565	1770	729	0	3638	5407	2	1677	0.000E+00	1938
XP_006718462.1	rfXP_032975635.1	0.505	4965	1695	0	1	4965	1	3425	0.000E+00	4907
NP_002449.2	rfXP_032976568.1	0.465	5748	2337	0	1	5748	1	4370	0.000E+00	4860
NP_005952.2	rfXP_032976534.1	0.536	2616	1086	0	6	2346	446	3061	0.000E+00	2717
NP_114116.3	rfXP_032972007.1	0.680	266	83	0	20	278	1	266	2.255E-114	367
NP_872292.1	rfXP_032972007.1	0.680	266	83	0	20	278	1	266	2.255E-114	367
XP_005261382.1	rfXP_032972007.1	0.680	266	83	0	1	259	1	266	9.665E-115	367
XP_006724188.1	rfXP_032972007.1	0.680	266	83	0	1	259	1	266	9.665E-115	367
NP_001128642.1	rfXP_032961222.1	0.969	296	9	0	1	296	7	302	1.855E-203	625
NP_001128643.1	rfXP_032961226.1	0.975	289	7	0	1	289	1	289	8.709E-200	614
NP_001128643.1	rfXP_032961224.1	0.975	289	7	0	1	289	1	289	8.709E-200	614
NP_001128643.1	rfXP_032961225.1	0.975	289	7	0	1	289	1	289	8.709E-200	614
NP_114117.1	rfXP_032961226.1	0.975	289	7	0	1	289	1	289	8.709E-200	614
NP_114117.1	rfXP_032961224.1	0.975	289	7	0	1	289	1	289	8.709E-200	614
NP_114117.1	rfXP_032961225.1	0.975	289	7	0	1	289	1	289	8.709E-200	614
NP_848635.2	rfXP_032960513.1	0.870	332	43	0	1	332	1	332	1.222E-209	645
NP_848635.2	rfXP_032960514.1	0.870	332	43	0	1	332	1	332	1.222E-209	645
XP_005250022.1	rfXP_032954572.1	0.751	165	41	0	1	165	1	165	2.375E-84	274
NP_072092.2	rfXP_032972072.1	0.717	198	55	0	1	198	1	197	1.577E-89	291
NP_922938.1	rfXP_032972071.1	0.725	244	67	0	1	244	1	243	6.762E-113	361
NP_922939.1	rfXP_032972073.1	0.708	189	55	0	1	189	1	188	7.212E-84	274
NP_922940.1	rfXP_032972074.1	0.692	143	43	0	1	143	1	142	1.741E-60	204
NP_072092.2	rfXP_032972072.1	0.717	198	55	0	1	198	1	197	1.577E-89	291
NP_922938.1	rfXP_032972071.1	0.725	244	67	0	1	244	1	243	6.762E-113	361
NP_997302.2	rfXP_032957744.1	0.800	251	50	0	2	252	7	256	2.965E-133	420
NP_872334.2	rfXP_032967448.1	0.947	287	15	0	1	287	1	287	1.835E-190	587
NP_001144.1	rfXP_032981025.1	0.962	321	12	0	1	321	1	321	6.002E-203	625
NP_922940.1	rfXP_032972074.1	0.692	143	43	0	1	143	1	142	1.741E-60	204
NP_004457.1	rfXP_032960846.1	0.888	572	64	0	1	572	1	571	0.000E+00	1080
NP_775628.1	rfXP_032969705.1	0.683	293	91	0	1	287	8	300	1.672E-131	417
NP_659403.4	rfXP_032979786.1	0.856	2179	314	0	1	2179	1	2179	0.000E+00	3949
NP_659403.4	rfXP_032979784.1	0.856	2179	314	0	1	2179	1	2179	0.000E+00	3949
XP_005251439.1	rfXP_032979786.1	0.856	2179	314	0	1	2179	1	2179	0.000E+00	3949
XP_005251439.1	rfXP_032979784.1	0.856	2179	314	0	1	2179	1	2179	0.000E+00	3949
XP_005251441.1	rfXP_032979790.1	0.840	715	114	0	1	715	1	715	0.000E+00	1287
XP_005251441.1	rfXP_032979791.1	0.840	715	114	0	1	715	1	715	0.000E+00	1287
XP_006716786.1	rfXP_032979786.1	0.856	2179	314	0	1	2179	1	2179	0.000E+00	3949
XP_006716786.1	rfXP_032979784.1	0.856	2179	314	0	1	2179	1	2179	0.000E+00	3949
XP_005263030.1	rfXP_032961196.1	0.941	323	19	0	1	323	1	323	1.932E-199	615
NP_778230.1	rfXP_032965580.1	0.781	475	104	0	1	474	1	475	7.828E-250	770
NP_997228.1	rfXP_032973914.1	0.654	240	83	0	1	240	1	240	1.510E-109	351
NP_006429.2	rfXP_032982006.1	0.916	277	23	0	1	277	1	277	2.089E-175	543
XP_006718016.1	rfXP_032986817.1	0.777	256	57	0	8	263	54	309	5.711E-140	440
XP_006718016.1	rfXP_032986818.1	0.777	256	57	0	8	263	54	309	5.711E-140	440
NP_037401.1	rfXP_032974324.1	0.686	188	57	0	1	188	1	181	1.324E-86	282
NP_001073980.2	rfXP_032955183.1	0.948	214	11	0	1	214	1	214	2.150E-143	447
NP_005743.4	rfXP_032984168.1	0.903	196	19	0	10	205	1	196	5.302E-121	382
NP_003269.2	rfXP_032989148.1	0.876	202	25	0	1	202	1	202	9.765E-121	381
NP_057268.1	rfXP_032974489.1	0.648	237	83	0	1	237	1	237	1.187E-101	328
NP_002072.2	rfXP_032967554.1	0.869	559	73	0	1	558	1	559	0.000E+00	1010
NP_689955.1	rfXP_032965688.1	0.769	579	133	0	1	579	20	597	8.351E-303	928
NP_004475.1	rfXP_032975487.1	0.960	581	23	0	1	580	1	581	0.000E+00	1163
NP_002966.1	rfXP_032985506.1	0.871	323	41	0	1	323	1	322	8.195E-192	593
NP_001193939.1	rfXP_032974539.1	0.521	281	126	0	11	274	1	281	2.597E-84	280
NP_001193939.1	rfXP_032974540.1	0.521	281	126	0	11	274	1	281	2.597E-84	280
NP_001193939.1	rfXP_032974541.1	0.521	281	126	0	11	274	1	281	2.597E-84	280
NP_001193939.1	rfXP_032974542.1	0.521	281	126	0	11	274	1	281	2.597E-84	280
NP_612210.4	rfXP_032974539.1	0.521	281	126	0	1	264	1	281	1.704E-84	280
NP_612210.4	rfXP_032974540.1	0.521	281	126	0	1	264	1	281	1.704E-84	280
NP_612210.4	rfXP_032974541.1	0.521	281	126	0	1	264	1	281	1.704E-84	280
NP_612210.4	rfXP_032974542.1	0.521	281	126	0	1	264	1	281	1.704E-84	280
NP_963917.2	rfXP_032974543.1	0.485	248	118	0	1	231	1	248	1.885E-67	229
XP_005253381.1	rfXP_032974539.1	0.521	281	126	0	1	264	1	281	1.704E-84	280
XP_005253381.1	rfXP_032974540.1	0.521	281	126	0	1	264	1	281	1.704E-84	280
XP_005253381.1	rfXP_032974541.1	0.521	281	126	0	1	264	1	281	1.704E-84	280
XP_005253381.1	rfXP_032974542.1	0.521	281	126	0	1	264	1	281	1.704E-84	280
XP_006719097.1	rfXP_032974539.1	0.521	281	126	0	1	264	1	281	1.704E-84	280
XP_006719097.1	rfXP_032974540.1	0.521	281	126	0	1	264	1	281	1.704E-84	280
XP_006719097.1	rfXP_032974541.1	0.521	281	126	0	1	264	1	281	1.704E-84	280
XP_006719097.1	rfXP_032974542.1	0.521	281	126	0	1	264	1	281	1.704E-84	280
NP_001123470.1	rfXP_032974493.1	0.807	276	53	0	1	276	1	276	7.603E-152	475
NP_037384.1	rfXP_032954569.1	0.728	188	50	0	1	188	1	185	1.758E-90	293
NP_001191047.1	rfXP_032989426.1	0.729	313	84	0	66	378	14	325	8.755E-157	495
NP_997273.3	rfXP_032989427.1	0.694	241	73	0	66	306	14	253	6.407E-107	347
NP_001129686.1	rfXP_032983042.1	0.848	447	67	0	2	445	4	450	7.793E-272	831
NP_001258126.1	rfXP_032983042.1	0.848	447	67	0	2	445	4	450	7.793E-272	831
NP_872425.2	rfXP_032983042.1	0.848	447	67	0	2	445	4	450	7.793E-272	831
XP_005255991.1	rfXP_032983042.1	0.848	447	67	0	2	445	4	450	7.793E-272	831
NP_775806.2	rfXP_032981355.1	0.664	555	185	0	1	553	6	560	2.957E-238	742
NP_057595.2	rfXP_032973913.1	0.748	270	68	0	1	270	1	270	5.600E-140	441
NP_000691.1	rfXP_032979936.1	0.904	345	33	0	1	345	1	345	1.327E-206	637
NP_009124.2	rfXP_032991413.1	0.929	324	23	0	1	324	1	324	8.024E-210	645
NP_001148.1	rfXP_032986329.1	0.928	505	36	0	1	505	1	505	0.000E+00	1000
NP_001148.1	rfXP_032986330.1	0.928	505	36	0	1	505	1	505	0.000E+00	1000
NP_001265336.1	rfXP_032986329.1	0.928	505	36	0	1	505	1	505	0.000E+00	1000
NP_001265336.1	rfXP_032986330.1	0.928	505	36	0	1	505	1	505	0.000E+00	1000
NP_001265337.1	rfXP_032986329.1	0.928	505	36	0	1	505	1	505	0.000E+00	1000
NP_001265337.1	rfXP_032986330.1	0.928	505	36	0	1	505	1	505	0.000E+00	1000
NP_665875.1	rfXP_032986329.1	0.928	505	36	0	1	505	1	505	0.000E+00	1000
NP_665875.1	rfXP_032986330.1	0.928	505	36	0	1	505	1	505	0.000E+00	1000
NP_665876.1	rfXP_032986329.1	0.928	505	36	0	1	505	1	505	0.000E+00	1000
NP_665876.1	rfXP_032986330.1	0.928	505	36	0	1	505	1	505	0.000E+00	1000
NP_001003954.1	rfXP_032982625.1	0.877	358	44	0	1	357	1	358	1.885E-199	617
NP_004297.2	rfXP_032982626.1	0.898	316	32	0	1	316	1	316	3.019E-182	565
XP_006715792.1	rfXP_032951607.1	0.851	828	122	0	1	828	1	818	0.000E+00	1442
XP_006715792.1	rfXP_032951609.1	0.851	828	122	0	1	828	1	818	0.000E+00	1442
XP_006715792.1	rfXP_032951610.1	0.851	828	122	0	1	828	1	818	0.000E+00	1442
NP_001146.2	rfXP_032952058.1	0.956	673	30	0	1	673	1	673	0.000E+00	1299
NP_001146.2	rfXP_032952059.1	0.956	673	30	0	1	673	1	673	0.000E+00	1299
NP_001180473.1	rfXP_032952062.1	0.957	641	28	0	1	641	1	641	0.000E+00	1237
XP_006721730.1	rfXP_032946498.1	0.804	281	54	0	1	281	1	279	3.581E-154	482
XP_006721729.1	rfXP_032946498.1	0.804	281	54	0	11	291	1	279	5.672E-154	482
NP_114114.2	rfXP_032952346.1	0.944	286	16	0	46	330	1	286	1.133E-191	593
NP_114114.2	rfXP_032952347.1	0.944	286	16	0	46	330	1	286	1.133E-191	593
NP_114114.2	rfXP_032952348.1	0.944	286	16	0	46	330	1	286	1.133E-191	593
NP_114114.2	rfXP_032952349.1	0.944	286	16	0	46	330	1	286	1.133E-191	593
NP_852100.3	rfXP_032966248.1	0.955	314	14	0	6	319	5	318	2.162E-213	655
NP_114115.2	rfXP_032977837.1	0.926	328	24	0	1	328	1	324	9.559E-202	622
NP_114115.2	rfXP_032977838.1	0.926	328	24	0	1	328	1	324	9.559E-202	622
NP_001265360.1	rfXP_032977663.1	0.962	243	9	0	1	243	1	243	5.293E-165	511
NP_001265360.1	rfXP_032977664.1	0.962	243	9	0	1	243	1	243	5.293E-165	511
NP_056460.1	rfXP_032977663.1	0.962	243	9	0	1	243	1	243	5.293E-165	511
NP_056460.1	rfXP_032977664.1	0.962	243	9	0	1	243	1	243	5.293E-165	511
NP_443138.2	rfXP_032972733.1	0.946	820	44	0	1	820	1	819	0.000E+00	1618
NP_443138.2	rfXP_032972734.1	0.946	820	44	0	1	820	1	819	0.000E+00	1618
NP_443138.2	rfXP_032972735.1	0.946	820	44	0	1	820	1	819	0.000E+00	1618
NP_443138.2	rfXP_032972736.1	0.946	820	44	0	1	820	1	819	0.000E+00	1618
NP_443138.2	rfXP_032972737.1	0.946	820	44	0	1	820	1	819	0.000E+00	1618
XP_005261381.1	rfXP_032972733.1	0.946	820	44	0	1	820	1	819	0.000E+00	1618
XP_005261381.1	rfXP_032972734.1	0.946	820	44	0	1	820	1	819	0.000E+00	1618
XP_005261381.1	rfXP_032972735.1	0.946	820	44	0	1	820	1	819	0.000E+00	1618
XP_005261381.1	rfXP_032972736.1	0.946	820	44	0	1	820	1	819	0.000E+00	1618
XP_005261381.1	rfXP_032972737.1	0.946	820	44	0	1	820	1	819	0.000E+00	1618
XP_006724186.1	rfXP_032972733.1	0.946	820	44	0	1	820	1	819	0.000E+00	1618
XP_006724186.1	rfXP_032972734.1	0.946	820	44	0	1	820	1	819	0.000E+00	1618
XP_006724186.1	rfXP_032972735.1	0.946	820	44	0	1	820	1	819	0.000E+00	1618
XP_006724186.1	rfXP_032972736.1	0.946	820	44	0	1	820	1	819	0.000E+00	1618
XP_006724186.1	rfXP_032972737.1	0.946	820	44	0	1	820	1	819	0.000E+00	1618
XP_006724187.1	rfXP_032972733.1	0.946	820	44	0	1	820	1	819	0.000E+00	1618
XP_006724187.1	rfXP_032972734.1	0.946	820	44	0	1	820	1	819	0.000E+00	1618
XP_006724187.1	rfXP_032972735.1	0.946	820	44	0	1	820	1	819	0.000E+00	1618
XP_006724187.1	rfXP_032972736.1	0.946	820	44	0	1	820	1	819	0.000E+00	1618
XP_006724187.1	rfXP_032972737.1	0.946	820	44	0	1	820	1	819	0.000E+00	1618
NP_057326.2	rfXP_032962492.1	0.553	261	115	0	1	261	1	258	8.291E-73	246
NP_001994.2	rfXP_032979991.1	0.787	325	68	0	1	325	1	322	3.410E-177	551
NP_002988.3	rfXP_032980820.1	0.729	310	84	0	1	310	1	310	2.551E-146	461
NP_001128563.1	rfXP_032976473.1	0.667	334	111	0	28	361	2	334	8.409E-140	445
NP_001128563.1	rfXP_032976473.1	0.667	334	111	0	28	361	2	334	8.409E-140	445
NP_663625.2	rfXP_032976473.1	0.667	334	111	0	1	334	2	334	2.588E-140	445
NP_078966.2	rfXP_032991359.1	0.621	1640	595	0	12866	14505	1	1570	0.000E+00	2025
NP_775871.2	rfXP_032973553.1	0.508	3650	1603	0	120	3769	17	3275	0.000E+00	3212
NP_002448.3	rfXP_032975634.1	0.410	5172	1604	0	1	5172	1	2720	0.000E+00	3733
XP_005270067.1	rfXP_032985738.1	0.936	839	54	0	1	838	1	839	0.000E+00	1655
XP_005270067.1	rfXP_032985739.1	0.936	839	54	0	1	838	1	839	0.000E+00	1655
XP_005270067.1	rfXP_032985740.1	0.936	839	54	0	1	838	1	839	0.000E+00	1655
NP_003957.2	rfXP_032966093.1	0.944	1074	60	0	1	1074	1	1073	0.000E+00	2249
NP_003957.2	rfXP_032966094.1	0.944	1074	60	0	1	1074	1	1073	0.000E+00	2249
XP_006714569.1	rfXP_032966093.1	0.944	1074	60	0	1	1074	1	1073	0.000E+00	2249
XP_006714569.1	rfXP_032966094.1	0.944	1074	60	0	1	1074	1	1073	0.000E+00	2249
XP_006714570.1	rfXP_032966093.1	0.944	1074	60	0	1	1074	1	1073	0.000E+00	2249
XP_006714570.1	rfXP_032966094.1	0.944	1074	60	0	1	1074	1	1073	0.000E+00	2249
NP_001026872.2	rfXP_032977298.1	0.938	1093	68	0	59	1151	1	1093	0.000E+00	2249
NP_001026872.2	rfXP_032977289.1	0.938	1093	68	0	59	1151	1	1093	0.000E+00	2249
NP_001243275.1	rfXP_032977298.1	0.938	1093	68	0	59	1151	1	1093	0.000E+00	2249
NP_001243275.1	rfXP_032977289.1	0.938	1093	68	0	59	1151	1	1093	0.000E+00	2249
NP_001243276.1	rfXP_032977298.1	0.938	1093	68	0	113	1205	1	1093	0.000E+00	2249
NP_001243276.1	rfXP_032977289.1	0.938	1093	68	0	113	1205	1	1093	0.000E+00	2249
NP_065847.1	rfXP_032966022.1	0.949	1030	52	0	1	1030	1	1029	0.000E+00	2063
NP_001242914.1	rfXP_032980086.1	0.860	280	38	0	6	285	25	300	3.794E-164	511
NP_001136009.1	rfXP_032975808.1	0.832	274	46	0	1	274	1	274	5.011E-156	487
NP_001002858.1	rfXP_032964817.1	0.976	339	8	0	19	357	1	339	8.032E-218	670
NP_002989.2	rfXP_032982350.1	0.945	201	11	0	1	201	1	201	3.811E-122	385
NP_001002857.1	rfXP_032964817.1	0.976	339	8	0	1	339	1	339	3.474E-218	670
NP_004030.1	rfXP_032964817.1	0.976	339	8	0	1	339	1	339	3.474E-218	670
NP_055173.1	rfXP_032974131.1	0.743	207	53	0	1	207	1	207	4.176E-113	360
NP_995326.1	rfXP_032958524.1	0.763	76	18	0	1	76	1	76	2.672E-33	122
NP_005130.1	rfXP_032961196.1	0.941	323	19	0	1	323	1	323	1.932E-199	615
NP_001145.1	rfXP_032965634.1	0.931	320	22	0	1	320	1	320	2.926E-193	597
NP_055469.3	rfXP_032970126.1	0.900	442	44	0	1	442	1	442	1.613E-261	801
NP_002990.2	rfXP_032950545.1	0.807	203	38	0	1	198	1	203	5.365E-100	321
NP_006071.1	rfXP_032944825.1	0.963	772	28	0	1	771	1	772	0.000E+00	1607
NP_006071.1	rfXP_032944826.1	0.963	772	28	0	1	771	1	772	0.000E+00	1607
NP_006071.1	rfXP_032944827.1	0.963	772	28	0	1	771	1	772	0.000E+00	1607
NP_006071.1	rfXP_032944828.1	0.963	772	28	0	1	771	1	772	0.000E+00	1607
NP_006071.1	rfXP_032944830.1	0.963	772	28	0	1	771	1	772	0.000E+00	1607
XP_005250167.1	rfXP_032944825.1	0.963	772	28	0	1	771	1	772	0.000E+00	1607
XP_005250167.1	rfXP_032944826.1	0.963	772	28	0	1	771	1	772	0.000E+00	1607
XP_005250167.1	rfXP_032944827.1	0.963	772	28	0	1	771	1	772	0.000E+00	1607
XP_005250167.1	rfXP_032944828.1	0.963	772	28	0	1	771	1	772	0.000E+00	1607
XP_005250167.1	rfXP_032944830.1	0.963	772	28	0	1	771	1	772	0.000E+00	1607
XP_005250168.1	rfXP_032944825.1	0.963	772	28	0	1	771	1	772	0.000E+00	1607
XP_005250168.1	rfXP_032944826.1	0.963	772	28	0	1	771	1	772	0.000E+00	1607
XP_005250168.1	rfXP_032944827.1	0.963	772	28	0	1	771	1	772	0.000E+00	1607
XP_005250168.1	rfXP_032944828.1	0.963	772	28	0	1	771	1	772	0.000E+00	1607
XP_005250168.1	rfXP_032944830.1	0.963	772	28	0	1	771	1	772	0.000E+00	1607
XP_006715901.1	rfXP_032944825.1	0.963	772	28	0	1	771	1	772	0.000E+00	1607
XP_006715901.1	rfXP_032944826.1	0.963	772	28	0	1	771	1	772	0.000E+00	1607
XP_006715901.1	rfXP_032944827.1	0.963	772	28	0	1	771	1	772	0.000E+00	1607
XP_006715901.1	rfXP_032944828.1	0.963	772	28	0	1	771	1	772	0.000E+00	1607
XP_006715901.1	rfXP_032944830.1	0.963	772	28	0	1	771	1	772	0.000E+00	1607
XP_006715902.1	rfXP_032944825.1	0.963	772	28	0	1	771	1	772	0.000E+00	1607
XP_006715902.1	rfXP_032944826.1	0.963	772	28	0	1	771	1	772	0.000E+00	1607
XP_006715902.1	rfXP_032944827.1	0.963	772	28	0	1	771	1	772	0.000E+00	1607
XP_006715902.1	rfXP_032944828.1	0.963	772	28	0	1	771	1	772	0.000E+00	1607
XP_006715902.1	rfXP_032944830.1	0.963	772	28	0	1	771	1	772	0.000E+00	1607
NP_001276989.1	rfXP_032989113.1	0.894	749	79	0	1	749	1	748	0.000E+00	1403
NP_001243649.1	rfXP_032956890.1	0.710	159	46	0	28	186	23	180	1.336E-75	250
NP_057593.3	rfXP_032972123.1	0.789	228	48	0	1	228	1	227	1.170E-123	391
XP_005253439.1	rfXP_032972123.1	0.789	228	48	0	1	228	1	227	1.170E-123	391
NP_001124183.1	rfXP_032973534.1	0.639	158	55	0	15	172	127	279	1.652E-67	226
NP_005118.2	rfXP_032973481.1	0.617	141	53	0	9	147	43	183	1.252E-58	199
