XP_006715792.1	sbXP_066129620.1	0.857	828	118	0	1	828	48	873	0.000E+00	1454
XP_006715792.1	sbXP_066129621.1	0.857	828	118	0	1	828	48	873	0.000E+00	1454
XP_006715792.1	sbXP_066129622.1	0.857	828	118	0	1	828	48	873	0.000E+00	1454
NP_443138.2	sbXP_066114975.1	0.961	824	32	0	1	820	1	824	0.000E+00	1646
NP_443138.2	sbXP_066115007.1	0.961	824	32	0	1	820	1	824	0.000E+00	1646
NP_443138.2	sbXP_066115039.1	0.961	824	32	0	1	820	1	824	0.000E+00	1646
NP_443138.2	sbXP_066115012.1	0.961	824	32	0	1	820	1	824	0.000E+00	1646
NP_443138.2	sbXP_066114983.1	0.961	824	32	0	1	820	1	824	0.000E+00	1646
NP_443138.2	sbXP_066114955.1	0.961	824	32	0	1	820	1	824	0.000E+00	1646
NP_443138.2	sbXP_066115019.1	0.961	824	32	0	1	820	1	824	0.000E+00	1646
NP_443138.2	sbXP_066114989.1	0.961	824	32	0	1	820	1	824	0.000E+00	1646
NP_443138.2	sbXP_066114964.1	0.961	824	32	0	1	820	1	824	0.000E+00	1646
NP_443138.2	sbXP_066114996.1	0.961	824	32	0	1	820	1	824	0.000E+00	1646
NP_443138.2	sbXP_066115029.1	0.961	824	32	0	1	820	1	824	0.000E+00	1646
XP_005261381.1	sbXP_066114975.1	0.961	824	32	0	1	820	1	824	0.000E+00	1646
XP_005261381.1	sbXP_066115007.1	0.961	824	32	0	1	820	1	824	0.000E+00	1646
XP_005261381.1	sbXP_066115039.1	0.961	824	32	0	1	820	1	824	0.000E+00	1646
XP_005261381.1	sbXP_066115012.1	0.961	824	32	0	1	820	1	824	0.000E+00	1646
XP_005261381.1	sbXP_066114983.1	0.961	824	32	0	1	820	1	824	0.000E+00	1646
XP_005261381.1	sbXP_066114955.1	0.961	824	32	0	1	820	1	824	0.000E+00	1646
XP_005261381.1	sbXP_066115019.1	0.961	824	32	0	1	820	1	824	0.000E+00	1646
XP_005261381.1	sbXP_066114989.1	0.961	824	32	0	1	820	1	824	0.000E+00	1646
XP_005261381.1	sbXP_066114964.1	0.961	824	32	0	1	820	1	824	0.000E+00	1646
XP_005261381.1	sbXP_066114996.1	0.961	824	32	0	1	820	1	824	0.000E+00	1646
XP_005261381.1	sbXP_066115029.1	0.961	824	32	0	1	820	1	824	0.000E+00	1646
XP_006724186.1	sbXP_066114975.1	0.961	824	32	0	1	820	1	824	0.000E+00	1646
XP_006724186.1	sbXP_066115007.1	0.961	824	32	0	1	820	1	824	0.000E+00	1646
XP_006724186.1	sbXP_066115039.1	0.961	824	32	0	1	820	1	824	0.000E+00	1646
XP_006724186.1	sbXP_066115012.1	0.961	824	32	0	1	820	1	824	0.000E+00	1646
XP_006724186.1	sbXP_066114983.1	0.961	824	32	0	1	820	1	824	0.000E+00	1646
XP_006724186.1	sbXP_066114955.1	0.961	824	32	0	1	820	1	824	0.000E+00	1646
XP_006724186.1	sbXP_066115019.1	0.961	824	32	0	1	820	1	824	0.000E+00	1646
XP_006724186.1	sbXP_066114989.1	0.961	824	32	0	1	820	1	824	0.000E+00	1646
XP_006724186.1	sbXP_066114964.1	0.961	824	32	0	1	820	1	824	0.000E+00	1646
XP_006724186.1	sbXP_066114996.1	0.961	824	32	0	1	820	1	824	0.000E+00	1646
XP_006724186.1	sbXP_066115029.1	0.961	824	32	0	1	820	1	824	0.000E+00	1646
XP_006724187.1	sbXP_066114975.1	0.961	824	32	0	1	820	1	824	0.000E+00	1646
XP_006724187.1	sbXP_066115007.1	0.961	824	32	0	1	820	1	824	0.000E+00	1646
XP_006724187.1	sbXP_066115039.1	0.961	824	32	0	1	820	1	824	0.000E+00	1646
XP_006724187.1	sbXP_066115012.1	0.961	824	32	0	1	820	1	824	0.000E+00	1646
XP_006724187.1	sbXP_066114983.1	0.961	824	32	0	1	820	1	824	0.000E+00	1646
XP_006724187.1	sbXP_066114955.1	0.961	824	32	0	1	820	1	824	0.000E+00	1646
XP_006724187.1	sbXP_066115019.1	0.961	824	32	0	1	820	1	824	0.000E+00	1646
XP_006724187.1	sbXP_066114989.1	0.961	824	32	0	1	820	1	824	0.000E+00	1646
XP_006724187.1	sbXP_066114964.1	0.961	824	32	0	1	820	1	824	0.000E+00	1646
XP_006724187.1	sbXP_066114996.1	0.961	824	32	0	1	820	1	824	0.000E+00	1646
XP_006724187.1	sbXP_066115029.1	0.961	824	32	0	1	820	1	824	0.000E+00	1646
NP_057326.2	sbXP_066088695.1	0.588	265	107	0	1	261	1	265	5.448E-78	261
NP_001994.2	sbXP_066111812.1	0.744	325	83	0	1	325	1	325	2.453E-172	537
NP_112175.2	sbXP_066124075.1	0.866	930	124	0	1	930	1	924	0.000E+00	1679
XP_005244890.1	sbXP_066124061.1	0.866	962	128	0	1	962	1	956	0.000E+00	1737
XP_005244890.1	sbXP_066124062.1	0.866	962	128	0	1	962	1	956	0.000E+00	1737
XP_005244890.1	sbXP_066124063.1	0.866	962	128	0	1	962	1	956	0.000E+00	1737
XP_005244890.1	sbXP_066124064.1	0.866	962	128	0	1	962	1	956	0.000E+00	1737
XP_005244890.1	sbXP_066124065.1	0.866	962	128	0	1	962	1	956	0.000E+00	1737
XP_005244890.1	sbXP_066124066.1	0.866	962	128	0	1	962	1	956	0.000E+00	1737
XP_005244890.1	sbXP_066124068.1	0.866	962	128	0	1	962	1	956	0.000E+00	1737
XP_005244890.1	sbXP_066124069.1	0.866	962	128	0	1	962	1	956	0.000E+00	1737
XP_005244890.1	sbXP_066124070.1	0.866	962	128	0	1	962	1	956	0.000E+00	1737
XP_005244890.1	sbXP_066124071.1	0.866	962	128	0	1	962	1	956	0.000E+00	1737
XP_005244890.1	sbXP_066124072.1	0.866	962	128	0	1	962	1	956	0.000E+00	1737
XP_005244890.1	sbXP_066124073.1	0.866	962	128	0	1	962	1	956	0.000E+00	1737
XP_005244890.1	sbXP_066124074.1	0.866	962	128	0	1	962	1	956	0.000E+00	1737
XP_005244892.1	sbXP_066124061.1	0.866	962	128	0	1	962	1	956	0.000E+00	1737
XP_005244892.1	sbXP_066124062.1	0.866	962	128	0	1	962	1	956	0.000E+00	1737
XP_005244892.1	sbXP_066124063.1	0.866	962	128	0	1	962	1	956	0.000E+00	1737
XP_005244892.1	sbXP_066124064.1	0.866	962	128	0	1	962	1	956	0.000E+00	1737
XP_005244892.1	sbXP_066124065.1	0.866	962	128	0	1	962	1	956	0.000E+00	1737
XP_005244892.1	sbXP_066124066.1	0.866	962	128	0	1	962	1	956	0.000E+00	1737
XP_005244892.1	sbXP_066124068.1	0.866	962	128	0	1	962	1	956	0.000E+00	1737
XP_005244892.1	sbXP_066124069.1	0.866	962	128	0	1	962	1	956	0.000E+00	1737
XP_005244892.1	sbXP_066124070.1	0.866	962	128	0	1	962	1	956	0.000E+00	1737
XP_005244892.1	sbXP_066124071.1	0.866	962	128	0	1	962	1	956	0.000E+00	1737
XP_005244892.1	sbXP_066124072.1	0.866	962	128	0	1	962	1	956	0.000E+00	1737
XP_005244892.1	sbXP_066124073.1	0.866	962	128	0	1	962	1	956	0.000E+00	1737
XP_005244892.1	sbXP_066124074.1	0.866	962	128	0	1	962	1	956	0.000E+00	1737
NP_001185928.1	sbXP_066132618.1	0.962	1011	38	0	1	1011	1	1011	0.000E+00	2063
NP_065909.1	sbXP_066132618.1	0.962	1011	38	0	1	1011	1	1011	0.000E+00	2063
NP_940995.1	sbXP_066092424.1	0.803	280	54	0	2	281	3	279	2.358E-150	471
NP_940995.1	sbXP_066092426.1	0.803	280	54	0	2	281	3	279	2.358E-150	471
NP_940995.1	sbXP_066092427.1	0.803	280	54	0	2	281	3	279	2.358E-150	471
NP_940995.1	sbXP_066092428.1	0.803	280	54	0	2	281	3	279	2.358E-150	471
NP_963839.1	sbXP_066090849.1	0.826	358	62	0	2	359	1	357	7.147E-203	627
NP_665875.1	sbXP_066098491.1	0.917	506	42	0	1	505	1	506	4.941E-324	985
NP_665875.1	sbXP_066098492.1	0.917	506	42	0	1	505	1	506	4.941E-324	985
NP_665875.1	sbXP_066098493.1	0.917	506	42	0	1	505	1	506	4.941E-324	985
XP_006721730.1	sbXP_066092424.1	0.803	280	54	0	2	281	3	279	2.358E-150	471
XP_006721730.1	sbXP_066092426.1	0.803	280	54	0	2	281	3	279	2.358E-150	471
XP_006721730.1	sbXP_066092427.1	0.803	280	54	0	2	281	3	279	2.358E-150	471
XP_006721730.1	sbXP_066092428.1	0.803	280	54	0	2	281	3	279	2.358E-150	471
NP_778230.1	sbXP_066133900.1	0.731	492	132	0	1	490	1	492	5.595E-236	730
NP_001191047.1	sbXP_066128525.1	0.716	313	84	0	66	378	11	308	1.153E-153	486
NP_001129686.1	sbXP_066099835.1	0.842	450	70	0	1	445	1	450	1.917E-270	827
NP_001258126.1	sbXP_066099835.1	0.842	450	70	0	1	445	1	450	1.917E-270	827
NP_872425.2	sbXP_066099835.1	0.842	450	70	0	1	445	1	450	1.917E-270	827
XP_005255991.1	sbXP_066099835.1	0.842	450	70	0	1	445	1	450	1.917E-270	827
NP_001191215.1	sbXP_066118018.1	0.547	466	207	0	19	484	370	827	3.338E-146	470
NP_001146.2	sbXP_066129140.1	0.951	673	33	0	1	673	1	673	0.000E+00	1286
NP_001035972.1	sbXP_066099890.1	0.703	135	40	0	2	136	5	139	1.573E-66	221
NP_002298.1	sbXP_066099890.1	0.703	135	40	0	2	136	5	139	1.573E-66	221
NP_006490.3	sbXP_066090849.1	0.826	358	62	0	2	359	1	357	7.147E-203	627
NP_963837.1	sbXP_066090867.1	0.841	316	50	0	2	317	1	316	2.658E-184	571
NP_963838.1	sbXP_066090867.1	0.841	316	50	0	2	317	1	316	2.658E-184	571
NP_001035173.1	sbXP_066099767.1	0.938	327	20	0	1	327	1	327	3.612E-203	626
NP_001258632.1	sbXP_066099768.1	0.943	265	15	0	1	265	1	265	1.375E-165	514
NP_001258632.1	sbXP_066099768.1	0.943	265	15	0	1	265	1	265	1.375E-165	514
NP_003559.2	sbXP_066124101.1	0.831	345	58	0	1	345	1	345	1.155E-181	565
NP_003559.2	sbXP_066124102.1	0.831	345	58	0	1	345	1	345	1.155E-181	565
NP_003559.2	sbXP_066124103.1	0.831	345	58	0	1	345	1	345	1.155E-181	565
NP_001003954.1	sbXP_066121817.1	0.896	357	37	0	1	357	1	357	4.519E-207	639
NP_004297.2	sbXP_066121818.1	0.920	316	25	0	1	316	1	316	3.898E-188	582
NP_775890.2	sbXP_066099835.1	0.842	450	70	0	1	445	1	450	1.917E-270	827
NP_057595.2	sbXP_066109238.1	0.676	269	87	0	1	269	1	269	5.432E-123	392
NP_001439.2	sbXP_066105386.1	0.924	556	42	0	1	556	1	556	0.000E+00	1078
NP_149092.2	sbXP_066107901.1	0.840	313	50	0	23	335	1	313	1.701E-181	564
NP_006489.1	sbXP_066114875.1	0.767	129	30	0	1	129	1	129	2.897E-66	220
NP_002297.2	sbXP_066132351.1	0.791	257	52	0	1	250	1	257	2.883E-141	443
NP_006140.1	sbXP_066099751.1	0.780	323	68	0	1	323	1	310	3.004E-177	551
NP_076932.1	sbXP_066091074.1	0.867	271	35	0	1	271	1	267	2.408E-162	505
NP_569057.1	sbXP_066103691.1	0.944	742	41	0	1	742	1	739	0.000E+00	1485
NP_000604.1	sbXP_066106920.1	0.752	462	113	0	1	462	1	456	1.101E-249	768
NP_001265360.1	sbXP_066102955.1	0.958	243	10	0	1	243	1	243	1.307E-163	507
NP_001265360.1	sbXP_066102948.1	0.958	243	10	0	1	243	48	290	1.307E-163	507
NP_945119.1	sbXP_066094650.1	0.854	824	119	0	14	837	2	820	0.000E+00	1474
NP_945119.1	sbXP_066094651.1	0.854	824	119	0	14	837	2	820	0.000E+00	1474
NP_945119.1	sbXP_066094652.1	0.854	824	119	0	14	837	2	820	0.000E+00	1474
NP_945119.1	sbXP_066094653.1	0.854	824	119	0	14	837	2	820	0.000E+00	1474
NP_001092901.1	sbXP_066109242.1	0.697	195	58	0	1	195	1	194	3.916E-94	304
NP_057593.3	sbXP_066109241.1	0.684	228	71	0	1	228	1	227	2.367E-107	344
XP_005253439.1	sbXP_066109241.1	0.684	228	71	0	1	228	1	227	2.367E-107	344
NP_005118.2	sbXP_066109249.1	0.590	144	57	0	7	147	33	176	3.413E-56	192
NP_005118.2	sbXP_066109250.1	0.590	144	57	0	7	147	33	176	3.413E-56	192
NP_001036150.1	sbXP_066119365.1	0.743	355	89	0	1	355	1	349	2.615E-177	553
XP_005256827.1	sbXP_066119366.1	0.758	323	78	0	1	323	1	322	6.850E-168	524
NP_005561.1	sbXP_066102274.1	0.909	518	46	0	1	510	1	518	0.000E+00	998
NP_068591.2	sbXP_066132827.1	0.468	526	251	0	1	526	7	479	1.734E-124	409
NP_000233.1	sbXP_066098909.1	0.670	248	81	0	1	248	1	247	2.757E-106	342
NP_000233.1	sbXP_066098910.1	0.670	248	81	0	1	248	1	247	2.757E-106	342
NP_000233.1	sbXP_066098911.1	0.670	248	81	0	1	248	1	247	2.757E-106	342
XP_006717924.1	sbXP_066098909.1	0.670	248	81	0	1	248	1	247	2.757E-106	342
XP_006717924.1	sbXP_066098910.1	0.670	248	81	0	1	248	1	247	2.757E-106	342
XP_006717924.1	sbXP_066098911.1	0.670	248	81	0	1	248	1	247	2.757E-106	342
NP_689886.3	sbXP_066097628.1	0.496	538	261	0	1	538	1	518	1.141E-136	445
XP_005270065.1	sbXP_066095509.1	0.924	845	64	0	1	843	1	845	0.000E+00	1639
XP_005270065.1	sbXP_066095510.1	0.924	845	64	0	1	843	1	845	0.000E+00	1639
XP_005270065.1	sbXP_066095511.1	0.924	845	64	0	1	843	1	845	0.000E+00	1639
XP_005270065.1	sbXP_066095512.1	0.924	845	64	0	1	843	1	845	0.000E+00	1639
XP_005270066.1	sbXP_066095509.1	0.924	845	64	0	1	843	1	845	0.000E+00	1639
XP_005270066.1	sbXP_066095510.1	0.924	845	64	0	1	843	1	845	0.000E+00	1639
XP_005270066.1	sbXP_066095511.1	0.924	845	64	0	1	843	1	845	0.000E+00	1639
XP_005270066.1	sbXP_066095512.1	0.924	845	64	0	1	843	1	845	0.000E+00	1639
XP_005270067.1	sbXP_066095513.1	0.923	840	64	0	1	838	1	840	0.000E+00	1629
NP_003957.2	sbXP_066099657.1	0.951	1074	53	0	1	1074	1	1073	0.000E+00	2270
XP_006714569.1	sbXP_066099657.1	0.951	1074	53	0	1	1074	1	1073	0.000E+00	2270
XP_006714570.1	sbXP_066099657.1	0.951	1074	53	0	1	1074	1	1073	0.000E+00	2270
NP_001026872.2	sbXP_066097490.1	0.937	1093	69	0	59	1151	1	1093	0.000E+00	2249
NP_001243275.1	sbXP_066097490.1	0.937	1093	69	0	59	1151	1	1093	0.000E+00	2249
NP_001243276.1	sbXP_066097490.1	0.937	1093	69	0	113	1205	1	1093	0.000E+00	2249
XP_005252940.1	sbXP_066106920.1	0.752	462	113	0	1	462	1	456	1.101E-249	768
XP_005253381.1	sbXP_066109248.1	0.559	268	116	0	1	264	1	268	4.574E-91	299
NP_006565.2	sbXP_066101786.1	0.858	546	76	0	1	539	1	546	2.717E-322	982
NP_001122108.1	sbXP_066129620.1	0.857	828	118	0	1	828	48	873	0.000E+00	1454
NP_001122108.1	sbXP_066129621.1	0.857	828	118	0	1	828	48	873	0.000E+00	1454
NP_001122108.1	sbXP_066129622.1	0.857	828	118	0	1	828	48	873	0.000E+00	1454
XP_006715788.1	sbXP_066129620.1	0.857	828	118	0	1	828	48	873	0.000E+00	1454
XP_006715788.1	sbXP_066129621.1	0.857	828	118	0	1	828	48	873	0.000E+00	1454
XP_006715788.1	sbXP_066129622.1	0.857	828	118	0	1	828	48	873	0.000E+00	1454
XP_006715789.1	sbXP_066129620.1	0.857	828	118	0	1	828	48	873	0.000E+00	1454
XP_006715789.1	sbXP_066129621.1	0.857	828	118	0	1	828	48	873	0.000E+00	1454
XP_006715789.1	sbXP_066129622.1	0.857	828	118	0	1	828	48	873	0.000E+00	1454
XP_006715791.1	sbXP_066129620.1	0.857	828	118	0	1	828	48	873	0.000E+00	1454
XP_006715791.1	sbXP_066129621.1	0.857	828	118	0	1	828	48	873	0.000E+00	1454
XP_006715791.1	sbXP_066129622.1	0.857	828	118	0	1	828	48	873	0.000E+00	1454
XP_005268489.1	sbXP_066129141.1	0.950	667	33	0	1	667	1	667	0.000E+00	1276
NP_002072.2	sbXP_066136196.1	0.862	558	77	0	1	558	1	558	0.000E+00	1011
NP_689955.1	sbXP_066130447.1	0.744	579	147	0	1	579	1	574	2.245E-291	895
NP_004475.1	sbXP_066106133.1	0.950	580	29	0	1	580	1	580	0.000E+00	1157
NP_004457.1	sbXP_066091691.1	0.835	590	94	0	1	572	2	591	0.000E+00	1032
NP_005699.1	sbXP_066091061.1	0.983	555	9	0	1	555	1	555	0.000E+00	1131
NP_037504.1	sbXP_066133316.1	0.989	184	2	0	1	184	1	184	1.419E-124	391
NP_037504.1	sbXP_066133317.1	0.989	184	2	0	1	184	1	184	1.419E-124	391
NP_037504.1	sbXP_066133315.1	0.989	184	2	0	1	184	23	206	1.419E-124	391
NP_001136009.1	sbXP_066107902.1	0.828	274	47	0	1	274	1	274	2.501E-155	485
NP_995326.1	sbXP_066108978.1	0.721	79	21	0	1	78	1	79	7.445E-31	115
NP_001092138.1	sbXP_066099466.1	0.754	248	61	0	1	248	1	248	2.735E-132	417
NP_114116.3	sbXP_066115113.1	0.687	266	81	0	20	278	1	266	2.082E-115	370
NP_997244.4	sbXP_066093052.1	0.876	3175	393	0	1	3169	1	3175	0.000E+00	5746
NP_997244.4	sbXP_066093053.1	0.876	3175	393	0	1	3169	1	3175	0.000E+00	5746
NP_997244.4	sbXP_066093054.1	0.876	3175	393	0	1	3169	1	3175	0.000E+00	5746
NP_997244.4	sbXP_066093055.1	0.876	3175	393	0	1	3169	1	3175	0.000E+00	5746
NP_060876.5	sbXP_066096975.1	0.401	3425	1970	0	1983	5407	3	3291	0.000E+00	2114
XP_006718462.1	sbXP_066108498.1	0.410	4965	1633	0	1	4965	1	2768	0.000E+00	3656
NP_002449.2	sbXP_066108480.1	0.420	5748	2227	0	1	5748	1	3840	0.000E+00	4335
NP_005952.2	sbXP_066108966.1	0.581	2354	980	0	6	2346	10	2363	0.000E+00	2801
NP_001138371.1	sbXP_066109338.1	0.479	212	100	0	32	224	46	257	9.409E-63	216
NP_878910.1	sbXP_066111435.1	0.598	311	123	0	1	311	1	307	6.445E-121	388
NP_878910.1	sbXP_066111436.1	0.598	311	123	0	1	311	1	307	6.445E-121	388
NP_001242914.1	sbXP_066091074.1	0.867	271	35	0	15	285	1	267	4.615E-162	505
NP_036563.1	sbXP_066095430.1	0.930	775	54	0	1	775	1	775	0.000E+00	1548
NP_004177.3	sbXP_066100677.1	0.968	785	25	0	1	785	1	785	0.000E+00	1622
XP_005265438.1	sbXP_066100677.1	0.968	785	25	0	1	785	1	785	0.000E+00	1622
XP_005265439.1	sbXP_066100678.1	0.972	754	21	0	1	754	1	754	0.000E+00	1565
NP_064548.1	sbXP_066100974.1	0.864	782	105	0	1	782	1	770	0.000E+00	1440
NP_001180229.1	sbXP_066117945.1	0.841	762	121	0	1	761	1	762	0.000E+00	1337
NP_001180229.1	sbXP_066117946.1	0.841	762	121	0	1	761	1	762	0.000E+00	1337
NP_001180229.1	sbXP_066117943.1	0.841	762	121	0	1	761	1	762	0.000E+00	1337
NP_001180229.1	sbXP_066117944.1	0.841	762	121	0	1	761	1	762	0.000E+00	1337
NP_001180229.1	sbXP_066117941.1	0.841	762	121	0	1	761	15	776	0.000E+00	1337
NP_001180229.1	sbXP_066117940.1	0.841	762	121	0	1	761	21	782	0.000E+00	1337
NP_001180229.1	sbXP_066117939.1	0.841	762	121	0	1	761	30	791	0.000E+00	1337
NP_001180230.1	sbXP_066117945.1	0.841	762	121	0	1	761	1	762	0.000E+00	1337
NP_001180230.1	sbXP_066117946.1	0.841	762	121	0	1	761	1	762	0.000E+00	1337
NP_001180230.1	sbXP_066117943.1	0.841	762	121	0	1	761	1	762	0.000E+00	1337
NP_001180230.1	sbXP_066117944.1	0.841	762	121	0	1	761	1	762	0.000E+00	1337
NP_001180230.1	sbXP_066117941.1	0.841	762	121	0	1	761	15	776	0.000E+00	1337
NP_001180230.1	sbXP_066117940.1	0.841	762	121	0	1	761	21	782	0.000E+00	1337
NP_001180230.1	sbXP_066117939.1	0.841	762	121	0	1	761	30	791	0.000E+00	1337
NP_071762.2	sbXP_066117945.1	0.841	762	121	0	1	761	1	762	0.000E+00	1337
NP_071762.2	sbXP_066117946.1	0.841	762	121	0	1	761	1	762	0.000E+00	1337
NP_071762.2	sbXP_066117943.1	0.841	762	121	0	1	761	1	762	0.000E+00	1337
NP_071762.2	sbXP_066117944.1	0.841	762	121	0	1	761	1	762	0.000E+00	1337
NP_071762.2	sbXP_066117941.1	0.841	762	121	0	1	761	15	776	0.000E+00	1337
NP_071762.2	sbXP_066117940.1	0.841	762	121	0	1	761	21	782	0.000E+00	1337
NP_071762.2	sbXP_066117939.1	0.841	762	121	0	1	761	30	791	0.000E+00	1337
NP_064595.2	sbXP_066094650.1	0.854	824	119	0	14	837	2	820	0.000E+00	1474
NP_064595.2	sbXP_066094651.1	0.854	824	119	0	14	837	2	820	0.000E+00	1474
NP_064595.2	sbXP_066094652.1	0.854	824	119	0	14	837	2	820	0.000E+00	1474
NP_064595.2	sbXP_066094653.1	0.854	824	119	0	14	837	2	820	0.000E+00	1474
NP_060259.4	sbXP_066123867.1	0.906	833	78	0	1	833	1	832	0.000E+00	1613
NP_060259.4	sbXP_066123868.1	0.906	833	78	0	1	833	1	832	0.000E+00	1613
NP_060259.4	sbXP_066123869.1	0.906	833	78	0	1	833	1	832	0.000E+00	1613
NP_060259.4	sbXP_066123870.1	0.906	833	78	0	1	833	1	832	0.000E+00	1613
NP_060259.4	sbXP_066123871.1	0.906	833	78	0	1	833	1	832	0.000E+00	1613
NP_060259.4	sbXP_066123873.1	0.906	833	78	0	1	833	1	832	0.000E+00	1613
NP_001135759.1	sbXP_066113627.1	0.819	738	133	0	1	738	1	735	0.000E+00	1294
NP_006369.3	sbXP_066113625.1	0.820	862	154	0	1	862	1	855	0.000E+00	1483
NP_006369.3	sbXP_066113626.1	0.820	862	154	0	1	862	1	855	0.000E+00	1483
NP_006369.3	sbXP_066113621.1	0.820	862	154	0	1	862	1	855	0.000E+00	1483
NP_006369.3	sbXP_066113622.1	0.820	862	154	0	1	862	1	855	0.000E+00	1483
NP_006369.3	sbXP_066113623.1	0.820	862	154	0	1	862	1	855	0.000E+00	1483
NP_006369.3	sbXP_066113624.1	0.820	862	154	0	1	862	1	855	0.000E+00	1483
XP_005251711.1	sbXP_066113625.1	0.820	862	154	0	1	862	1	855	0.000E+00	1483
XP_005251711.1	sbXP_066113626.1	0.820	862	154	0	1	862	1	855	0.000E+00	1483
XP_005251711.1	sbXP_066113621.1	0.820	862	154	0	1	862	1	855	0.000E+00	1483
XP_005251711.1	sbXP_066113622.1	0.820	862	154	0	1	862	1	855	0.000E+00	1483
XP_005251711.1	sbXP_066113623.1	0.820	862	154	0	1	862	1	855	0.000E+00	1483
XP_005251711.1	sbXP_066113624.1	0.820	862	154	0	1	862	1	855	0.000E+00	1483
NP_001258591.1	sbXP_066123577.1	0.917	737	61	0	1	737	1	737	0.000E+00	1416
NP_004254.2	sbXP_066123576.1	0.920	770	62	0	1	770	1	770	0.000E+00	1488
NP_060363.2	sbXP_066095509.1	0.924	845	64	0	1	843	1	845	0.000E+00	1639
NP_060363.2	sbXP_066095510.1	0.924	845	64	0	1	843	1	845	0.000E+00	1639
NP_060363.2	sbXP_066095511.1	0.924	845	64	0	1	843	1	845	0.000E+00	1639
NP_060363.2	sbXP_066095512.1	0.924	845	64	0	1	843	1	845	0.000E+00	1639
NP_001147.1	sbXP_066100354.1	0.937	466	29	0	1	466	1	463	6.330E-302	919
NP_004025.1	sbXP_066100351.1	0.934	488	32	0	1	488	1	485	1.190E-314	957
NP_004025.1	sbXP_066100352.1	0.934	488	32	0	1	488	1	485	1.190E-314	957
NP_057075.1	sbXP_066121236.1	0.778	244	54	0	1	244	1	244	9.759E-134	421
NP_057075.1	sbXP_066121237.1	0.778	244	54	0	1	244	1	244	9.759E-134	421
NP_057075.1	sbXP_066121238.1	0.778	244	54	0	1	244	1	244	9.759E-134	421
NP_114115.2	sbXP_066110000.1	0.945	328	18	0	1	328	1	324	3.005E-206	635
XP_005264192.1	sbXP_066120894.1	0.718	174	49	0	1	174	1	174	5.812E-88	285
NP_003010.4	sbXP_066100195.1	0.765	376	88	0	2	375	3	378	8.793E-200	619
NP_002966.1	sbXP_066127519.1	0.865	325	43	0	1	323	1	325	3.728E-192	594
NP_001193939.1	sbXP_066109248.1	0.559	268	116	0	11	274	1	268	7.015E-91	299
NP_065962.1	sbXP_066118416.1	0.974	1894	49	0	1	1894	1	1893	0.000E+00	3852
XP_005250743.1	sbXP_066118416.1	0.974	1894	49	0	1	1894	1	1893	0.000E+00	3852
XP_006716234.1	sbXP_066118416.1	0.974	1894	49	0	1	1894	1	1893	0.000E+00	3852
NP_001123554.1	sbXP_066101938.1	0.885	2135	244	0	1	2135	1	2123	0.000E+00	3934
NP_002664.2	sbXP_066101938.1	0.885	2135	244	0	1	2135	1	2123	0.000E+00	3934
NP_036533.2	sbXP_066110873.1	0.867	1843	244	0	1	1838	1	1843	0.000E+00	3336
NP_036533.2	sbXP_066110845.1	0.867	1843	244	0	1	1838	1	1843	0.000E+00	3336
NP_036533.2	sbXP_066110879.1	0.867	1843	244	0	1	1838	1	1843	0.000E+00	3336
NP_036533.2	sbXP_066110851.1	0.867	1843	244	0	1	1838	1	1843	0.000E+00	3336
NP_036533.2	sbXP_066110854.1	0.867	1843	244	0	1	1838	1	1843	0.000E+00	3336
NP_036533.2	sbXP_066110858.1	0.867	1843	244	0	1	1838	1	1843	0.000E+00	3336
NP_036533.2	sbXP_066110862.1	0.867	1843	244	0	1	1838	1	1843	0.000E+00	3336
NP_036533.2	sbXP_066110865.1	0.867	1843	244	0	1	1838	1	1843	0.000E+00	3336
NP_036533.2	sbXP_066110868.1	0.867	1843	244	0	1	1838	1	1843	0.000E+00	3336
XP_005261966.1	sbXP_066110873.1	0.867	1843	244	0	1	1838	1	1843	0.000E+00	3336
XP_005261966.1	sbXP_066110845.1	0.867	1843	244	0	1	1838	1	1843	0.000E+00	3336
XP_005261966.1	sbXP_066110879.1	0.867	1843	244	0	1	1838	1	1843	0.000E+00	3336
XP_005261966.1	sbXP_066110851.1	0.867	1843	244	0	1	1838	1	1843	0.000E+00	3336
XP_005261966.1	sbXP_066110854.1	0.867	1843	244	0	1	1838	1	1843	0.000E+00	3336
XP_005261966.1	sbXP_066110858.1	0.867	1843	244	0	1	1838	1	1843	0.000E+00	3336
XP_005261966.1	sbXP_066110862.1	0.867	1843	244	0	1	1838	1	1843	0.000E+00	3336
XP_005261966.1	sbXP_066110865.1	0.867	1843	244	0	1	1838	1	1843	0.000E+00	3336
XP_005261966.1	sbXP_066110868.1	0.867	1843	244	0	1	1838	1	1843	0.000E+00	3336
NP_000691.1	sbXP_066113181.1	0.892	345	37	0	1	345	1	345	1.767E-203	628
NP_009124.2	sbXP_066109533.1	0.891	324	35	0	1	324	1	324	6.362E-204	628
NP_001148.1	sbXP_066098491.1	0.917	506	42	0	1	505	1	506	4.941E-324	985
NP_001148.1	sbXP_066098492.1	0.917	506	42	0	1	505	1	506	4.941E-324	985
NP_001148.1	sbXP_066098493.1	0.917	506	42	0	1	505	1	506	4.941E-324	985
NP_001265336.1	sbXP_066098491.1	0.917	506	42	0	1	505	1	506	4.941E-324	985
NP_001265336.1	sbXP_066098492.1	0.917	506	42	0	1	505	1	506	4.941E-324	985
NP_001265336.1	sbXP_066098493.1	0.917	506	42	0	1	505	1	506	4.941E-324	985
NP_001265337.1	sbXP_066098491.1	0.917	506	42	0	1	505	1	506	4.941E-324	985
NP_001265337.1	sbXP_066098492.1	0.917	506	42	0	1	505	1	506	4.941E-324	985
NP_001265337.1	sbXP_066098493.1	0.917	506	42	0	1	505	1	506	4.941E-324	985
NP_114114.2	sbXP_066133576.1	0.951	288	14	0	43	330	8	295	1.760E-195	604
NP_001243649.1	sbXP_066134271.1	0.919	186	15	0	1	186	1	186	1.561E-124	391
NP_922939.1	sbXP_066120141.1	0.650	189	66	0	1	189	1	189	1.167E-78	259
NP_072092.2	sbXP_066120124.1	0.686	201	63	0	1	201	1	201	1.452E-90	294
NP_922938.1	sbXP_066120133.1	0.670	249	81	0	1	247	1	249	2.001E-109	351
NP_922940.1	sbXP_066120151.1	0.657	143	49	0	1	143	1	143	4.754E-58	197
NP_922938.1	sbXP_066120133.1	0.670	249	81	0	1	247	1	249	2.001E-109	351
NP_922940.1	sbXP_066120151.1	0.657	143	49	0	1	143	1	143	4.754E-58	197
XP_005253524.1	sbXP_066120133.1	0.670	249	81	0	1	247	1	249	2.001E-109	351
NP_997228.1	sbXP_066109240.1	0.691	240	74	0	1	240	1	239	1.269E-111	357
NP_006429.2	sbXP_066121867.1	0.905	276	26	0	1	276	1	276	2.317E-174	540
NP_775628.1	sbXP_066122666.1	0.616	276	95	0	13	288	15	262	4.645E-102	332
NP_659403.4	sbXP_066113379.1	0.839	2179	351	0	1	2179	1	2179	0.000E+00	3868
XP_005251439.1	sbXP_066113379.1	0.839	2179	351	0	1	2179	1	2179	0.000E+00	3868
XP_006716786.1	sbXP_066113379.1	0.839	2179	351	0	1	2179	1	2179	0.000E+00	3868
XP_005261968.1	sbXP_066110873.1	0.867	1843	244	0	1	1838	1	1843	0.000E+00	3336
XP_005261968.1	sbXP_066110845.1	0.867	1843	244	0	1	1838	1	1843	0.000E+00	3336
XP_005261968.1	sbXP_066110879.1	0.867	1843	244	0	1	1838	1	1843	0.000E+00	3336
XP_005261968.1	sbXP_066110851.1	0.867	1843	244	0	1	1838	1	1843	0.000E+00	3336
XP_005261968.1	sbXP_066110854.1	0.867	1843	244	0	1	1838	1	1843	0.000E+00	3336
XP_005261968.1	sbXP_066110858.1	0.867	1843	244	0	1	1838	1	1843	0.000E+00	3336
XP_005261968.1	sbXP_066110862.1	0.867	1843	244	0	1	1838	1	1843	0.000E+00	3336
XP_005261968.1	sbXP_066110865.1	0.867	1843	244	0	1	1838	1	1843	0.000E+00	3336
XP_005261968.1	sbXP_066110868.1	0.867	1843	244	0	1	1838	1	1843	0.000E+00	3336
XP_006724476.1	sbXP_066110873.1	0.867	1843	244	0	1	1838	1	1843	0.000E+00	3336
XP_006724476.1	sbXP_066110845.1	0.867	1843	244	0	1	1838	1	1843	0.000E+00	3336
XP_006724476.1	sbXP_066110879.1	0.867	1843	244	0	1	1838	1	1843	0.000E+00	3336
XP_006724476.1	sbXP_066110851.1	0.867	1843	244	0	1	1838	1	1843	0.000E+00	3336
XP_006724476.1	sbXP_066110854.1	0.867	1843	244	0	1	1838	1	1843	0.000E+00	3336
XP_006724476.1	sbXP_066110858.1	0.867	1843	244	0	1	1838	1	1843	0.000E+00	3336
XP_006724476.1	sbXP_066110862.1	0.867	1843	244	0	1	1838	1	1843	0.000E+00	3336
XP_006724476.1	sbXP_066110865.1	0.867	1843	244	0	1	1838	1	1843	0.000E+00	3336
XP_006724476.1	sbXP_066110868.1	0.867	1843	244	0	1	1838	1	1843	0.000E+00	3336
NP_005384.2	sbXP_066105145.1	0.867	1901	253	0	10	1909	5	1905	0.000E+00	3445
NP_005384.2	sbXP_066105146.1	0.867	1901	253	0	10	1909	5	1905	0.000E+00	3445
NP_005384.2	sbXP_066105147.1	0.867	1901	253	0	10	1909	5	1905	0.000E+00	3445
NP_005752.1	sbXP_066113842.1	0.890	1575	172	0	1	1568	1	1575	0.000E+00	2891
NP_055918.2	sbXP_066100625.1	0.936	1928	123	0	1	1925	1	1928	0.000E+00	3749
NP_067048.4	sbXP_066089875.1	0.373	182	111	0	3	184	4	181	1.679E-21	96
NP_001128564.1	sbXP_066107251.1	0.584	284	116	0	28	311	1	281	2.251E-94	311
NP_663625.2	sbXP_066107250.1	0.634	334	121	0	1	334	1	331	8.281E-127	406
NP_001128564.1	sbXP_066107251.1	0.584	284	116	0	28	311	1	281	2.251E-94	311
NP_078966.2	sbXP_066108757.1	0.461	4701	2122	0	9791	14491	3	3939	0.000E+00	3624
NP_001035194.1	sbXP_066130541.1	0.365	2587	1581	0	1906	4492	32	2522	0.000E+00	1338
NP_775871.2	sbXP_066110495.1	0.441	8189	4499	0	187	8375	10	8059	0.000E+00	5885
NP_002448.3	sbXP_066108481.1	0.555	5179	1685	0	1	5179	1	3788	0.000E+00	5281
NP_001008388.1	sbXP_066120894.1	0.718	174	49	0	1	174	1	174	5.812E-88	285
NP_940850.1	sbXP_066120894.1	0.718	174	49	0	1	174	1	174	5.812E-88	285
NP_114433.1	sbXP_066124230.1	0.791	158	33	0	1	158	1	158	1.778E-92	297
NP_114433.1	sbXP_066124231.1	0.791	158	33	0	1	158	1	158	1.778E-92	297
NP_114433.1	sbXP_066124232.1	0.791	158	33	0	1	158	1	158	1.778E-92	297
NP_114433.1	sbXP_066124233.1	0.791	158	33	0	1	158	1	158	1.778E-92	297
NP_001006947.1	sbXP_066090540.1	0.705	310	88	0	1	310	1	298	3.144E-135	429
NP_001006947.1	sbXP_066090542.1	0.705	310	88	0	1	310	1	298	3.144E-135	429
XP_005244893.1	sbXP_066124075.1	0.866	930	124	0	1	930	1	924	0.000E+00	1679
XP_006721729.1	sbXP_066092424.1	0.803	280	54	0	12	291	3	279	3.729E-150	471
XP_006721729.1	sbXP_066092426.1	0.803	280	54	0	12	291	3	279	3.729E-150	471
XP_006721729.1	sbXP_066092427.1	0.803	280	54	0	12	291	3	279	3.729E-150	471
XP_006721729.1	sbXP_066092428.1	0.803	280	54	0	12	291	3	279	3.729E-150	471
NP_001152824.1	sbXP_066124230.1	0.791	158	33	0	1	158	1	158	1.778E-92	297
NP_001152824.1	sbXP_066124231.1	0.791	158	33	0	1	158	1	158	1.778E-92	297
NP_001152824.1	sbXP_066124232.1	0.791	158	33	0	1	158	1	158	1.778E-92	297
NP_001152824.1	sbXP_066124233.1	0.791	158	33	0	1	158	1	158	1.778E-92	297
NP_852100.3	sbXP_066109718.1	0.965	315	11	0	5	319	4	318	4.034E-215	660
NP_940894.1	sbXP_066134608.1	0.706	293	85	0	1	293	10	299	5.516E-138	436
NP_940894.1	sbXP_066134610.1	0.706	293	85	0	1	293	10	299	5.516E-138	436
NP_940894.1	sbXP_066134612.1	0.706	293	85	0	1	293	10	299	5.516E-138	436
NP_000533.3	sbXP_066120902.1	0.704	380	110	0	13	392	1	373	5.394E-179	560
NP_942140.2	sbXP_066120902.1	0.704	380	110	0	13	392	1	373	5.394E-179	560
XP_005264544.1	sbXP_066120902.1	0.704	380	110	0	13	392	1	373	5.394E-179	560
NP_001165828.1	sbXP_066109355.1	0.785	191	41	0	1	191	1	190	2.040E-90	293
NP_922939.1	sbXP_066120141.1	0.650	189	66	0	1	189	1	189	1.167E-78	259
NP_056460.1	sbXP_066102955.1	0.958	243	10	0	1	243	1	243	1.307E-163	507
NP_056460.1	sbXP_066102948.1	0.958	243	10	0	1	243	48	290	1.307E-163	507
NP_001278713.1	sbXP_066133768.1	0.716	148	39	0	1	148	1	140	6.766E-65	217
NP_001278713.1	sbXP_066133767.1	0.716	148	39	0	1	148	1	140	6.766E-65	217
NP_054900.2	sbXP_066123334.1	0.965	172	6	0	1	172	1	172	2.515E-112	355
NP_002296.1	sbXP_066109184.1	0.770	135	31	0	1	135	1	135	4.559E-71	234
NP_001276989.1	sbXP_066101035.1	0.885	741	85	0	9	749	1	740	0.000E+00	1384
NP_004627.1	sbXP_066101035.1	0.885	741	85	0	9	749	1	740	0.000E+00	1384
NP_006370.1	sbXP_066095282.1	0.965	751	26	0	1	751	1	751	0.000E+00	1542
NP_689967.2	sbXP_066095380.1	0.944	777	43	0	1	777	1	775	0.000E+00	1560
NP_689967.2	sbXP_066095381.1	0.944	777	43	0	1	777	1	775	0.000E+00	1560
NP_689967.2	sbXP_066095382.1	0.944	777	43	0	1	777	1	775	0.000E+00	1560
NP_705869.1	sbXP_066132619.1	0.961	998	39	0	1	998	1	998	0.000E+00	2034
NP_705870.1	sbXP_066132617.1	0.961	1017	40	0	1	1017	1	1017	0.000E+00	2072
NP_705871.1	sbXP_066132613.1	0.960	1073	43	0	1	1073	1	1073	0.000E+00	2181
XP_005254744.1	sbXP_066132613.1	0.960	1073	43	0	1	1073	1	1073	0.000E+00	2181
XP_005254746.1	sbXP_066132615.1	0.961	1054	41	0	1	1054	1	1054	0.000E+00	2142
XP_005254747.1	sbXP_066132616.1	0.962	1030	39	0	1	1030	1	1030	0.000E+00	2101
NP_003603.1	sbXP_066134240.1	0.830	666	113	0	1	666	1	666	0.000E+00	1180
NP_001888.2	sbXP_066134371.1	0.816	2322	426	0	1	2322	1	2316	0.000E+00	3905
XP_006715790.1	sbXP_066129620.1	0.857	828	118	0	1	828	48	873	0.000E+00	1454
XP_006715790.1	sbXP_066129621.1	0.857	828	118	0	1	828	48	873	0.000E+00	1454
XP_006715790.1	sbXP_066129622.1	0.857	828	118	0	1	828	48	873	0.000E+00	1454
NP_665876.1	sbXP_066098491.1	0.917	506	42	0	1	505	1	506	4.941E-324	985
NP_665876.1	sbXP_066098492.1	0.917	506	42	0	1	505	1	506	4.941E-324	985
NP_665876.1	sbXP_066098493.1	0.917	506	42	0	1	505	1	506	4.941E-324	985
NP_112207.1	sbXP_066109719.1	0.975	242	6	0	5	246	4	245	4.653E-168	520
NP_001128563.1	sbXP_066107250.1	0.634	334	121	0	28	361	1	331	2.631E-126	406
XP_005270188.1	sbXP_066099466.1	0.754	248	61	0	1	248	1	248	2.735E-132	417
XP_005270189.1	sbXP_066099466.1	0.754	248	61	0	1	248	1	248	2.735E-132	417
NP_000533.3	sbXP_066120902.1	0.704	380	110	0	13	392	1	373	5.394E-179	560
NP_942140.2	sbXP_066120902.1	0.704	380	110	0	13	392	1	373	5.394E-179	560
NP_872292.1	sbXP_066115113.1	0.687	266	81	0	20	278	1	266	2.082E-115	370
XP_005261382.1	sbXP_066115113.1	0.687	266	81	0	1	259	1	266	8.914E-116	370
XP_006724188.1	sbXP_066115113.1	0.687	266	81	0	1	259	1	266	8.914E-116	370
NP_001128642.1	sbXP_066135986.1	0.962	296	11	0	1	296	5	300	4.575E-202	621
NP_001128643.1	sbXP_066135987.1	0.968	289	9	0	1	289	1	289	2.148E-198	610
NP_001128643.1	sbXP_066135989.1	0.968	289	9	0	1	289	1	289	2.148E-198	610
NP_001128643.1	sbXP_066135990.1	0.968	289	9	0	1	289	1	289	2.148E-198	610
NP_114117.1	sbXP_066135987.1	0.968	289	9	0	1	289	1	289	2.148E-198	610
NP_114117.1	sbXP_066135989.1	0.968	289	9	0	1	289	1	289	2.148E-198	610
NP_114117.1	sbXP_066135990.1	0.968	289	9	0	1	289	1	289	2.148E-198	610
NP_997302.2	sbXP_066134450.1	0.747	252	63	0	1	252	1	251	3.737E-122	388
NP_848635.2	sbXP_066110943.1	0.861	332	46	0	1	332	1	332	3.301E-207	638
NP_848635.2	sbXP_066110944.1	0.861	332	46	0	1	332	1	332	3.301E-207	638
NP_848635.2	sbXP_066110945.1	0.861	332	46	0	1	332	1	332	3.301E-207	638
NP_848635.2	sbXP_066110946.1	0.861	332	46	0	1	332	1	332	3.301E-207	638
NP_848635.2	sbXP_066110947.1	0.861	332	46	0	1	332	1	332	3.301E-207	638
NP_002988.3	sbXP_066090540.1	0.705	310	88	0	1	310	1	298	3.144E-135	429
NP_002988.3	sbXP_066090542.1	0.705	310	88	0	1	310	1	298	3.144E-135	429
XP_005246039.1	sbXP_066122671.1	0.814	254	46	0	2	252	320	573	1.491E-141	444
NP_006679.1	sbXP_066111483.1	0.976	258	6	0	1	258	1	258	3.215E-178	550
NP_872334.2	sbXP_066135744.1	0.940	287	17	0	1	287	1	287	1.005E-188	582
NP_001010908.1	sbXP_066136416.1	0.996	255	1	0	1	255	1	255	3.063E-177	547
NP_001008224.1	sbXP_066110905.1	0.978	238	5	0	1	238	1	238	1.898E-165	512
NP_112230.1	sbXP_066092424.1	0.803	280	54	0	2	281	3	279	2.358E-150	471
NP_112230.1	sbXP_066092426.1	0.803	280	54	0	2	281	3	279	2.358E-150	471
NP_112230.1	sbXP_066092427.1	0.803	280	54	0	2	281	3	279	2.358E-150	471
NP_112230.1	sbXP_066092428.1	0.803	280	54	0	2	281	3	279	2.358E-150	471
NP_699203.1	sbXP_066092424.1	0.803	280	54	0	2	281	3	279	2.358E-150	471
NP_699203.1	sbXP_066092426.1	0.803	280	54	0	2	281	3	279	2.358E-150	471
NP_699203.1	sbXP_066092427.1	0.803	280	54	0	2	281	3	279	2.358E-150	471
NP_699203.1	sbXP_066092428.1	0.803	280	54	0	2	281	3	279	2.358E-150	471
XP_006715902.1	sbXP_066095794.1	0.916	771	65	0	1	771	1	771	0.000E+00	1551
XP_006715902.1	sbXP_066095795.1	0.916	771	65	0	1	771	1	771	0.000E+00	1551
NP_149038.3	sbXP_066097607.1	0.455	527	278	0	1	512	32	558	6.593E-131	427
NP_001128563.1	sbXP_066107250.1	0.634	334	121	0	28	361	1	331	2.631E-126	406
NP_001002857.1	sbXP_066132176.1	0.982	339	6	0	1	339	1	339	1.441E-219	674
NP_001002858.1	sbXP_066132176.1	0.982	339	6	0	19	357	1	339	3.333E-219	674
NP_001129487.1	sbXP_066132176.1	0.982	339	6	0	1	339	1	339	1.441E-219	674
NP_004030.1	sbXP_066132176.1	0.982	339	6	0	1	339	1	339	1.441E-219	674
NP_005130.1	sbXP_066136818.1	0.925	323	24	0	1	323	1	323	2.577E-196	606
XP_005263030.1	sbXP_066136818.1	0.925	323	24	0	1	323	1	323	2.577E-196	606
NP_001144.1	sbXP_066123415.1	0.943	321	18	0	1	321	1	321	3.954E-199	614
NP_001145.1	sbXP_066090011.1	0.953	320	15	0	1	320	1	320	4.540E-197	608
NP_002548.3	sbXP_066102991.1	0.701	482	143	0	1	482	1	479	8.086E-223	702
NP_056208.2	sbXP_066135341.1	0.675	310	97	0	1	310	1	300	7.714E-125	399
NP_065138.2	sbXP_066111574.1	0.894	502	53	0	1	500	1	502	2.489E-312	951
NP_116201.7	sbXP_066089334.1	0.924	529	40	0	1	529	1	529	0.000E+00	1035
NP_116201.7	sbXP_066089335.1	0.924	529	40	0	1	529	1	529	0.000E+00	1035
NP_116201.7	sbXP_066089336.1	0.924	529	40	0	1	529	1	529	0.000E+00	1035
NP_115618.3	sbXP_066103320.1	0.958	1883	79	0	14	1896	116	1998	0.000E+00	3769
NP_079455.3	sbXP_066117562.1	0.986	1894	27	0	1	1894	16	1909	0.000E+00	3896
NP_059984.3	sbXP_066105053.1	0.959	1872	77	0	1	1871	1	1872	0.000E+00	3737
NP_059984.3	sbXP_066105054.1	0.959	1872	77	0	1	1871	1	1872	0.000E+00	3737
XP_005261967.1	sbXP_066110873.1	0.867	1843	244	0	1	1838	1	1843	0.000E+00	3336
XP_005261967.1	sbXP_066110845.1	0.867	1843	244	0	1	1838	1	1843	0.000E+00	3336
XP_005261967.1	sbXP_066110879.1	0.867	1843	244	0	1	1838	1	1843	0.000E+00	3336
XP_005261967.1	sbXP_066110851.1	0.867	1843	244	0	1	1838	1	1843	0.000E+00	3336
XP_005261967.1	sbXP_066110854.1	0.867	1843	244	0	1	1838	1	1843	0.000E+00	3336
XP_005261967.1	sbXP_066110858.1	0.867	1843	244	0	1	1838	1	1843	0.000E+00	3336
XP_005261967.1	sbXP_066110862.1	0.867	1843	244	0	1	1838	1	1843	0.000E+00	3336
XP_005261967.1	sbXP_066110865.1	0.867	1843	244	0	1	1838	1	1843	0.000E+00	3336
XP_005261967.1	sbXP_066110868.1	0.867	1843	244	0	1	1838	1	1843	0.000E+00	3336
NP_065847.1	sbXP_066130227.1	0.963	1030	38	0	1	1030	1	1029	0.000E+00	2087
NP_065847.1	sbXP_066130228.1	0.963	1030	38	0	1	1030	1	1029	0.000E+00	2087
NP_065847.1	sbXP_066130229.1	0.963	1030	38	0	1	1030	1	1029	0.000E+00	2087
NP_065847.1	sbXP_066130230.1	0.963	1030	38	0	1	1030	1	1029	0.000E+00	2087
NP_065847.1	sbXP_066130231.1	0.963	1030	38	0	1	1030	1	1029	0.000E+00	2087
NP_919429.2	sbXP_066117462.1	0.648	199	69	0	1	198	1	199	7.547E-88	286
NP_525126.2	sbXP_066109216.1	0.665	214	70	0	1	214	2	212	3.484E-96	311
NP_055173.1	sbXP_066109215.1	0.724	207	57	0	1	207	1	207	8.126E-106	339
NP_775806.2	sbXP_066123441.1	0.619	548	208	0	1	547	6	553	5.481E-212	666
XP_005264229.1	sbXP_066123441.1	0.619	548	208	0	1	547	6	553	2.173E-212	666
NP_001010909.2	sbXP_066110365.1	0.505	377	181	0	185	561	23	388	1.145E-88	306
NP_001185744.1	sbXP_066102332.1	0.377	1403	776	0	88	1490	420	1666	1.919E-187	639
NP_060876.5	sbXP_066096975.1	0.401	3425	1970	0	1983	5407	3	3291	0.000E+00	2114
NP_115484.2	sbXP_066131417.1	0.908	888	80	0	1	888	1	867	0.000E+00	1680
NP_115484.2	sbXP_066131396.1	0.908	888	80	0	1	888	1	867	0.000E+00	1680
NP_115484.2	sbXP_066131406.1	0.908	888	80	0	1	888	1	867	0.000E+00	1680
NP_001171532.1	sbXP_066124061.1	0.866	962	128	0	1	962	1	956	0.000E+00	1737
NP_001171532.1	sbXP_066124062.1	0.866	962	128	0	1	962	1	956	0.000E+00	1737
NP_001171532.1	sbXP_066124063.1	0.866	962	128	0	1	962	1	956	0.000E+00	1737
NP_001171532.1	sbXP_066124064.1	0.866	962	128	0	1	962	1	956	0.000E+00	1737
NP_001171532.1	sbXP_066124065.1	0.866	962	128	0	1	962	1	956	0.000E+00	1737
NP_001171532.1	sbXP_066124066.1	0.866	962	128	0	1	962	1	956	0.000E+00	1737
NP_001171532.1	sbXP_066124068.1	0.866	962	128	0	1	962	1	956	0.000E+00	1737
NP_001171532.1	sbXP_066124069.1	0.866	962	128	0	1	962	1	956	0.000E+00	1737
NP_001171532.1	sbXP_066124070.1	0.866	962	128	0	1	962	1	956	0.000E+00	1737
NP_001171532.1	sbXP_066124071.1	0.866	962	128	0	1	962	1	956	0.000E+00	1737
NP_001171532.1	sbXP_066124072.1	0.866	962	128	0	1	962	1	956	0.000E+00	1737
NP_001171532.1	sbXP_066124073.1	0.866	962	128	0	1	962	1	956	0.000E+00	1737
NP_001171532.1	sbXP_066124074.1	0.866	962	128	0	1	962	1	956	0.000E+00	1737
NP_002989.2	sbXP_066122103.1	0.900	201	20	0	1	201	1	201	7.473E-115	364
NP_055469.3	sbXP_066122663.1	0.909	442	40	0	1	442	108	548	5.584E-265	811
NP_002990.2	sbXP_066091171.1	0.806	202	38	0	1	198	1	202	4.935E-101	324
NP_006071.1	sbXP_066095794.1	0.916	771	65	0	1	771	1	771	0.000E+00	1551
NP_006071.1	sbXP_066095795.1	0.916	771	65	0	1	771	1	771	0.000E+00	1551
XP_005250167.1	sbXP_066095794.1	0.916	771	65	0	1	771	1	771	0.000E+00	1551
XP_005250167.1	sbXP_066095795.1	0.916	771	65	0	1	771	1	771	0.000E+00	1551
XP_005250168.1	sbXP_066095794.1	0.916	771	65	0	1	771	1	771	0.000E+00	1551
XP_005250168.1	sbXP_066095795.1	0.916	771	65	0	1	771	1	771	0.000E+00	1551
XP_006715901.1	sbXP_066095794.1	0.916	771	65	0	1	771	1	771	0.000E+00	1551
XP_006715901.1	sbXP_066095795.1	0.916	771	65	0	1	771	1	771	0.000E+00	1551
NP_000482.3	sbXP_066122671.1	0.814	254	46	0	2	252	320	573	1.491E-141	444
NP_612210.4	sbXP_066109248.1	0.559	268	116	0	1	264	1	268	4.574E-91	299
XP_006719097.1	sbXP_066109248.1	0.559	268	116	0	1	264	1	268	4.574E-91	299
NP_001123470.1	sbXP_066109243.1	0.750	276	69	0	1	276	1	276	3.922E-142	447
NP_001123470.1	sbXP_066109244.1	0.750	276	69	0	1	276	1	276	3.922E-142	447
NP_037401.1	sbXP_066109254.1	0.466	148	76	0	41	188	45	187	8.241E-40	147
NP_001073980.2	sbXP_066118527.1	0.923	222	16	0	1	214	1	222	1.298E-140	439
NP_001073980.2	sbXP_066118529.1	0.923	222	16	0	1	214	1	222	1.298E-140	439
NP_005743.4	sbXP_066099987.1	0.892	196	21	0	10	205	1	196	5.890E-120	379
NP_003269.2	sbXP_066100864.1	0.881	202	24	0	1	202	1	202	9.870E-121	381
NP_057268.1	sbXP_066117452.1	0.659	238	80	0	1	237	1	238	1.843E-105	339
NP_001007034.1	sbXP_066109217.1	0.683	211	66	0	1	209	1	211	4.051E-100	322
NP_072092.2	sbXP_066120124.1	0.686	201	63	0	1	201	1	201	1.452E-90	294
