NP_942014.1	ajXP_053513004.1	0.844	641	97	0	1	641	1	624	0.000E+00	1184
NP_597714.2	ajXP_036995009.2	0.917	439	36	0	1	439	1	437	1.534E-286	873
NP_116277.2	ajXP_036995372.2	0.865	1860	249	0	1	1860	1	1842	0.000E+00	3495
NP_001032852.2	ajXP_036992580.2	0.815	1146	208	0	1	1125	1	1146	0.000E+00	2011
NP_000081.1	ajXP_037018853.2	0.880	1466	176	0	1	1466	1	1464	0.000E+00	2921
NP_001836.2	ajXP_036981553.2	0.882	1670	197	0	1	1669	1	1670	0.000E+00	3359
NP_001837.2	ajXP_036981549.2	0.819	1712	310	0	1	1712	1	1712	0.000E+00	3148
NP_001837.2	ajXP_036981550.2	0.819	1712	310	0	1	1712	1	1712	0.000E+00	3148
NP_001837.2	ajXP_053515791.1	0.819	1712	310	0	1	1712	1	1712	0.000E+00	3148
NP_005193.1	ajXP_037005598.2	0.947	700	37	0	7	703	7	706	0.000E+00	1490
NP_005193.1	ajXP_037005599.2	0.947	700	37	0	7	703	7	706	0.000E+00	1490
NP_005193.1	ajXP_053516695.1	0.947	700	37	0	7	703	7	706	0.000E+00	1490
NP_005193.1	ajXP_053516696.1	0.947	700	37	0	7	703	7	706	0.000E+00	1490
NP_005193.1	ajXP_053516697.1	0.947	700	37	0	7	703	7	706	0.000E+00	1490
NP_001096078.1	ajXP_036999939.2	0.831	2263	382	0	2	2263	3	2265	0.000E+00	3896
XP_005247178.1	ajXP_036999939.2	0.831	2263	382	0	2	2263	3	2265	0.000E+00	3896
NP_000085.1	ajXP_036984473.2	0.836	2943	481	0	1	2943	1	2934	0.000E+00	5252
NP_001841.2	ajXP_037016740.2	0.935	744	48	0	1	744	1	743	0.000E+00	1587
NP_000084.3	ajXP_053523694.1	0.935	1848	119	0	1	1838	1	1848	0.000E+00	3854
NP_000384.2	ajXP_037018866.2	0.963	1499	55	0	1	1499	1	1499	0.000E+00	3240
NP_056534.2	ajXP_036983216.2	0.870	1747	227	0	1	1745	1	1747	0.000E+00	3311
NP_001839.2	ajXP_037014101.2	0.895	1028	108	0	1	1028	1	1027	0.000E+00	1982
NP_001840.3	ajXP_037014053.2	0.886	1019	116	0	1	1019	1	1018	0.000E+00	1943
NP_000082.2	ajXP_036995131.2	0.807	1669	322	0	1	1669	1	1667	0.000E+00	3026
NP_001835.3	ajXP_036991506.1	0.979	1487	31	0	1	1487	1	1487	0.000E+00	3247
XP_005246338.1	ajXP_053521476.1	0.792	1683	349	0	8	1690	3	1683	0.000E+00	3013
XP_005246338.1	ajXP_053521524.1	0.792	1683	349	0	8	1690	3	1683	0.000E+00	3013
NP_110447.2	ajXP_053524336.1	0.900	957	96	0	1	957	1	957	0.000E+00	1864
XP_005250867.1	ajXP_037022644.2	0.854	1606	232	0	1	1606	1	1589	0.000E+00	3006
NP_690850.2	ajXP_053511494.1	0.847	1714	261	0	1	1714	1	1709	0.000E+00	3120
NP_542990.3	ajXP_053520015.1	0.846	601	86	0	128	686	2	602	0.000E+00	1125
NP_000484.2	ajXP_037013977.2	0.889	679	75	0	2	680	1	673	0.000E+00	1376
NP_000484.2	ajXP_037013979.2	0.889	679	75	0	2	680	1	673	0.000E+00	1376
XP_006715395.1	ajXP_037013977.2	0.889	679	75	0	2	680	1	673	0.000E+00	1376
XP_006715395.1	ajXP_037013979.2	0.889	679	75	0	2	680	1	673	0.000E+00	1376
XP_006715396.1	ajXP_037013977.2	0.889	679	75	0	2	680	1	673	0.000E+00	1376
XP_006715396.1	ajXP_037013979.2	0.889	679	75	0	2	680	1	673	0.000E+00	1376
NP_001177638.1	ajXP_037008945.2	0.958	1767	74	0	1	1767	1	1767	0.000E+00	3757
NP_001845.3	ajXP_037008943.2	0.955	1806	81	0	1	1806	1	1806	0.000E+00	3827
NP_542196.2	ajXP_037008944.2	0.952	1818	87	0	1	1818	1	1818	0.000E+00	3834
NP_542197.3	ajXP_037008946.2	0.958	1690	71	0	1	1690	1	1690	0.000E+00	3599
NP_542411.2	ajXP_053526653.1	0.945	1736	95	0	1	1736	1	1735	0.000E+00	3604
NP_542411.2	ajXP_036990362.2	0.945	1736	95	0	1	1736	1	1735	0.000E+00	3604
NP_542411.2	ajXP_053526652.1	0.945	1736	95	0	1	1736	1	1735	0.000E+00	3604
NP_066933.1	ajXP_037022602.2	0.912	1796	158	0	1	1796	1	1795	0.000E+00	3463
XP_005251116.1	ajXP_037022604.2	0.912	1780	156	0	1	1780	1	1779	0.000E+00	3432
XP_006716714.1	ajXP_037022602.2	0.912	1796	158	0	1	1796	1	1795	0.000E+00	3463
NP_001846.3	ajXP_036996684.2	0.752	1388	341	0	1	1388	1	1377	0.000E+00	2200
NP_001847.3	ajXP_053516577.1	0.868	1629	212	0	1	1604	1	1629	0.000E+00	3136
NP_001847.3	ajXP_053516579.1	0.868	1629	212	0	1	1604	1	1629	0.000E+00	3136
NP_001847.3	ajXP_053516580.1	0.868	1629	212	0	1	1604	1	1629	0.000E+00	3136
NP_001847.3	ajXP_037005481.2	0.868	1629	212	0	1	1604	1	1629	0.000E+00	3136
NP_000485.3	ajXP_037015413.2	0.780	1497	319	0	1	1497	1	1452	0.000E+00	2439
NP_478054.2	ajXP_037014054.2	0.899	918	93	0	1	918	1	917	0.000E+00	1778
NP_004360.2	ajXP_053511204.1	0.796	3177	644	0	1	3177	1	3157	0.000E+00	5199
NP_004360.2	ajXP_037017284.2	0.796	3177	644	0	1	3177	1	3157	0.000E+00	5199
NP_001844.3	ajXP_037009460.2	0.894	682	72	0	6	684	72	753	0.000E+00	1359
NP_000083.3	ajXP_053521476.1	0.792	1683	349	0	8	1690	3	1683	0.000E+00	3013
NP_000083.3	ajXP_053521524.1	0.792	1683	349	0	8	1690	3	1683	0.000E+00	3013
NP_000080.2	ajXP_036998672.2	0.916	1366	115	0	1	1366	1	1366	0.000E+00	2787
XP_006710428.1	ajXP_037005382.2	0.914	687	59	0	3	689	2	688	0.000E+00	1405
NP_000486.1	ajXP_037023011.2	0.896	1685	175	0	1	1685	3	1687	0.000E+00	3422
NP_065933.2	ajXP_053527176.1	0.754	1256	305	0	8	1263	8	1249	0.000E+00	1954
NP_065084.2	ajXP_037016740.2	0.935	744	48	0	1	744	1	743	0.000E+00	1587
XP_005270535.1	ajXP_037005598.2	0.947	700	37	0	7	703	7	706	0.000E+00	1490
XP_005270535.1	ajXP_037005599.2	0.947	700	37	0	7	703	7	706	0.000E+00	1490
XP_005270535.1	ajXP_053516695.1	0.947	700	37	0	7	703	7	706	0.000E+00	1490
XP_005270535.1	ajXP_053516696.1	0.947	700	37	0	7	703	7	706	0.000E+00	1490
XP_005270535.1	ajXP_053516697.1	0.947	700	37	0	7	703	7	706	0.000E+00	1490
NP_001842.3	ajXP_053520981.1	0.905	919	87	0	1	919	1	913	0.000E+00	1847
NP_085059.2	ajXP_053513986.1	0.731	1515	406	0	1	1515	1	1509	0.000E+00	2390
NP_569712.2	ajXP_053513987.1	0.761	1335	316	0	1	1335	1	1323	0.000E+00	2216
NP_001849.2	ajXP_053520990.1	0.848	1137	172	0	5	1141	5	1137	0.000E+00	2147
NP_000079.2	ajXP_053513145.1	0.954	1464	67	0	1	1464	1	1458	0.000E+00	3126
NP_476507.3	ajXP_053511208.1	0.785	2570	548	0	1	2570	1	2552	0.000E+00	4176
NP_476508.2	ajXP_053511206.1	0.795	2971	605	0	1	2971	1	2953	0.000E+00	4862
XP_005246122.1	ajXP_053511205.1	0.792	2977	615	0	1	2977	1	2957	0.000E+00	4852
NP_001265227.1	ajXP_036999820.2	0.747	2612	659	0	1	2612	1	2605	0.000E+00	4040
NP_001843.1	ajXP_037005382.2	0.914	687	59	0	3	689	2	688	0.000E+00	1405
NP_775736.2	ajXP_037019960.1	0.852	546	80	0	1	540	1	546	0.000E+00	1011
NP_004361.3	ajXP_053520038.1	0.931	3065	211	0	1	3063	1	3065	0.000E+00	5987
