NP_001265227.1	moXP_036123051.1	0.751	2613	650	0	1	2612	1	2613	0.000E+00	4076
NP_001096078.1	moXP_036123363.1	0.835	2263	373	0	2	2263	1	2263	0.000E+00	3925
XP_005247178.1	moXP_036123363.1	0.835	2263	373	0	2	2263	1	2263	0.000E+00	3925
NP_000085.1	moXP_036123039.1	0.841	2940	467	0	1	2940	1	2935	0.000E+00	5273
NP_001841.2	moXP_036099613.1	0.942	744	43	0	1	744	1	743	0.000E+00	1595
NP_004361.3	moXP_036104963.1	0.930	3065	214	0	1	3063	1	3065	0.000E+00	5977
NP_542991.3	moXP_036120585.1	0.902	695	68	0	1	695	1	690	0.000E+00	1374
NP_065933.2	moXP_036100530.1	0.787	1252	263	0	10	1261	10	1245	0.000E+00	2031
NP_001842.3	moXP_036104239.1	0.917	921	76	0	1	920	1	921	0.000E+00	1873
XP_006716714.1	moXP_036120021.1	0.924	1796	136	0	1	1796	1	1795	0.000E+00	3497
NP_001846.3	moXP_036117657.1	0.770	1388	311	0	1	1388	1	1354	0.000E+00	2237
NP_001847.3	moXP_036113078.1	0.876	1624	199	0	1	1604	1	1624	0.000E+00	3173
NP_000485.3	moXP_036121837.1	0.786	1497	303	0	1	1497	1	1415	0.000E+00	2414
NP_085059.2	moXP_036098202.1	0.635	1738	553	0	1	1516	1	1738	0.000E+00	2294
NP_001849.2	moXP_036104645.1	0.847	1158	174	0	1	1141	1	1158	0.000E+00	2170
NP_000079.2	moXP_036124066.1	0.956	1464	64	0	1	1464	1	1459	0.000E+00	3132
NP_065084.2	moXP_036099613.1	0.942	744	43	0	1	744	1	743	0.000E+00	1595
NP_001032852.2	moXP_036103072.1	0.871	1124	144	0	1	1124	1	1121	0.000E+00	2110
NP_542197.3	moXP_036128066.1	0.973	1690	46	0	1	1690	1	1690	0.000E+00	3641
NP_542411.2	moXP_036104047.1	0.956	1736	76	0	1	1736	1	1736	0.000E+00	3656
NP_542412.2	moXP_036104048.1	0.961	1650	64	0	1	1650	1	1650	0.000E+00	3498
NP_000083.3	moXP_036110009.1	0.802	1683	333	0	8	1690	3	1685	0.000E+00	3047
XP_005246338.1	moXP_036110009.1	0.802	1683	333	0	8	1690	3	1685	0.000E+00	3047
NP_511040.2	moXP_036104240.1	0.924	679	51	0	1	677	1	679	0.000E+00	1416
NP_001843.1	moXP_036112834.1	0.934	687	45	0	3	689	2	688	0.000E+00	1439
XP_006710428.1	moXP_036112834.1	0.934	687	45	0	3	689	2	688	0.000E+00	1439
NP_001844.3	moXP_036101454.1	0.910	681	61	0	6	684	2	682	0.000E+00	1380
NP_000484.2	moXP_036103987.1	0.914	680	58	0	1	680	1	680	0.000E+00	1406
XP_006715395.1	moXP_036103987.1	0.914	680	58	0	1	680	1	680	0.000E+00	1406
XP_006715396.1	moXP_036103987.1	0.914	680	58	0	1	680	1	680	0.000E+00	1406
NP_001845.3	moXP_036128062.1	0.971	1806	52	0	1	1806	1	1806	0.000E+00	3874
NP_542196.2	moXP_036128061.1	0.970	1818	55	0	1	1818	1	1818	0.000E+00	3891
NP_000082.2	moXP_036109254.1	0.813	1669	312	0	1	1669	1	1669	0.000E+00	3045
NP_001836.2	moXP_036106030.1	0.890	1670	183	0	1	1669	1	1670	0.000E+00	3384
NP_542410.2	moXP_036104049.1	0.965	1629	57	0	1	1629	1	1629	0.000E+00	3470
NP_542988.3	moXP_036120594.1	0.911	645	57	0	1	645	1	640	0.000E+00	1291
NP_066933.1	moXP_036120021.1	0.924	1796	136	0	1	1796	1	1795	0.000E+00	3497
NP_001123575.1	moXP_036120584.1	0.905	717	68	0	1	717	1	712	0.000E+00	1418
NP_542992.3	moXP_036120590.1	0.902	668	65	0	1	668	1	663	0.000E+00	1321
NP_000080.2	moXP_036103398.1	0.920	1366	109	0	1	1366	1	1365	0.000E+00	2784
NP_005193.1	moXP_036113218.1	0.959	697	29	0	7	703	11	707	0.000E+00	1512
XP_005270535.1	moXP_036113218.1	0.959	697	29	0	7	703	11	707	0.000E+00	1512
NP_001177638.1	moXP_036128063.1	0.972	1767	49	0	1	1767	1	1767	0.000E+00	3802
NP_001837.2	moXP_036106029.1	0.823	1712	302	0	1	1712	1	1709	0.000E+00	3167
NP_542995.3	moXP_036120599.1	0.898	610	62	0	1	610	1	605	0.000E+00	1199
NP_110447.2	moXP_036104903.1	0.916	957	80	0	1	957	1	957	0.000E+00	1893
XP_005250867.1	moXP_036120057.1	0.866	1606	214	0	1	1606	10	1610	0.000E+00	3053
NP_775736.2	moXP_036097452.1	0.869	540	70	0	1	540	1	538	0.000E+00	1025
NP_690850.2	moXP_036112668.1	0.850	1695	253	0	20	1714	42	1731	0.000E+00	3108
NP_000486.1	moXP_036126942.1	0.927	1685	123	0	1	1685	1	1685	0.000E+00	3562
NP_378667.1	moXP_036127236.1	0.815	1691	312	0	1	1690	1	1691	0.000E+00	3032
NP_542990.3	moXP_036120586.1	0.908	686	63	0	1	686	1	681	0.000E+00	1369
NP_001243003.1	moXP_036122009.1	0.917	632	52	0	1	632	1	632	0.000E+00	1278
NP_004360.2	moXP_036109262.1	0.805	3177	613	0	1	3177	1	3146	0.000E+00	5226
NP_942014.1	moXP_036122018.1	0.928	654	47	0	1	654	1	654	0.000E+00	1345
NP_001265492.1	moXP_036136137.1	0.922	441	34	0	1	441	1	439	2.922E-287	875
NP_597714.2	moXP_036136138.1	0.922	439	34	0	1	439	1	437	6.481E-286	871
NP_116277.2	moXP_036117124.1	0.867	1860	246	0	1	1860	1	1851	0.000E+00	3513
NP_001835.3	moXP_036107270.1	0.979	1487	31	0	1	1487	1	1487	0.000E+00	3250
NP_000081.1	moXP_036110649.1	0.912	1467	129	0	1	1466	1	1467	0.000E+00	3040
NP_542412.2	moXP_036104048.1	0.961	1650	64	0	1	1650	1	1650	0.000E+00	3498
NP_000084.3	moXP_036117568.1	0.953	1802	85	0	37	1838	70	1869	0.000E+00	3841
NP_000384.2	moXP_036110658.1	0.965	1499	52	0	1	1499	1	1499	0.000E+00	3238
NP_056534.2	moXP_036097228.1	0.865	1745	235	0	1	1745	1	1744	0.000E+00	3282
NP_001839.2	moXP_036098767.1	0.902	1026	100	0	1	1026	1	1025	0.000E+00	1989
NP_001840.3	moXP_036099573.1	0.893	1019	109	0	1	1019	6	1024	0.000E+00	1961
