NP_000080.2	pdXP_028380979.1	0.913	1366	119	0	1	1366	1	1366	0.000E+00	2777
NP_065933.2	pdXP_035865363.1	0.711	1346	368	0	8	1281	87	1432	0.000E+00	1924
NP_110447.2	pdXP_035880152.1	0.900	957	96	0	1	957	1	957	0.000E+00	1859
NP_110447.2	pdXP_035880153.1	0.900	957	96	0	1	957	1	957	0.000E+00	1859
XP_005250867.1	pdXP_035887575.1	0.842	1606	251	0	1	1606	1	1592	0.000E+00	2976
NP_942014.1	pdXP_035881401.1	0.932	654	44	0	1	654	1	654	0.000E+00	1350
NP_542376.2	pdXP_035880254.1	0.932	1897	129	0	1	1896	1	1897	0.000E+00	3763
NP_542990.3	pdXP_035882753.1	0.873	686	86	0	1	686	1	680	0.000E+00	1330
XP_006715395.1	pdXP_028365395.1	0.892	679	73	0	2	680	1	673	0.000E+00	1375
XP_006715395.1	pdXP_035880492.1	0.892	679	73	0	2	680	1	673	0.000E+00	1375
XP_006715395.1	pdXP_035880493.1	0.892	679	73	0	2	680	1	673	0.000E+00	1375
NP_542410.2	pdXP_035879807.1	0.952	1629	78	0	1	1629	1	1628	0.000E+00	3408
NP_511040.2	pdXP_028365352.1	0.912	678	59	0	1	676	1	678	0.000E+00	1395
NP_001843.1	pdXP_028368189.1	0.919	687	56	0	3	689	2	688	0.000E+00	1411
XP_006710428.1	pdXP_028368189.1	0.919	687	56	0	3	689	2	688	0.000E+00	1411
NP_001844.3	pdXP_035865903.1	0.892	682	73	0	6	684	72	753	0.000E+00	1359
XP_005247178.1	pdXP_028373656.2	0.822	2264	402	0	2	2263	3	2266	0.000E+00	3849
NP_000085.1	pdXP_035886263.1	0.813	2819	527	0	1	2817	1	2819	0.000E+00	4838
NP_001841.2	pdXP_028361000.1	0.943	744	42	0	1	744	1	743	0.000E+00	1592
NP_065084.2	pdXP_028361000.1	0.943	744	42	0	1	744	1	743	0.000E+00	1592
NP_005193.1	pdXP_035881666.1	0.939	707	43	0	2	703	8	714	0.000E+00	1491
NP_005193.1	pdXP_028369979.2	0.939	707	43	0	2	703	8	714	0.000E+00	1491
XP_005270535.1	pdXP_035881666.1	0.939	707	43	0	2	703	8	714	0.000E+00	1491
XP_005270535.1	pdXP_028369979.2	0.939	707	43	0	2	703	8	714	0.000E+00	1491
NP_001842.3	pdXP_035880209.1	0.914	682	58	0	238	919	1	675	0.000E+00	1409
NP_597714.2	pdXP_028371407.1	0.915	439	37	0	1	439	1	437	7.389E-286	871
NP_001177638.1	pdXP_028358439.1	0.956	1769	78	0	1	1767	1	1769	0.000E+00	3753
NP_000083.3	pdXP_028365476.2	0.786	1683	360	0	8	1690	3	1685	0.000E+00	2993
XP_005246338.1	pdXP_028365476.2	0.786	1683	360	0	8	1690	3	1685	0.000E+00	2993
NP_000081.1	pdXP_035879081.1	0.878	1466	179	0	1	1466	1	1465	0.000E+00	2919
XP_006715396.1	pdXP_028365395.1	0.892	679	73	0	2	680	1	673	0.000E+00	1375
XP_006715396.1	pdXP_035880492.1	0.892	679	73	0	2	680	1	673	0.000E+00	1375
XP_006715396.1	pdXP_035880493.1	0.892	679	73	0	2	680	1	673	0.000E+00	1375
NP_001845.3	pdXP_028358438.1	0.953	1808	85	0	1	1806	1	1808	0.000E+00	3822
NP_004361.3	pdXP_028364659.1	0.932	3064	208	0	1	3063	1	3064	0.000E+00	5993
NP_690850.2	pdXP_035882263.1	0.845	1714	265	0	1	1714	1	1709	0.000E+00	3122
NP_001835.3	pdXP_028387881.1	0.979	1487	31	0	1	1487	1	1487	0.000E+00	3247
NP_000486.1	pdXP_035872638.1	0.892	1685	182	0	1	1685	3	1685	0.000E+00	3405
NP_001836.2	pdXP_028382458.1	0.866	1675	224	0	1	1669	1	1675	0.000E+00	3294
NP_056534.2	pdXP_028376799.2	0.870	1748	227	0	1	1745	31	1778	0.000E+00	3337
NP_001840.3	pdXP_028359441.1	0.887	1019	115	0	1	1019	1	1019	0.000E+00	1942
NP_478054.2	pdXP_028359444.1	0.899	918	93	0	1	918	1	918	0.000E+00	1777
NP_775736.2	pdXP_035870811.1	0.854	545	79	0	1	540	1	545	0.000E+00	1012
NP_001243003.1	pdXP_035881393.1	0.905	635	59	0	1	618	1	635	0.000E+00	1256
NP_000082.2	pdXP_028365192.1	0.793	1675	345	0	1	1669	1	1675	0.000E+00	2976
NP_116277.2	pdXP_028369172.1	0.867	1860	245	0	1	1860	1	1841	0.000E+00	3500
NP_001837.2	pdXP_028382457.1	0.808	1712	328	0	1	1712	1	1710	0.000E+00	3101
NP_001837.2	pdXP_035867348.1	0.808	1712	328	0	1	1712	1	1710	0.000E+00	3101
NP_001837.2	pdXP_035867349.1	0.808	1712	328	0	1	1712	1	1710	0.000E+00	3101
NP_001032852.2	pdXP_035866189.1	0.796	1154	229	0	1	1125	1	1154	0.000E+00	1974
NP_001032852.2	pdXP_035866190.1	0.796	1154	229	0	1	1125	1	1154	0.000E+00	1974
NP_000484.2	pdXP_028365395.1	0.892	679	73	0	2	680	1	673	0.000E+00	1375
NP_000484.2	pdXP_035880492.1	0.892	679	73	0	2	680	1	673	0.000E+00	1375
NP_000484.2	pdXP_035880493.1	0.892	679	73	0	2	680	1	673	0.000E+00	1375
NP_569712.2	pdXP_028359433.1	0.758	1335	320	0	1	1335	1	1324	0.000E+00	2213
NP_001849.2	pdXP_035880208.1	0.856	1141	163	0	1	1141	50	1185	0.000E+00	2170
NP_000079.2	pdXP_028375444.1	0.946	1464	79	0	1	1464	1	1458	0.000E+00	3105
NP_001265227.1	pdXP_035886528.1	0.739	2612	679	0	1	2612	1	2603	0.000E+00	4009
NP_001096078.1	pdXP_028373656.2	0.822	2264	402	0	2	2263	3	2266	0.000E+00	3849
NP_004360.2	pdXP_035878563.1	0.748	3299	800	0	1	3177	1	3299	0.000E+00	5053
NP_066933.1	pdXP_028389848.1	0.910	1796	161	0	1	1796	1	1795	0.000E+00	3458
XP_005251116.1	pdXP_035887274.1	0.911	1780	158	0	1	1780	1	1779	0.000E+00	3427
XP_006716714.1	pdXP_028389848.1	0.910	1796	161	0	1	1796	1	1795	0.000E+00	3458
NP_001846.3	pdXP_035877859.1	0.755	1388	338	0	1	1388	1	1379	0.000E+00	2210
NP_001846.3	pdXP_035877860.1	0.755	1388	338	0	1	1388	1	1379	0.000E+00	2210
NP_001847.3	pdXP_035881568.1	0.868	1625	212	0	1	1604	1	1625	0.000E+00	3133
NP_001847.3	pdXP_035881569.1	0.868	1625	212	0	1	1604	1	1625	0.000E+00	3133
NP_000485.3	pdXP_035883150.1	0.789	1497	306	0	1	1497	1	1449	0.000E+00	2480
NP_085059.2	pdXP_035873401.1	0.722	1516	421	0	1	1515	1	1516	0.000E+00	2376
NP_149162.2	pdXP_035875015.1	0.981	1418	27	0	1	1418	1	1418	0.000E+00	3096
NP_542196.2	pdXP_035870933.1	0.931	1859	125	0	1	1818	1	1859	0.000E+00	3815
NP_542411.2	pdXP_028366340.1	0.946	1736	94	0	1	1736	1	1735	0.000E+00	3602
NP_542411.2	pdXP_035879804.1	0.946	1736	94	0	1	1736	1	1735	0.000E+00	3602
NP_000384.2	pdXP_028364519.1	0.964	1499	54	0	1	1499	1	1499	0.000E+00	3240
NP_001839.2	pdXP_028359451.1	0.897	1028	106	0	1	1028	1	1027	0.000E+00	1986
