NP_000484.2	pgXP_039726689.1	0.911	680	60	0	1	680	1	680	0.000E+00	1392
NP_000484.2	pgXP_039726690.1	0.911	680	60	0	1	680	1	680	0.000E+00	1392
XP_006715395.1	pgXP_039726689.1	0.911	680	60	0	1	680	1	680	0.000E+00	1392
XP_006715395.1	pgXP_039726690.1	0.911	680	60	0	1	680	1	680	0.000E+00	1392
NP_001841.2	pgXP_039712880.1	0.934	744	49	0	1	744	1	743	0.000E+00	1580
NP_065084.2	pgXP_039712880.1	0.934	744	49	0	1	744	1	743	0.000E+00	1580
NP_005193.1	pgXP_039706963.1	0.946	706	38	0	1	703	1	706	0.000E+00	1501
NP_005193.1	pgXP_039706964.1	0.946	706	38	0	1	703	1	706	0.000E+00	1501
NP_005193.1	pgXP_039706965.1	0.946	706	38	0	1	703	1	706	0.000E+00	1501
NP_511040.2	pgXP_039709047.1	0.926	679	50	0	1	677	1	679	0.000E+00	1422
NP_001843.1	pgXP_039732588.1	0.915	687	58	0	3	689	2	688	0.000E+00	1399
XP_006710428.1	pgXP_039732588.1	0.915	687	58	0	3	689	2	688	0.000E+00	1399
NP_001844.3	pgXP_039720848.1	0.787	776	144	0	6	684	2	777	0.000E+00	1312
NP_942014.1	pgXP_039704627.1	0.905	654	61	0	1	654	1	642	0.000E+00	1294
NP_001265492.1	pgXP_039704955.1	0.916	441	37	0	1	441	1	438	8.887E-286	871
NP_597714.2	pgXP_039704956.1	0.915	439	37	0	1	439	1	436	4.379E-284	866
NP_116277.2	pgXP_039722745.1	0.884	1860	214	0	1	1860	1	1847	0.000E+00	3570
NP_001840.3	pgXP_039735734.1	0.871	1019	130	0	1	1019	1	1006	0.000E+00	1889
XP_006715396.1	pgXP_039726689.1	0.911	680	60	0	1	680	1	680	0.000E+00	1392
XP_006715396.1	pgXP_039726690.1	0.911	680	60	0	1	680	1	680	0.000E+00	1392
NP_542411.2	pgXP_039712149.1	0.955	1736	78	0	1	1736	1	1736	0.000E+00	3649
NP_001265227.1	pgXP_039693038.1	0.786	2612	559	0	1	2612	1	2612	0.000E+00	4252
NP_001265227.1	pgXP_039693039.1	0.786	2612	559	0	1	2612	1	2612	0.000E+00	4252
NP_000085.1	pgXP_039692746.1	0.835	2943	467	0	1	2943	1	2831	0.000E+00	5214
NP_066933.1	pgXP_039709975.1	0.917	1797	149	0	1	1796	1	1797	0.000E+00	3480
NP_066933.1	pgXP_039709976.1	0.917	1797	149	0	1	1796	1	1797	0.000E+00	3480
NP_066933.1	pgXP_039709977.1	0.917	1797	149	0	1	1796	1	1797	0.000E+00	3480
XP_005247178.1	pgXP_039693043.1	0.839	2259	363	0	2	2260	3	2260	0.000E+00	3924
NP_000084.3	pgXP_039723541.1	0.810	1838	336	0	1	1838	1	1770	0.000E+00	3189
NP_001839.2	pgXP_039735701.1	0.895	1026	107	0	1	1026	1	1024	0.000E+00	1969
NP_001839.2	pgXP_039735702.1	0.895	1026	107	0	1	1026	1	1024	0.000E+00	1969
NP_000079.2	pgXP_039702233.1	0.961	1464	57	0	1	1464	1	1459	0.000E+00	3141
XP_005251116.1	pgXP_039709979.1	0.918	1781	146	0	1	1780	1	1781	0.000E+00	3449
NP_001845.3	pgXP_039725532.1	0.972	1806	51	0	1	1806	1	1806	0.000E+00	3889
NP_001849.2	pgXP_039709001.1	0.885	1141	131	0	1	1141	1	1140	0.000E+00	2252
NP_056534.2	pgXP_039729194.1	0.879	1746	211	0	1	1745	1	1746	0.000E+00	3358
XP_005270535.1	pgXP_039706963.1	0.946	706	38	0	1	703	1	706	0.000E+00	1501
XP_005270535.1	pgXP_039706964.1	0.946	706	38	0	1	703	1	706	0.000E+00	1501
XP_005270535.1	pgXP_039706965.1	0.946	706	38	0	1	703	1	706	0.000E+00	1501
NP_001096078.1	pgXP_039693043.1	0.839	2259	363	0	2	2260	3	2260	0.000E+00	3924
NP_001846.3	pgXP_039711979.1	0.794	1388	283	0	1	1388	1	1376	0.000E+00	2326
NP_000485.3	pgXP_039727214.1	0.836	1522	245	0	1	1497	1	1522	0.000E+00	2676
NP_569712.2	pgXP_039735690.1	0.767	1066	240	0	271	1336	4	1033	0.000E+00	1809
NP_001032852.2	pgXP_039733959.1	0.846	1148	173	0	1	1125	1	1148	0.000E+00	2071
NP_001032852.2	pgXP_039733960.1	0.846	1148	173	0	1	1125	1	1148	0.000E+00	2071
NP_001835.3	pgXP_039738130.1	0.981	1487	28	0	1	1487	1	1487	0.000E+00	3251
NP_149162.2	pgXP_039738131.1	0.983	1418	24	0	1	1418	1	1418	0.000E+00	3100
NP_000081.1	pgXP_039700152.1	0.916	1468	123	0	1	1466	1	1468	0.000E+00	3045
NP_001836.2	pgXP_039722215.1	0.905	1669	158	0	1	1669	1	1669	0.000E+00	3429
NP_001837.2	pgXP_039722214.1	0.853	1712	252	0	1	1712	1	1712	0.000E+00	3278
NP_000080.2	pgXP_039734009.1	0.934	1366	90	0	1	1366	1	1366	0.000E+00	2823
NP_065933.2	pgXP_039720726.1	0.722	1336	356	0	1	1282	1	1336	0.000E+00	1941
XP_005250867.1	pgXP_039702145.1	0.837	1606	255	0	1	1606	10	1574	0.000E+00	2923
NP_000486.1	pgXP_039735637.1	0.885	1685	184	0	1	1685	1	1599	0.000E+00	3346
NP_203699.1	pgXP_039735633.1	0.885	1691	184	0	1	1691	1	1605	0.000E+00	3360
XP_006724679.1	pgXP_039735633.1	0.885	1691	184	0	1	1691	1	1605	0.000E+00	3360
NP_110447.2	pgXP_039708867.1	0.904	957	92	0	1	957	1	957	0.000E+00	1880
NP_110447.2	pgXP_039708869.1	0.904	957	92	0	1	957	1	957	0.000E+00	1880
NP_775736.2	pgXP_039736086.1	0.842	540	79	0	1	540	1	504	1.031E-316	966
NP_690850.2	pgXP_039694664.1	0.862	1714	236	0	1	1714	1	1708	0.000E+00	3200
NP_001243003.1	pgXP_039704626.1	0.943	618	35	0	1	618	1	618	0.000E+00	1281
NP_542376.2	pgXP_039709191.1	0.955	1898	85	0	1	1896	1	1898	0.000E+00	3833
NP_542990.3	pgXP_039727934.1	0.866	703	92	0	1	686	1	703	0.000E+00	1341
NP_000082.2	pgXP_039711718.1	0.825	1672	292	0	1	1670	1	1672	0.000E+00	3114
NP_000083.3	pgXP_039711715.1	0.833	1684	281	0	8	1690	3	1686	0.000E+00	3170
NP_000083.3	pgXP_039711716.1	0.833	1684	281	0	8	1690	3	1686	0.000E+00	3170
XP_005246338.1	pgXP_039711715.1	0.833	1684	281	0	8	1690	3	1686	0.000E+00	3170
XP_005246338.1	pgXP_039711716.1	0.833	1684	281	0	8	1690	3	1686	0.000E+00	3170
XP_006716714.1	pgXP_039709975.1	0.917	1797	149	0	1	1796	1	1797	0.000E+00	3480
XP_006716714.1	pgXP_039709976.1	0.917	1797	149	0	1	1796	1	1797	0.000E+00	3480
XP_006716714.1	pgXP_039709977.1	0.917	1797	149	0	1	1796	1	1797	0.000E+00	3480
NP_378667.1	pgXP_039735686.1	0.788	1690	349	0	1	1690	1	1648	0.000E+00	2870
NP_000384.2	pgXP_039700153.1	0.972	1499	42	0	1	1499	1	1499	0.000E+00	3257
NP_001847.3	pgXP_039692799.1	0.892	1625	173	0	1	1604	1	1625	0.000E+00	3221
NP_001847.3	pgXP_039692800.1	0.892	1625	173	0	1	1604	1	1625	0.000E+00	3221
NP_001847.3	pgXP_039692797.1	0.892	1625	173	0	1	1604	14	1638	0.000E+00	3221
NP_085059.2	pgXP_039735690.1	0.767	1066	240	0	451	1516	4	1033	0.000E+00	1809
NP_004360.2	pgXP_039717484.1	0.829	3197	543	0	1	3177	100	3296	0.000E+00	5412
NP_542410.2	pgXP_039712154.1	0.963	1629	60	0	1	1629	1	1629	0.000E+00	3457
NP_004361.3	pgXP_039709190.1	0.950	3065	153	0	1	3063	1	3065	0.000E+00	6083
