NP_005802.1	ajXP_037000028.1	0.987	407	5	0	1	407	1	405	6.545E-280	852
XP_006719257.1	ajXP_037000028.1	0.987	407	5	0	1	407	1	405	6.545E-280	852
NP_004855.2	ajXP_036997943.2	0.618	309	117	0	1	308	1	309	4.820E-120	385
NP_057288.1	ajXP_037014354.1	0.790	429	90	0	1	429	1	429	1.213E-231	714
NP_065685.1	ajXP_037023745.1	0.841	365	58	0	1	364	1	365	1.571E-213	658
NP_000548.2	ajXP_037020563.1	0.954	501	23	0	1	501	1	499	0.000E+00	1003
NP_001001557.1	ajXP_036986962.2	0.880	461	54	0	1	455	1	461	5.702E-271	829
NP_005251.1	ajXP_036985853.2	0.716	454	127	0	1	454	1	449	9.226E-212	658
NP_000505.1	ajXP_036984955.2	0.943	211	12	0	1	211	1	211	8.655E-135	422
NP_000470.2	ajXP_036993795.2	0.744	565	142	0	5	560	36	600	6.547E-269	829
NP_001137.2	ajXP_053517178.1	0.927	498	36	0	1	498	1	496	0.000E+00	987
NP_001186788.1	ajXP_053517180.1	0.927	497	36	0	1	497	1	495	4.941E-324	985
NP_001112359.1	ajXP_036989801.2	0.856	495	71	0	1	495	1	495	7.496E-297	906
NP_001138.1	ajXP_036989800.2	0.856	496	71	0	1	496	1	496	1.592E-297	908
NP_057069.1	ajXP_036999050.2	0.676	497	160	0	7	503	1	495	1.629E-220	686
NP_057069.1	ajXP_053526978.1	0.676	497	160	0	7	503	1	495	1.629E-220	686
NP_004664.1	ajXP_053519681.1	0.865	491	66	0	1	491	1	491	8.789E-302	920
NP_004664.1	ajXP_037001487.2	0.865	491	66	0	1	491	1	491	8.789E-302	920
NP_006063.1	ajXP_053511326.1	0.627	94	35	0	1	94	9	102	4.614E-35	128
NP_006063.1	ajXP_053511327.1	0.627	94	35	0	1	94	9	102	4.614E-35	128
NP_006063.1	ajXP_053511328.1	0.627	94	35	0	1	94	9	102	4.614E-35	128
NP_006063.1	ajXP_036995007.2	0.627	94	35	0	1	94	9	102	4.614E-35	128
NP_006655.1	ajXP_037007507.1	0.651	112	39	0	1	112	1	112	2.376E-42	150
NP_683513.1	ajXP_037020322.2	0.714	126	36	0	1	126	1	126	4.863E-58	196
NP_001001437.2	ajXP_037018084.2	0.774	93	21	0	1	93	1	93	7.827E-45	156
NP_066286.1	ajXP_037018084.2	0.774	93	21	0	1	93	1	93	7.827E-45	156
NP_002975.1	ajXP_037018055.2	0.858	92	13	0	1	92	1	92	9.022E-51	173
NP_001321.1	ajXP_036990240.2	0.810	201	38	0	1	201	1	200	3.280E-98	316
NP_002987.1	ajXP_053519257.1	0.501	412	195	0	6	397	5	416	1.090E-116	380
NP_005614.2	ajXP_037023173.2	0.666	99	33	0	1	99	1	99	7.814E-40	142
NP_115934.1	ajXP_053521446.1	0.588	204	79	0	8	211	8	199	3.976E-72	242
XP_005247907.1	ajXP_053513830.1	0.813	955	178	0	1	952	1	955	0.000E+00	1661
NP_001171601.1	ajXP_037012104.2	0.791	1094	228	0	1	1094	1	1094	0.000E+00	1890
NP_003004.1	ajXP_037024014.1	0.979	295	6	0	1	295	1	294	2.293E-200	616
NP_001165599.1	ajXP_053514940.1	0.709	1330	376	0	1	1330	47	1339	0.000E+00	1815
NP_002181.1	ajXP_037015449.2	0.677	155	49	0	1	155	1	153	1.246E-69	231
NP_055258.1	ajXP_037017747.1	0.933	180	12	0	1	180	1	180	5.966E-115	363
NP_037410.1	ajXP_036998358.2	0.761	197	46	0	3	197	2	198	1.627E-95	308
NP_005439.2	ajXP_037014845.2	0.713	393	112	0	1	391	1	393	4.961E-188	586
NP_001191.1	ajXP_037003711.2	0.941	396	23	0	1	396	1	394	3.567E-255	780
NP_001192.2	ajXP_037011556.2	0.862	474	65	0	1	472	1	474	4.266E-274	839
NP_001193.2	ajXP_037011687.1	0.977	409	9	0	1	408	1	409	8.248E-278	846
NP_001193.2	ajXP_037011685.1	0.977	409	9	0	1	408	13	421	8.248E-278	846
NP_570911.2	ajXP_037011687.1	0.977	409	9	0	1	408	1	409	8.248E-278	846
NP_570911.2	ajXP_037011685.1	0.977	409	9	0	1	408	13	421	8.248E-278	846
NP_570912.2	ajXP_037011687.1	0.977	409	9	0	1	408	1	409	8.248E-278	846
NP_570912.2	ajXP_037011685.1	0.977	409	9	0	1	408	13	421	8.248E-278	846
XP_005268072.1	ajXP_037011687.1	0.977	409	9	0	1	408	1	409	8.248E-278	846
XP_005268072.1	ajXP_037011685.1	0.977	409	9	0	1	408	13	421	8.248E-278	846
NP_066551.1	ajXP_037007978.1	0.975	454	11	0	1	454	1	454	2.218E-307	934
NP_001709.1	ajXP_036997643.2	0.871	513	65	0	1	513	1	504	9.077E-304	927
NP_001710.1	ajXP_036989567.2	0.965	431	15	0	1	431	1	431	8.019E-290	882
NP_057070.3	ajXP_037002711.2	0.949	438	22	0	5	442	1	438	7.245E-288	877
XP_006711409.1	ajXP_053526715.1	0.635	499	180	0	1	495	1	499	4.175E-196	615
NP_000748.3	ajXP_037008343.2	0.646	554	196	0	1	554	1	554	2.541E-222	694
NP_757350.1	ajXP_037008344.2	0.647	256	90	0	1	256	1	256	2.710E-101	328
NP_757351.1	ajXP_037008343.2	0.646	554	196	0	1	554	1	554	2.541E-222	694
NP_000749.2	ajXP_036985862.1	0.715	144	40	0	1	144	1	143	2.447E-65	218
NP_005238.1	ajXP_036991117.1	0.873	220	27	0	1	215	1	220	6.799E-126	398
NP_001998.1	ajXP_036991133.2	0.907	206	19	0	1	206	1	203	1.155E-120	381
NP_005109.2	ajXP_036995355.2	0.806	252	49	0	1	251	19	270	1.503E-131	415
NP_005083.2	ajXP_037023380.2	0.631	182	66	0	17	198	33	213	1.949E-77	256
NP_003317.1	ajXP_037023307.2	0.626	182	67	0	1	182	1	180	5.916E-66	222
NP_001235.1	ajXP_036995353.1	0.794	234	48	0	1	234	1	234	5.924E-125	395
NP_003802.1	ajXP_037021182.2	0.579	256	105	0	1	250	1	256	9.530E-77	257
XP_006722994.1	ajXP_037021182.2	0.579	256	105	0	1	250	1	256	9.530E-77	257
NP_000538.3	ajXP_053522962.1	0.707	915	267	0	1	915	201	1112	0.000E+00	1369
NP_835228.2	ajXP_036995686.2	0.878	388	47	0	1	388	1	388	5.621E-246	753
NP_114123.2	ajXP_036985003.2	0.868	470	61	0	1	470	1	466	2.257E-280	857
NP_066969.1	ajXP_037021535.2	0.904	346	33	0	1	346	1	344	3.924E-220	676
NP_001648.1	ajXP_037006063.2	0.688	252	77	0	1	252	1	249	4.923E-110	353
NP_001129687.1	ajXP_053516536.1	0.785	228	48	0	1	228	1	226	3.358E-111	355
NP_476431.2	ajXP_053516536.1	0.785	228	48	0	1	228	1	226	3.358E-111	355
NP_476432.2	ajXP_037005585.2	0.781	220	48	0	1	220	1	218	1.521E-107	344
NP_003387.1	ajXP_037019640.1	0.958	358	15	0	1	357	1	358	2.520E-239	732
NP_001177397.1	ajXP_036984955.2	0.943	211	12	0	18	228	1	211	1.928E-134	422
NP_001177398.1	ajXP_036984957.2	0.940	185	11	0	18	202	1	185	1.271E-117	372
NP_001265027.1	ajXP_036984956.2	0.930	159	11	0	1	159	1	159	4.142E-100	319
NP_001157030.1	ajXP_036987168.2	0.717	216	61	0	12	227	15	230	5.606E-105	337
XP_006711531.1	ajXP_037018376.2	0.922	103	8	0	1	103	1	103	7.249E-59	197
XP_006711531.1	ajXP_053522287.1	0.922	103	8	0	1	103	1	103	7.249E-59	197
NP_525127.1	ajXP_037018406.2	0.912	103	9	0	1	103	1	103	6.904E-59	197
NP_525127.1	ajXP_037018407.2	0.912	103	9	0	1	103	1	103	6.904E-59	197
NP_525127.1	ajXP_037018408.2	0.912	103	9	0	1	103	1	103	6.904E-59	197
XP_005244962.1	ajXP_037018406.2	0.912	103	9	0	1	103	1	103	6.904E-59	197
XP_005244962.1	ajXP_037018407.2	0.912	103	9	0	1	103	1	103	6.904E-59	197
XP_005244962.1	ajXP_037018408.2	0.912	103	9	0	1	103	1	103	6.904E-59	197
XP_005244963.1	ajXP_037018406.2	0.912	103	9	0	1	103	1	103	6.904E-59	197
XP_005244963.1	ajXP_037018407.2	0.912	103	9	0	1	103	1	103	6.904E-59	197
XP_005244963.1	ajXP_037018408.2	0.912	103	9	0	1	103	1	103	6.904E-59	197
NP_005969.1	ajXP_037018369.2	0.677	96	30	0	1	96	1	95	1.070E-35	130
NP_148983.1	ajXP_053512958.1	0.908	196	18	0	1	196	1	196	1.762E-119	377
XP_006715796.1	ajXP_036993751.1	0.909	211	19	0	1	211	1	211	6.864E-129	405
XP_006715796.1	ajXP_036993752.1	0.909	211	19	0	1	211	1	211	6.864E-129	405
XP_006715796.1	ajXP_036993753.1	0.909	211	19	0	1	211	1	211	6.864E-129	405
XP_006715796.1	ajXP_036993746.1	0.909	211	19	0	1	211	55	265	6.864E-129	405
NP_057289.1	ajXP_036981625.1	0.944	345	19	0	1	345	1	345	1.630E-229	703
NP_057289.1	ajXP_036981626.1	0.944	345	19	0	1	345	1	345	1.630E-229	703
NP_079484.1	ajXP_036997559.2	0.900	370	37	0	1	370	1	370	3.012E-235	721
NP_149126.1	ajXP_036997560.2	0.898	364	37	0	1	364	1	364	7.314E-231	708
NP_002610.1	ajXP_037006108.2	0.650	103	35	0	1	101	1	103	5.801E-36	131
XP_005250572.1	ajXP_037006260.1	0.958	168	7	0	1	168	1	168	4.929E-111	351
NP_001116437.1	ajXP_053526018.1	0.639	784	281	0	1	784	1	779	0.000E+00	1049
NP_002407.1	ajXP_037006132.2	0.613	119	44	0	1	119	1	114	1.947E-42	151
NP_066382.1	ajXP_036990942.1	0.969	396	12	0	1	396	1	396	1.873E-262	801
NP_001244138.1	ajXP_053522475.1	0.922	155	12	0	1	155	1	155	1.016E-96	309
NP_001244138.1	ajXP_053522476.1	0.922	155	12	0	1	155	1	155	1.016E-96	309
NP_001244138.1	ajXP_036997621.2	0.922	155	12	0	1	155	1	155	1.016E-96	309
NP_001244139.1	ajXP_053522475.1	0.922	155	12	0	1	155	1	155	1.016E-96	309
NP_001244139.1	ajXP_053522476.1	0.922	155	12	0	1	155	1	155	1.016E-96	309
NP_001244139.1	ajXP_036997621.2	0.922	155	12	0	1	155	1	155	1.016E-96	309
NP_149127.1	ajXP_053522477.1	0.883	60	7	0	1	60	1	60	5.286E-33	120
NP_004456.1	ajXP_037000999.1	0.980	209	4	0	1	208	1	209	9.457E-141	439
XP_005248321.1	ajXP_037000999.1	0.980	209	4	0	1	208	1	209	9.457E-141	439
NP_004103.1	ajXP_036985125.1	0.968	225	7	0	1	225	1	225	2.674E-146	456
NP_004104.3	ajXP_053523192.1	1.000	181	0	0	1	181	1	181	1.745E-120	379
NP_004104.3	ajXP_053523194.1	1.000	181	0	0	1	181	1	181	1.745E-120	379
NP_009016.1	ajXP_053519110.1	0.964	308	11	0	1	308	1	306	9.043E-209	641
NP_009016.1	ajXP_036995701.1	0.964	308	11	0	1	308	24	329	9.043E-209	641
NP_005851.1	ajXP_036994961.1	0.851	263	39	0	1	263	1	262	1.214E-165	514
NP_003203.1	ajXP_036985052.2	0.695	184	54	0	3	186	22	199	1.366E-84	276
NP_003227.1	ajXP_053519377.1	0.887	160	18	0	1	160	1	160	2.870E-96	308
NP_000651.3	ajXP_053523548.1	0.920	390	31	0	1	390	1	390	9.489E-250	764
NP_001129071.1	ajXP_036996542.2	0.957	442	19	0	1	442	1	442	1.017E-292	891
NP_005400.1	ajXP_037006126.2	0.752	93	23	0	1	93	1	93	1.117E-41	147
NP_000600.1	ajXP_036994207.1	0.935	93	6	0	1	93	1	93	1.273E-55	187
NP_001029058.1	ajXP_036994206.1	0.949	119	6	0	1	119	1	119	8.343E-73	238
NP_001171605.1	ajXP_036994208.1	0.797	138	28	0	1	138	1	137	6.176E-70	231
NP_000790.2	ajXP_036990785.1	0.824	193	34	0	1	193	1	193	4.582E-99	318
NP_001423.1	ajXP_037006104.1	0.730	156	42	0	15	169	6	161	1.961E-71	237
NP_000630.1	ajXP_037023409.2	0.818	281	50	0	1	281	1	274	5.907E-157	490
NP_078613.1	ajXP_037008404.2	0.971	392	11	0	1	391	1	392	1.436E-271	827
NP_110380.1	ajXP_037019477.1	0.988	355	4	0	1	355	1	355	2.344E-256	781
NP_149122.1	ajXP_036996368.1	0.931	352	24	0	1	352	1	352	4.428E-239	731
NP_110388.2	ajXP_036991843.1	1.000	351	0	0	1	351	1	351	2.658E-244	746
NP_003383.2	ajXP_036998192.1	0.986	380	5	0	1	380	1	380	3.311E-265	808
NP_110402.2	ajXP_036995707.2	0.913	359	31	0	1	359	1	358	4.005E-235	720
NP_002956.1	ajXP_036982248.2	0.588	107	43	0	6	110	3	109	4.764E-36	132
NP_002956.1	ajXP_036982257.2	0.588	107	43	0	6	110	3	109	4.764E-36	132
NP_002956.1	ajXP_036982243.2	0.588	107	43	0	6	110	50	156	4.764E-36	132
NP_066360.1	ajXP_037014392.1	1.000	243	0	0	1	243	1	243	1.528E-161	501
NP_001132970.1	ajXP_053518377.1	0.989	199	2	0	1	199	1	199	1.590E-130	409
NP_001191432.1	ajXP_053515757.1	0.748	223	55	0	1	220	1	223	2.153E-102	330
NP_001191432.1	ajXP_036996803.2	0.748	223	55	0	1	220	1	223	2.153E-102	330
NP_001450.2	ajXP_053515757.1	0.748	223	55	0	1	220	1	223	2.153E-102	330
NP_001450.2	ajXP_036996803.2	0.748	223	55	0	1	220	1	223	2.153E-102	330
XP_006723180.1	ajXP_036996804.2	0.741	205	52	0	1	202	1	205	5.362E-92	299
NP_001454.2	ajXP_036987081.1	0.972	326	9	0	1	325	1	326	7.243E-220	674
NP_006341.1	ajXP_037001014.1	0.949	317	16	0	1	317	1	317	8.352E-223	682
NP_037541.1	ajXP_037001012.1	0.953	344	16	0	1	344	1	344	2.525E-241	737
NP_689642.3	ajXP_037012505.2	0.693	259	79	0	1	258	1	259	8.261E-116	370
NP_004460.1	ajXP_037013420.2	0.844	354	55	0	1	354	1	351	6.847E-218	670
NP_001191431.1	ajXP_053515757.1	0.748	223	55	0	1	220	1	223	2.153E-102	330
NP_001191431.1	ajXP_036996803.2	0.748	223	55	0	1	220	1	223	2.153E-102	330
NP_005420.1	ajXP_037002444.2	0.836	416	68	0	1	416	1	416	6.561E-260	795
NP_940972.2	ajXP_037011935.2	0.887	319	35	0	7	325	1	309	2.908E-204	629
NP_001073969.1	ajXP_037019453.1	0.986	222	3	0	1	222	1	222	8.568E-166	512
NP_444514.1	ajXP_037013119.2	0.874	548	69	0	1	548	1	547	0.000E+00	1035
NP_002382.1	ajXP_037022118.2	0.930	143	10	0	1	143	1	143	3.427E-94	301
NP_001243474.1	ajXP_036994109.2	0.940	1139	68	0	1	1139	1	1139	0.000E+00	2548
NP_115822.1	ajXP_036994109.2	0.940	1139	68	0	1	1139	1	1139	0.000E+00	2548
NP_115821.2	ajXP_037011646.2	0.955	991	45	0	1	991	1	991	0.000E+00	2271
NP_001400.3	ajXP_037002891.2	0.757	1581	366	0	9	1515	7	1587	0.000E+00	2894
NP_001258867.1	ajXP_037015896.2	0.915	2845	237	0	1	2845	1	2787	0.000E+00	5783
NP_001073966.2	ajXP_036983330.2	0.843	605	94	0	1	602	1	605	0.000E+00	1089
NP_066278.3	ajXP_036984416.2	0.857	724	103	0	1	724	10	733	0.000E+00	1414
NP_005250.1	ajXP_037018867.1	0.976	375	9	0	1	375	1	375	1.111E-257	786
NP_002160.1	ajXP_037010586.2	0.682	186	59	0	1	186	1	186	3.838E-82	269
NP_002167.1	ajXP_037009801.2	0.486	185	94	0	1	185	1	184	2.805E-50	177
NP_795372.1	ajXP_037014207.2	0.698	189	57	0	1	189	1	189	3.711E-83	273
NP_000610.2	ajXP_036991924.2	0.632	166	61	0	1	166	1	166	8.145E-63	212
NP_002168.1	ajXP_037001854.2	0.571	189	81	0	1	189	1	189	1.742E-59	204
XP_006710728.1	ajXP_053511822.1	0.883	241	28	0	1	241	1	241	1.524E-143	449
XP_006710728.1	ajXP_053511823.1	0.883	241	28	0	1	241	1	241	1.524E-143	449
NP_060525.3	ajXP_036986423.2	0.850	347	52	0	1	347	1	347	1.064E-200	620
NP_039258.1	ajXP_036984795.2	0.923	641	49	0	1	640	1	641	0.000E+00	1221
NP_004874.1	ajXP_037003393.2	0.918	857	70	0	1	850	1	857	0.000E+00	1624
NP_053584.1	ajXP_037003394.2	0.917	851	70	0	1	844	1	851	0.000E+00	1610
NP_001711.2	ajXP_053516711.1	0.883	402	47	0	1	402	1	402	4.845E-246	754
NP_066988.1	ajXP_037001474.2	0.943	783	45	0	1	783	1	783	0.000E+00	1564
XP_005245436.1	ajXP_037001474.2	0.943	783	45	0	1	783	1	783	0.000E+00	1564
NP_950252.1	ajXP_036998809.2	0.963	766	28	0	1	766	1	766	0.000E+00	1560
XP_005245175.1	ajXP_036998809.2	0.963	766	28	0	1	766	1	766	0.000E+00	1560
XP_005245176.1	ajXP_036998809.2	0.963	766	28	0	1	766	1	766	0.000E+00	1560
XP_005245177.1	ajXP_036998809.2	0.963	766	28	0	1	766	1	766	0.000E+00	1560
NP_001720.1	ajXP_037019401.2	0.696	178	52	0	1	178	1	171	1.523E-78	258
NP_000609.1	ajXP_037016282.1	0.941	153	9	0	1	153	1	153	8.381E-98	312
NP_001104754.1	ajXP_037016284.1	0.934	137	9	0	1	137	1	137	2.508E-86	278
NP_001104755.1	ajXP_037016280.1	0.892	186	20	0	1	185	1	186	3.590E-111	353
NP_001104753.1	ajXP_037016281.1	0.924	159	12	0	1	158	1	159	4.787E-98	313
NP_000603.1	ajXP_037012251.1	0.851	182	26	0	1	178	1	182	2.495E-99	318
NP_000603.1	ajXP_053514505.1	0.851	182	26	0	1	178	1	182	2.495E-99	318
NP_001007140.2	ajXP_037012251.1	0.851	182	26	0	1	178	1	182	2.495E-99	318
NP_001007140.2	ajXP_053514505.1	0.851	182	26	0	1	178	1	182	2.495E-99	318
NP_001121070.1	ajXP_037012251.1	0.851	182	26	0	57	234	1	182	3.254E-98	318
NP_001121070.1	ajXP_053514505.1	0.851	182	26	0	57	234	1	182	3.254E-98	318
NP_001278790.1	ajXP_037012251.1	0.851	182	26	0	1	178	1	182	2.495E-99	318
NP_001278790.1	ajXP_053514505.1	0.851	182	26	0	1	178	1	182	2.495E-99	318
NP_001278791.1	ajXP_037012251.1	0.851	182	26	0	1	178	1	182	2.495E-99	318
NP_001278791.1	ajXP_053514505.1	0.851	182	26	0	1	178	1	182	2.495E-99	318
NP_002172.2	ajXP_037011401.1	0.946	411	22	0	1	411	1	410	2.610E-266	813
NP_000563.1	ajXP_037011194.1	0.807	177	34	0	1	177	1	177	1.990E-92	298
NP_000632.1	ajXP_053512735.1	0.924	199	15	0	1	199	1	199	1.847E-120	380
NP_000873.2	ajXP_053513547.1	0.803	219	43	0	35	253	1	219	3.050E-107	345
NP_002178.2	ajXP_037008161.2	0.854	329	48	0	1	328	1	329	8.418E-194	599
NP_000576.1	ajXP_036981969.1	0.782	161	35	0	1	161	1	161	2.225E-83	271
NP_000576.1	ajXP_053514474.1	0.782	161	35	0	1	161	1	161	2.225E-83	271
NP_000576.1	ajXP_036981970.1	0.782	161	35	0	1	161	1	161	2.225E-83	271
NP_001257918.1	ajXP_037006061.2	0.792	154	31	0	1	154	1	149	5.501E-78	255
NP_001257921.1	ajXP_053511624.1	0.718	103	27	0	1	103	1	98	3.127E-43	152
XP_005273733.1	ajXP_037008742.1	0.946	205	11	0	1	205	1	205	4.277E-131	411
NP_003853.1	ajXP_036983791.1	0.995	206	1	0	1	206	1	206	1.090E-138	433
NP_005108.1	ajXP_036991116.1	0.772	215	49	0	2	216	5	219	5.183E-109	348
NP_001997.5	ajXP_053514250.1	0.773	286	62	0	3	288	67	341	7.201E-141	444
NP_062825.1	ajXP_036984832.1	0.962	211	8	0	1	211	1	211	5.929E-139	434
NP_061986.1	ajXP_037013683.1	0.794	209	43	0	1	209	1	208	4.525E-107	342
XP_005258788.1	ajXP_037013683.1	0.794	209	43	0	1	209	1	208	4.525E-107	342
NP_065689.1	ajXP_037008780.2	0.789	250	52	0	1	250	1	247	8.145E-130	410
NP_612141.1	ajXP_053519479.1	0.768	176	40	0	2	177	203	375	2.351E-85	279
NP_443104.1	ajXP_037015468.2	0.564	163	68	0	1	163	1	156	6.838E-55	189
NP_001553.1	ajXP_037010898.2	0.715	193	55	0	1	193	1	193	2.169E-90	293
NP_037503.2	ajXP_037011200.2	0.796	172	35	0	1	172	1	172	2.781E-88	286
NP_715639.1	ajXP_037011200.2	0.796	172	35	0	39	210	1	172	1.577E-87	286
NP_000566.3	ajXP_053520622.1	0.693	270	82	0	1	270	1	269	2.327E-110	355
NP_000566.3	ajXP_037023896.1	0.693	270	82	0	1	270	1	269	2.327E-110	355
NP_000567.1	ajXP_037023898.2	0.637	269	97	0	1	269	1	268	2.794E-107	346
NP_115945.4	ajXP_037006024.1	0.900	151	15	0	1	151	1	151	1.571E-90	291
NP_775184.1	ajXP_037006024.1	0.900	151	15	0	1	151	1	151	1.571E-90	291
NP_036407.1	ajXP_037006023.1	0.806	155	30	0	1	155	1	155	7.921E-83	269
NP_775262.1	ajXP_037006023.1	0.806	155	30	0	1	155	1	155	7.921E-83	269
XP_005263695.1	ajXP_037006023.1	0.806	155	30	0	1	155	1	155	7.921E-83	269
NP_775294.1	ajXP_053520509.1	0.570	198	84	0	1	197	1	198	1.097E-65	222
NP_775270.1	ajXP_037006028.2	0.605	152	60	0	4	155	5	156	7.213E-60	203
NP_776214.1	ajXP_037006031.2	0.789	176	37	0	1	176	1	176	7.765E-94	302
NP_776215.1	ajXP_053520488.1	0.809	142	27	0	1	142	1	142	6.604E-79	257
XP_005263718.1	ajXP_053520488.1	0.809	142	27	0	1	142	1	142	6.604E-79	257
XP_006712560.1	ajXP_053520488.1	0.809	142	27	0	1	142	1	142	6.604E-79	257
NP_000577.2	ajXP_036985805.2	0.564	154	66	0	1	153	1	154	6.406E-51	177
NP_061194.2	ajXP_037011225.2	0.771	175	40	0	1	175	1	175	6.493E-87	282
NP_065386.1	ajXP_036988967.2	0.815	179	33	0	1	179	1	179	9.378E-93	299
NP_001166242.1	ajXP_037010056.2	0.755	209	51	0	1	209	1	209	3.954E-107	344
NP_001166243.1	ajXP_053522564.1	0.757	210	51	0	1	210	1	210	8.380E-108	346
NP_001166243.1	ajXP_053522565.1	0.757	210	51	0	1	210	1	210	8.380E-108	346
NP_001166243.1	ajXP_053522566.1	0.757	210	51	0	1	210	1	210	8.380E-108	346
NP_001166243.1	ajXP_053522567.1	0.757	210	51	0	1	210	1	210	8.380E-108	346
NP_001166243.1	ajXP_053522568.1	0.757	210	51	0	1	210	1	210	8.380E-108	346
NP_689669.2	ajXP_053522564.1	0.757	210	51	0	1	210	1	210	8.380E-108	346
NP_689669.2	ajXP_053522565.1	0.757	210	51	0	1	210	1	210	8.380E-108	346
NP_689669.2	ajXP_053522566.1	0.757	210	51	0	1	210	1	210	8.380E-108	346
NP_689669.2	ajXP_053522567.1	0.757	210	51	0	1	210	1	210	8.380E-108	346
NP_689669.2	ajXP_053522568.1	0.757	210	51	0	1	210	1	210	8.380E-108	346
NP_000580.1	ajXP_036985898.2	0.536	150	62	0	1	150	1	135	2.773E-43	155
NP_000591.1	ajXP_036992200.2	0.551	212	92	0	1	212	1	207	2.705E-71	239
NP_000871.1	ajXP_037005991.1	0.661	177	59	0	1	177	1	176	1.051E-73	244
NP_001137453.1	ajXP_053513471.1	0.922	453	35	0	7	458	1	453	2.030E-310	943
NP_001132972.1	ajXP_053518371.1	0.992	255	2	0	1	255	1	255	2.345E-171	530
NP_001132972.1	ajXP_053518372.1	0.992	255	2	0	1	255	1	255	2.345E-171	530
NP_001132972.1	ajXP_053518373.1	0.992	255	2	0	1	255	1	255	2.345E-171	530
NP_001132972.1	ajXP_053518375.1	0.992	255	2	0	1	255	1	255	2.345E-171	530
NP_001132972.1	ajXP_053518376.1	0.992	255	2	0	1	255	1	255	2.345E-171	530
NP_004105.1	ajXP_037001945.1	0.991	245	2	0	1	245	1	245	1.680E-161	501
XP_005262456.1	ajXP_053518371.1	0.992	255	2	0	1	255	1	255	2.345E-171	530
XP_005262456.1	ajXP_053518372.1	0.992	255	2	0	1	255	1	255	2.345E-171	530
XP_005262456.1	ajXP_053518373.1	0.992	255	2	0	1	255	1	255	2.345E-171	530
XP_005262456.1	ajXP_053518375.1	0.992	255	2	0	1	255	1	255	2.345E-171	530
XP_005262456.1	ajXP_053518376.1	0.992	255	2	0	1	255	1	255	2.345E-171	530
NP_004106.1	ajXP_037023907.1	0.995	247	1	0	1	247	1	247	1.394E-164	510
NP_787125.1	ajXP_053526308.1	0.996	252	1	0	1	252	1	252	1.852E-172	533
NP_954701.1	ajXP_036984957.2	0.940	185	11	0	1	185	1	185	5.686E-118	372
NP_000506.2	ajXP_036983937.2	0.607	217	81	0	1	217	16	222	7.999E-79	261
NP_001936.1	ajXP_037003592.2	0.855	208	30	0	1	208	1	208	3.407E-118	374
NP_005325.2	ajXP_037007064.2	0.918	2053	167	0	1	2035	1	2053	0.000E+00	3801
XP_006718538.1	ajXP_036991133.2	0.907	206	19	0	1	206	1	203	1.155E-120	381
NP_004455.2	ajXP_037011420.2	0.910	268	24	0	1	268	1	266	2.445E-160	499
NP_066276.2	ajXP_037008782.1	0.937	208	13	0	1	208	1	208	5.957E-129	405
NP_002000.1	ajXP_037012418.1	0.953	194	9	0	1	194	1	194	7.494E-128	401
NP_006110.1	ajXP_037015401.1	1.000	215	0	0	1	215	1	215	4.468E-144	449
NP_149353.1	ajXP_037015399.1	0.991	244	2	0	1	244	1	244	1.603E-161	501
NP_001483.3	ajXP_036997999.2	0.773	372	84	0	1	372	1	371	6.432E-184	573
NP_004953.1	ajXP_037014331.2	0.835	474	78	0	5	478	5	477	2.145E-267	820
NP_004953.1	ajXP_037014332.2	0.835	474	78	0	5	478	5	477	2.145E-267	820
NP_116031.1	ajXP_036995707.2	0.913	359	31	0	1	359	1	358	4.005E-235	720
NP_006513.1	ajXP_037011374.1	0.950	365	18	0	1	365	1	365	4.679E-245	749
NP_004616.2	ajXP_037023411.1	0.994	349	2	0	1	349	1	349	3.381E-249	760
NP_478679.1	ajXP_037016683.1	0.988	349	4	0	1	349	1	349	3.710E-248	757
NP_490645.1	ajXP_037003607.2	0.905	350	33	0	1	350	1	350	2.596E-227	697
NP_003384.2	ajXP_037015390.2	0.968	351	11	0	1	351	1	351	3.851E-240	734
NP_001137278.1	ajXP_053528929.1	0.983	247	4	0	1	247	1	247	3.098E-164	509
NP_001137278.1	ajXP_037001930.1	0.983	247	4	0	1	247	1	247	3.098E-164	509
NP_003368.1	ajXP_036996083.1	0.913	207	18	0	1	207	1	207	2.556E-129	406
NP_005421.1	ajXP_036991271.1	0.989	370	4	0	1	370	1	370	6.063E-262	798
NP_079492.2	ajXP_037011372.1	0.949	418	21	0	1	417	1	418	1.607E-283	863
NP_003385.2	ajXP_036991803.2	0.969	389	12	0	1	389	1	389	7.759E-269	819
NP_003385.2	ajXP_036991812.2	0.969	389	12	0	1	389	1	389	7.759E-269	819
NP_003385.2	ajXP_036991818.2	0.969	389	12	0	1	389	1	389	7.759E-269	819
NP_003385.2	ajXP_036991826.2	0.969	389	12	0	1	389	1	389	7.759E-269	819
NP_003385.2	ajXP_036991833.2	0.969	389	12	0	1	389	1	389	7.759E-269	819
NP_003385.2	ajXP_036991793.2	0.969	389	12	0	1	389	1	389	7.759E-269	819
NP_004617.2	ajXP_036987445.1	0.971	354	10	0	1	354	1	354	1.378E-244	747
NP_004617.2	ajXP_036987446.1	0.971	354	10	0	1	354	1	354	1.378E-244	747
XP_005274288.1	ajXP_036987445.1	0.971	354	10	0	1	354	1	354	1.378E-244	747
XP_005274288.1	ajXP_036987446.1	0.971	354	10	0	1	354	1	354	1.378E-244	747
NP_476509.1	ajXP_036995570.1	0.931	365	25	0	1	365	1	362	2.533E-243	744
NP_005615.2	ajXP_037014800.2	0.516	149	72	0	1	149	1	149	3.234E-40	146
NP_000791.1	ajXP_053522475.1	0.922	155	12	0	1	155	1	155	1.016E-96	309
NP_000791.1	ajXP_053522476.1	0.922	155	12	0	1	155	1	155	1.016E-96	309
NP_000791.1	ajXP_036997621.2	0.922	155	12	0	1	155	1	155	1.016E-96	309
NP_001138364.1	ajXP_053522475.1	0.922	155	12	0	1	155	1	155	1.016E-96	309
NP_001138364.1	ajXP_053522476.1	0.922	155	12	0	1	155	1	155	1.016E-96	309
NP_001138364.1	ajXP_036997621.2	0.922	155	12	0	1	155	1	155	1.016E-96	309
NP_001138406.1	ajXP_053522475.1	0.922	155	12	0	1	155	1	155	1.016E-96	309
NP_001138406.1	ajXP_053522476.1	0.922	155	12	0	1	155	1	155	1.016E-96	309
NP_001138406.1	ajXP_036997621.2	0.922	155	12	0	1	155	1	155	1.016E-96	309
NP_001138407.1	ajXP_053522475.1	0.922	155	12	0	1	155	1	155	1.016E-96	309
NP_001138407.1	ajXP_053522476.1	0.922	155	12	0	1	155	1	155	1.016E-96	309
NP_001138407.1	ajXP_036997621.2	0.922	155	12	0	1	155	1	155	1.016E-96	309
NP_001244134.1	ajXP_053522475.1	0.922	155	12	0	1	155	1	155	1.016E-96	309
NP_001244134.1	ajXP_053522476.1	0.922	155	12	0	1	155	1	155	1.016E-96	309
NP_001244134.1	ajXP_036997621.2	0.922	155	12	0	1	155	1	155	1.016E-96	309
NP_001244136.1	ajXP_053522475.1	0.922	155	12	0	1	155	1	155	1.016E-96	309
NP_001244136.1	ajXP_053522476.1	0.922	155	12	0	1	155	1	155	1.016E-96	309
NP_001244136.1	ajXP_036997621.2	0.922	155	12	0	1	155	1	155	1.016E-96	309
NP_001244137.1	ajXP_053522475.1	0.922	155	12	0	1	155	1	155	1.016E-96	309
NP_001244137.1	ajXP_053522476.1	0.922	155	12	0	1	155	1	155	1.016E-96	309
NP_001244137.1	ajXP_036997621.2	0.922	155	12	0	1	155	1	155	1.016E-96	309
NP_055310.1	ajXP_036992130.2	0.830	460	78	0	1	460	1	460	1.032E-266	817
NP_647475.1	ajXP_037014842.2	0.749	415	102	0	1	406	1	415	3.416E-208	645
NP_612640.1	ajXP_053514806.1	0.452	79	43	0	6	84	194	272	1.084E-11	62
NP_001096124.1	ajXP_037016657.2	0.962	270	10	0	1	270	77	345	3.946E-173	536
NP_001556.2	ajXP_037006127.1	0.752	97	24	0	1	97	1	96	1.222E-42	150
NP_001137279.1	ajXP_053528929.1	0.983	247	4	0	1	247	1	247	3.098E-164	509
NP_001137279.1	ajXP_037001930.1	0.983	247	4	0	1	247	1	247	3.098E-164	509
NP_001137280.1	ajXP_053528929.1	0.983	247	4	0	1	247	1	247	3.098E-164	509
NP_001137280.1	ajXP_037001930.1	0.983	247	4	0	1	247	1	247	3.098E-164	509
NP_001137281.1	ajXP_053528929.1	0.983	247	4	0	30	276	1	247	1.208E-163	509
NP_001137281.1	ajXP_037001930.1	0.983	247	4	0	30	276	1	247	1.208E-163	509
NP_001137282.1	ajXP_053528929.1	0.983	247	4	0	83	329	1	247	1.376E-162	509
NP_001137282.1	ajXP_037001930.1	0.983	247	4	0	83	329	1	247	1.376E-162	509
NP_001137283.1	ajXP_053528929.1	0.983	247	4	0	1	247	1	247	3.098E-164	509
NP_001137283.1	ajXP_037001930.1	0.983	247	4	0	1	247	1	247	3.098E-164	509
NP_001137284.1	ajXP_053528929.1	0.983	247	4	0	1	247	1	247	3.098E-164	509
NP_001137284.1	ajXP_037001930.1	0.983	247	4	0	1	247	1	247	3.098E-164	509
NP_002951.1	ajXP_037018298.1	0.920	101	8	0	1	101	1	101	1.705E-64	213
NP_002952.1	ajXP_037018284.1	0.960	101	4	0	1	101	1	101	2.082E-62	207
NP_062427.1	ajXP_037018284.1	0.960	101	4	0	1	101	1	101	2.082E-62	207
NP_002953.2	ajXP_037018390.1	0.924	93	7	0	1	92	1	93	4.048E-51	174
XP_005245487.1	ajXP_037018390.1	0.924	93	7	0	19	110	1	93	9.684E-51	174
XP_005245487.1	ajXP_037018390.1	0.924	93	7	0	19	110	1	93	9.684E-51	174
NP_002954.2	ajXP_053526635.1	0.673	101	33	0	1	101	1	101	1.275E-43	153
NP_002954.2	ajXP_053526636.1	0.673	101	33	0	1	101	1	101	1.275E-43	153
NP_002954.2	ajXP_053526707.1	0.673	101	33	0	1	101	1	101	1.275E-43	153
XP_005245488.1	ajXP_053526635.1	0.673	101	33	0	1	101	1	101	1.275E-43	153
XP_005245488.1	ajXP_053526636.1	0.673	101	33	0	1	101	1	101	1.275E-43	153
XP_005245488.1	ajXP_053526707.1	0.673	101	33	0	1	101	1	101	1.275E-43	153
NP_002955.2	ajXP_037015426.2	0.655	93	32	0	1	93	1	93	5.287E-41	145
NP_006263.1	ajXP_037014065.1	0.978	92	2	0	1	92	1	92	2.207E-57	192
NP_004048.1	ajXP_037013357.2	0.824	74	13	0	6	79	2	75	9.993E-36	129
NP_005971.1	ajXP_036982894.2	0.744	94	24	0	1	94	1	94	4.285E-44	154
NP_570128.2	ajXP_053520425.1	0.711	97	27	0	2	98	45	137	1.062E-36	133
NP_766638.2	ajXP_037016695.2	0.914	988	85	0	1	988	1	988	0.000E+00	2038
NP_064509.2	ajXP_037007442.2	0.697	207	62	0	1	207	1	204	1.849E-90	294
XP_005245634.1	ajXP_053519681.1	0.865	491	66	0	1	491	1	491	8.789E-302	920
XP_005245634.1	ajXP_037001487.2	0.865	491	66	0	1	491	1	491	8.789E-302	920
NP_036230.1	ajXP_037015102.1	0.969	493	15	0	1	493	1	493	0.000E+00	1038
NP_002976.2	ajXP_037023174.2	0.813	91	17	0	1	91	1	91	2.346E-48	166
XP_005262278.1	ajXP_053513471.1	0.922	453	35	0	7	458	1	453	2.030E-310	943
NP_001265402.1	ajXP_037004603.2	0.899	429	43	0	1	429	1	429	4.332E-287	874
NP_056239.3	ajXP_037004602.2	0.904	452	43	0	1	451	1	452	1.506E-301	917
NP_001159684.1	ajXP_036991155.1	0.953	215	10	0	1	215	1	215	4.911E-143	446
NP_001159684.1	ajXP_036991156.1	0.953	215	10	0	1	215	1	215	4.911E-143	446
NP_037378.1	ajXP_036991158.1	0.955	225	10	0	1	225	1	225	1.834E-150	468
NP_003799.1	ajXP_037007074.2	0.864	250	34	0	1	250	1	250	1.380E-140	441
NP_006564.1	ajXP_036992569.2	0.793	290	59	0	1	285	1	290	4.771E-144	453
NP_003798.2	ajXP_037021273.2	0.797	241	49	0	1	240	1	241	1.906E-123	391
NP_783165.1	ajXP_036985559.2	0.925	576	43	0	1	576	1	573	0.000E+00	1169
NP_009122.2	ajXP_053517897.1	0.944	379	21	0	1	379	1	379	3.465E-264	805
NP_002986.1	ajXP_037023262.1	0.654	110	36	0	1	110	1	106	1.294E-41	148
NP_001005609.1	ajXP_036989019.2	0.935	389	25	0	1	389	1	389	1.674E-251	769
NP_001005610.2	ajXP_036989021.2	0.829	135	23	0	1	135	1	135	9.838E-71	233
NP_001005612.2	ajXP_053512639.1	0.935	386	25	0	1	386	1	386	7.875E-250	764
NP_001390.1	ajXP_036989018.2	0.936	391	25	0	1	391	1	391	7.544E-253	773
NP_001954.2	ajXP_037012084.2	0.792	1135	236	0	1	1135	1	1135	0.000E+00	1969
NP_001954.2	ajXP_037012094.2	0.792	1135	236	0	1	1135	1	1135	0.000E+00	1969
NP_001161362.1	ajXP_037013386.2	0.788	553	117	0	1	552	3	555	3.387E-318	971
NP_149354.1	ajXP_037015400.1	0.991	233	2	0	1	233	1	233	1.839E-154	480
NP_003003.3	ajXP_036998406.1	0.968	314	10	0	1	314	1	314	7.536E-214	656
NP_003005.2	ajXP_037008673.1	0.947	346	18	0	1	346	1	346	2.875E-232	711
NP_003005.2	ajXP_037008666.1	0.947	346	18	0	1	346	1	346	2.875E-232	711
NP_003006.2	ajXP_036994862.2	0.946	317	17	0	1	317	1	315	2.322E-211	649
NP_000184.1	ajXP_036987856.2	0.906	462	42	0	1	462	1	447	4.558E-277	847
NP_009044.2	ajXP_053526445.1	0.412	1943	788	0	1	1943	1	1341	0.000E+00	1090
NP_001008536.1	ajXP_036999543.2	0.347	904	340	0	1	904	1	521	1.822E-132	448
NP_001010848.2	ajXP_053519946.1	0.929	710	49	0	1	696	1	710	0.000E+00	1353
NP_001137285.1	ajXP_053528929.1	0.983	247	4	0	1	247	1	247	3.098E-164	509
NP_001137285.1	ajXP_037001930.1	0.983	247	4	0	1	247	1	247	3.098E-164	509
NP_001137288.1	ajXP_053528929.1	0.983	247	4	0	1	247	1	247	3.098E-164	509
NP_001137288.1	ajXP_037001930.1	0.983	247	4	0	1	247	1	247	3.098E-164	509
NP_001700.2	ajXP_053528929.1	0.983	247	4	0	1	247	1	247	3.098E-164	509
NP_001700.2	ajXP_037001930.1	0.983	247	4	0	1	247	1	247	3.098E-164	509
NP_733927.1	ajXP_053528929.1	0.983	247	4	0	9	255	1	247	4.519E-164	509
NP_733927.1	ajXP_037001930.1	0.983	247	4	0	9	255	1	247	4.519E-164	509
NP_733928.1	ajXP_053528929.1	0.983	247	4	0	1	247	1	247	3.098E-164	509
NP_733928.1	ajXP_037001930.1	0.983	247	4	0	1	247	1	247	3.098E-164	509
NP_733929.1	ajXP_053528929.1	0.983	247	4	0	1	247	1	247	3.098E-164	509
NP_733929.1	ajXP_037001930.1	0.983	247	4	0	1	247	1	247	3.098E-164	509
NP_733930.1	ajXP_053528929.1	0.983	247	4	0	16	262	1	247	6.280E-164	509
NP_733930.1	ajXP_037001930.1	0.983	247	4	0	16	262	1	247	6.280E-164	509
NP_733931.1	ajXP_053528929.1	0.983	247	4	0	1	247	1	247	3.098E-164	509
NP_733931.1	ajXP_037001930.1	0.983	247	4	0	1	247	1	247	3.098E-164	509
NP_055297.1	ajXP_036986816.1	0.905	424	40	0	1	424	1	424	6.887E-262	801
NP_003859.1	ajXP_036988108.1	0.995	207	1	0	1	207	1	207	9.017E-141	439
NP_003858.1	ajXP_037008741.1	0.949	216	11	0	1	216	1	216	6.838E-140	437
XP_006724878.1	ajXP_037007032.2	0.918	2098	170	0	1	2080	1	2098	0.000E+00	3879
NP_037452.1	ajXP_037016110.1	0.940	793	47	0	1	792	1	793	0.000E+00	1579
NP_001010932.1	ajXP_036995434.1	0.922	724	56	0	1	722	1	724	0.000E+00	1515
XP_006716019.1	ajXP_036995433.1	0.923	729	56	0	1	727	1	729	0.000E+00	1525
NP_003367.4	ajXP_053524271.1	0.886	395	45	0	1	395	54	447	5.541E-241	739
NP_003386.1	ajXP_036996397.1	0.967	365	12	0	1	365	1	364	1.750E-247	756
NP_002980.1	ajXP_037007531.2	0.753	134	32	0	1	134	1	130	3.754E-64	214
NP_149355.1	ajXP_037015402.1	1.000	204	0	0	1	204	1	204	1.142E-136	427
NP_001276926.1	ajXP_037010790.2	0.783	286	62	0	1	286	1	286	7.679E-148	464
NP_006262.1	ajXP_037018381.1	0.989	94	1	0	1	94	1	94	1.094E-57	193
NP_002957.1	ajXP_036999582.1	0.989	97	1	0	1	97	1	97	3.809E-62	206
NP_005611.1	ajXP_036999584.1	0.852	95	14	0	1	95	1	95	1.698E-50	173
NP_005612.1	ajXP_036982516.2	0.637	91	33	0	1	91	1	91	3.161E-30	114
NP_001019381.1	ajXP_037018418.2	0.867	98	13	0	1	98	1	98	1.210E-50	173
NP_001019381.1	ajXP_037018421.2	0.867	98	13	0	1	98	1	98	1.210E-50	173
NP_001019381.1	ajXP_037018422.2	0.867	98	13	0	1	98	1	98	1.210E-50	173
NP_001019381.1	ajXP_037018423.2	0.867	98	13	0	1	98	1	98	1.210E-50	173
NP_001019382.1	ajXP_037018418.2	0.867	98	13	0	1	98	1	98	1.210E-50	173
NP_001019382.1	ajXP_037018421.2	0.867	98	13	0	1	98	1	98	1.210E-50	173
NP_001019382.1	ajXP_037018422.2	0.867	98	13	0	1	98	1	98	1.210E-50	173
NP_001019382.1	ajXP_037018423.2	0.867	98	13	0	1	98	1	98	1.210E-50	173
NP_001019383.1	ajXP_037018418.2	0.867	98	13	0	1	98	1	98	1.210E-50	173
NP_001019383.1	ajXP_037018421.2	0.867	98	13	0	1	98	1	98	1.210E-50	173
NP_001019383.1	ajXP_037018422.2	0.867	98	13	0	1	98	1	98	1.210E-50	173
NP_001019383.1	ajXP_037018423.2	0.867	98	13	0	1	98	1	98	1.210E-50	173
NP_001019384.1	ajXP_037018418.2	0.867	98	13	0	1	98	1	98	1.210E-50	173
NP_001019384.1	ajXP_037018421.2	0.867	98	13	0	1	98	1	98	1.210E-50	173
NP_001019384.1	ajXP_037018422.2	0.867	98	13	0	1	98	1	98	1.210E-50	173
NP_001019384.1	ajXP_037018423.2	0.867	98	13	0	1	98	1	98	1.210E-50	173
NP_003382.1	ajXP_037014858.1	0.922	360	28	0	1	360	1	360	1.827E-244	747
NP_001278809.1	ajXP_037008406.1	0.996	299	1	0	1	299	1	299	3.378E-215	659
NP_001278809.1	ajXP_037008407.1	0.996	299	1	0	1	299	1	299	3.378E-215	659
XP_005253090.2	ajXP_036989778.2	0.900	1024	100	0	1	999	1	1024	0.000E+00	2038
NP_689966.2	ajXP_037000227.2	0.966	993	34	0	1	993	1	993	0.000E+00	2159
XP_005249000.1	ajXP_037000226.2	0.965	1009	35	0	1	1009	1	1009	0.000E+00	2189
NP_009110.2	ajXP_053512082.1	0.574	214	90	0	1	213	1	214	1.670E-68	231
NP_000890.1	ajXP_036984044.1	0.806	274	53	0	1	273	1	274	1.636E-141	445
NP_000890.1	ajXP_036984045.1	0.806	274	53	0	1	273	1	274	1.636E-141	445
XP_006719256.1	ajXP_037000028.1	0.987	407	5	0	1	407	1	405	6.545E-280	852
NP_878248.2	ajXP_037007744.2	0.849	450	68	0	1	450	1	450	1.146E-251	773
NP_002001.1	ajXP_037010719.1	1.000	208	0	0	1	208	1	208	8.602E-142	442
XP_005268986.1	ajXP_036988967.2	0.815	179	33	0	1	179	1	179	9.378E-93	299
NP_057668.1	ajXP_036989136.2	0.817	197	34	0	1	189	1	197	1.170E-103	331
NP_001172085.1	ajXP_053523989.1	0.674	181	59	0	27	207	3	183	1.374E-76	254
NP_006841.1	ajXP_053523989.1	0.674	181	59	0	26	206	3	183	1.314E-76	254
NP_758525.1	ajXP_036985381.1	0.767	168	37	0	1	160	1	168	3.540E-86	279
NP_060872.1	ajXP_036988966.2	0.837	166	27	0	4	169	4	169	2.102E-88	286
NP_000579.2	ajXP_036985893.2	0.360	109	67	0	38	146	1	106	9.825E-08	52
NP_001276956.1	ajXP_037010790.2	0.783	286	62	0	1	286	1	286	7.679E-148	464
NP_001276957.1	ajXP_037010789.2	0.744	352	90	0	1	352	1	352	3.376E-164	515
NP_001276956.1	ajXP_037010790.2	0.783	286	62	0	1	286	1	286	7.679E-148	464
NP_000585.2	ajXP_037007251.2	0.833	233	38	0	1	233	1	229	1.380E-123	391
NP_003801.1	ajXP_036993382.2	0.726	284	77	0	1	281	1	284	4.090E-135	427
NP_003692.1	ajXP_036992568.1	0.878	320	39	0	1	317	1	320	1.624E-189	586
NP_003800.1	ajXP_037007072.1	0.847	249	38	0	1	249	1	249	2.305E-134	423
NP_003229.1	ajXP_036996543.2	0.954	414	19	0	1	414	1	414	3.505E-273	833
NP_003230.1	ajXP_037001117.1	0.951	412	20	0	1	412	1	408	3.193E-273	833
XP_005268085.1	ajXP_037001117.1	0.951	412	20	0	1	412	1	408	3.193E-273	833
NP_000451.1	ajXP_037010789.2	0.744	352	90	0	1	352	1	352	3.376E-164	515
NP_001276926.1	ajXP_037010790.2	0.783	286	62	0	1	286	1	286	7.679E-148	464
NP_001276927.1	ajXP_037010789.2	0.744	352	90	0	1	352	1	352	3.376E-164	515
NP_001276932.1	ajXP_037010789.2	0.744	352	90	0	141	492	1	352	1.377E-161	515
NP_001519.1	ajXP_036982712.2	0.803	655	128	0	1	655	1	652	0.000E+00	1143
XP_005269501.1	ajXP_053519945.1	0.930	734	50	0	1	720	1	734	0.000E+00	1400
NP_004549.1	ajXP_037021203.1	0.928	197	14	0	1	197	1	197	3.090E-122	385
NP_004549.1	ajXP_037021205.1	0.928	197	14	0	1	197	1	197	3.090E-122	385
NP_004549.1	ajXP_037021206.1	0.928	197	14	0	1	197	1	197	3.090E-122	385
NP_001007538.1	ajXP_037004474.1	0.867	332	44	0	1	332	1	332	6.483E-208	640
NP_004343.1	ajXP_036997509.1	0.989	193	2	0	1	193	1	193	1.922E-125	394
NP_872317.1	ajXP_053520304.1	0.932	222	15	0	3	224	59	280	2.119E-131	413
XP_006722457.1	ajXP_053520304.1	0.932	222	15	0	3	224	59	280	2.119E-131	413
NP_001034860.1	ajXP_036985232.1	0.895	210	21	0	1	205	1	210	1.845E-123	389
NP_542184.1	ajXP_036989525.1	0.970	201	6	0	1	201	1	201	2.810E-125	394
NP_597716.1	ajXP_037007868.1	0.882	407	48	0	1	406	1	407	5.520E-264	806
XP_005266705.1	ajXP_037007868.1	0.882	407	48	0	1	406	1	407	5.520E-264	806
XP_006722456.1	ajXP_037007868.1	0.882	407	48	0	1	406	1	407	5.520E-264	806
NP_001193941.1	ajXP_036982899.1	0.711	149	43	0	1	149	1	149	1.904E-70	233
NP_002623.2	ajXP_036982891.1	0.717	170	48	0	1	170	1	170	7.914E-82	267
NP_443112.2	ajXP_037022713.2	0.821	263	47	0	1	263	6	268	2.922E-147	461
NP_002695.1	ajXP_037006138.2	0.574	127	52	0	1	127	18	139	4.028E-36	133
NP_000939.1	ajXP_036987168.2	0.717	216	61	0	12	227	15	230	5.606E-105	337
NP_004149.1	ajXP_037021086.2	0.689	156	47	0	1	156	1	153	4.266E-65	218
NP_002816.1	ajXP_037006260.1	0.958	168	7	0	1	168	1	168	4.929E-111	351
NP_005970.1	ajXP_037018418.2	0.867	98	13	0	1	98	1	98	1.210E-50	173
NP_005970.1	ajXP_037018421.2	0.867	98	13	0	1	98	1	98	1.210E-50	173
NP_005970.1	ajXP_037018422.2	0.867	98	13	0	1	98	1	98	1.210E-50	173
NP_005970.1	ajXP_037018423.2	0.867	98	13	0	1	98	1	98	1.210E-50	173
XP_005245491.1	ajXP_037018418.2	0.867	98	13	0	1	98	1	98	1.210E-50	173
XP_005245491.1	ajXP_037018421.2	0.867	98	13	0	1	98	1	98	1.210E-50	173
XP_005245491.1	ajXP_037018422.2	0.867	98	13	0	1	98	1	98	1.210E-50	173
XP_005245491.1	ajXP_037018423.2	0.867	98	13	0	1	98	1	98	1.210E-50	173
NP_065723.1	ajXP_037018376.2	0.922	103	8	0	1	103	1	103	7.249E-59	197
NP_065723.1	ajXP_053522287.1	0.922	103	8	0	1	103	1	103	7.249E-59	197
XP_005245419.1	ajXP_037018376.2	0.922	103	8	0	1	103	1	103	7.249E-59	197
XP_005245419.1	ajXP_053522287.1	0.922	103	8	0	1	103	1	103	7.249E-59	197
NP_001137286.1	ajXP_053528929.1	0.983	247	4	0	1	247	1	247	3.098E-164	509
NP_001137286.1	ajXP_037001930.1	0.983	247	4	0	1	247	1	247	3.098E-164	509
NP_002599.1	ajXP_037016462.2	0.842	241	37	0	1	241	1	234	3.536E-134	422
NP_001137277.1	ajXP_053528929.1	0.983	247	4	0	1	247	1	247	3.098E-164	509
NP_001137277.1	ajXP_037001930.1	0.983	247	4	0	1	247	1	247	3.098E-164	509
NP_001230662.1	ajXP_036996084.1	0.920	188	15	0	1	188	1	188	2.015E-122	385
NP_071920.1	ajXP_037018248.2	0.952	700	34	0	1	700	1	700	0.000E+00	1445
NP_001153212.1	ajXP_037007266.1	0.742	205	52	0	1	205	1	204	1.400E-92	300
NP_001153212.1	ajXP_037007267.1	0.742	205	52	0	1	205	1	204	1.400E-92	300
NP_001153212.1	ajXP_053523383.1	0.742	205	52	0	1	205	1	204	1.400E-92	300
NP_001153212.1	ajXP_037007265.1	0.742	205	52	0	1	205	107	310	1.400E-92	300
NP_005121.1	ajXP_036982831.2	0.518	240	112	0	1	234	1	240	1.542E-70	238
NP_444251.1	ajXP_037014245.1	0.935	570	37	0	1	570	1	570	0.000E+00	1097
NP_000198.1	ajXP_037012244.1	0.863	110	15	0	1	110	1	110	6.512E-63	209
NP_001172026.1	ajXP_037012244.1	0.863	110	15	0	1	110	1	110	6.512E-63	209
NP_001172027.1	ajXP_037012244.1	0.863	110	15	0	1	110	1	110	6.512E-63	209
NP_001278826.1	ajXP_037012244.1	0.863	110	15	0	1	110	1	110	6.512E-63	209
NP_006265.1	ajXP_037007532.1	0.645	93	32	0	2	94	6	96	2.258E-36	132
NP_004582.1	ajXP_053527432.1	0.593	96	39	0	1	96	2	97	6.238E-33	122
NP_002981.2	ajXP_036997504.2	0.670	91	30	0	1	91	1	91	1.779E-36	132
NP_004741.1	ajXP_036997974.2	0.971	422	12	0	1	422	1	421	2.597E-289	880
NP_002978.1	ajXP_036997502.2	0.638	94	34	0	1	94	1	94	3.754E-37	134
NP_002978.1	ajXP_036997503.2	0.638	94	34	0	1	94	1	94	3.754E-37	134
NP_757373.1	ajXP_036996440.2	0.794	195	40	0	10	204	1	195	6.936E-100	321
NP_056322.2	ajXP_037013387.2	0.788	552	117	0	1	551	3	554	1.595E-317	969
NP_057299.1	ajXP_036983647.2	0.776	273	61	0	1	272	1	273	2.512E-145	456
NP_057299.1	ajXP_036983648.2	0.776	273	61	0	1	272	1	273	2.512E-145	456
NP_057299.1	ajXP_036983649.2	0.776	273	61	0	1	272	1	273	2.512E-145	456
NP_057299.1	ajXP_036983645.2	0.776	273	61	0	1	272	22	294	2.512E-145	456
NP_057299.1	ajXP_036983646.2	0.776	273	61	0	1	272	22	294	2.512E-145	456
NP_958854.1	ajXP_036983647.2	0.776	273	61	0	1	272	1	273	2.512E-145	456
NP_958854.1	ajXP_036983648.2	0.776	273	61	0	1	272	1	273	2.512E-145	456
NP_958854.1	ajXP_036983649.2	0.776	273	61	0	1	272	1	273	2.512E-145	456
NP_958854.1	ajXP_036983645.2	0.776	273	61	0	1	272	22	294	2.512E-145	456
NP_958854.1	ajXP_036983646.2	0.776	273	61	0	1	272	22	294	2.512E-145	456
NP_085155.1	ajXP_053523433.1	0.826	289	50	0	1	286	44	332	1.090E-164	513
NP_002518.1	ajXP_053517391.1	0.964	257	9	0	1	257	1	256	4.118E-166	515
NP_002518.1	ajXP_053517392.1	0.964	257	9	0	1	257	1	256	4.118E-166	515
XP_005259019.1	ajXP_036996747.1	0.909	210	19	0	1	210	1	210	1.600E-127	401
XP_006723295.1	ajXP_036996747.1	0.909	210	19	0	1	210	1	210	1.600E-127	401
NP_065391.1	ajXP_037009259.2	0.606	247	91	0	6	252	6	236	1.948E-85	282
NP_002598.4	ajXP_036993751.1	0.909	211	19	0	1	211	1	211	6.864E-129	405
NP_002598.4	ajXP_036993752.1	0.909	211	19	0	1	211	1	211	6.864E-129	405
NP_002598.4	ajXP_036993753.1	0.909	211	19	0	1	211	1	211	6.864E-129	405
NP_002598.4	ajXP_036993746.1	0.909	211	19	0	1	211	55	265	6.864E-129	405
NP_000605.1	ajXP_037014247.2	0.849	199	30	0	1	199	1	199	4.129E-112	356
NP_001873.2	ajXP_036999626.2	0.913	322	28	0	1	322	1	322	4.668E-206	634
NP_006410.1	ajXP_037002966.2	0.421	102	58	0	1	101	1	102	2.124E-18	81
XP_006714126.1	ajXP_037002966.2	0.421	102	58	0	1	101	1	102	2.124E-18	81
NP_004878.2	ajXP_036994296.2	0.949	99	5	0	13	111	1	99	4.137E-60	201
NP_002080.1	ajXP_053511658.1	0.672	107	35	0	1	107	1	107	4.629E-41	146
NP_002080.1	ajXP_053511666.1	0.672	107	35	0	1	107	1	107	4.629E-41	146
NP_002985.1	ajXP_037006139.2	0.622	114	42	0	1	114	1	113	5.811E-42	149
NP_000575.1	ajXP_037006105.1	0.742	97	25	0	1	97	1	97	5.198E-44	154
NP_001193673.1	ajXP_053522962.1	0.707	915	267	0	1	915	201	1112	0.000E+00	1369
NP_001186816.1	ajXP_053516983.1	0.666	159	52	0	1	159	1	158	4.041E-67	224
NP_000581.1	ajXP_036994283.2	0.654	139	47	0	1	139	1	138	2.389E-57	195
NP_002182.1	ajXP_036999305.2	0.807	364	70	0	3	366	5	366	2.789E-199	617
NP_002183.1	ajXP_037012891.2	0.913	426	37	0	1	426	1	426	3.981E-269	822
NP_002184.2	ajXP_037002104.1	0.977	407	9	0	1	407	1	407	1.209E-281	857
NP_005529.1	ajXP_036983008.2	0.843	352	55	0	1	352	1	352	7.938E-198	612
NP_113667.1	ajXP_036983006.2	0.819	355	63	0	1	350	1	355	4.702E-194	601
XP_006710727.1	ajXP_053511822.1	0.883	241	28	0	1	241	1	241	1.524E-143	449
XP_006710727.1	ajXP_053511823.1	0.883	241	28	0	1	241	1	241	1.524E-143	449
NP_005534.2	ajXP_036997900.2	0.694	131	39	0	1	131	1	128	1.935E-53	183
NP_005469.2	ajXP_037020789.2	0.637	135	49	0	1	135	1	135	6.304E-51	176
NP_543016.1	ajXP_036985172.1	0.939	464	28	0	1	464	1	464	2.451E-311	946
NP_954993.1	ajXP_037001160.2	0.474	571	232	0	1	571	1	443	1.130E-142	464
NP_003985.2	ajXP_036984048.1	0.788	246	52	0	1	245	1	246	4.857E-124	393
NP_003231.2	ajXP_036994692.2	0.815	367	68	0	1	366	1	367	1.146E-200	621
NP_000221.1	ajXP_037023640.2	0.750	168	42	0	1	167	1	168	2.244E-77	254
XP_005250397.1	ajXP_037023641.2	0.748	167	42	0	1	166	1	167	1.060E-76	252
NP_002300.1	ajXP_037009260.2	0.861	202	28	0	1	202	1	202	1.052E-119	378
XP_006724303.1	ajXP_037009260.2	0.861	202	28	0	1	202	1	202	1.052E-119	378
NP_000586.2	ajXP_037007266.1	0.742	205	52	0	1	205	1	204	1.400E-92	300
NP_000586.2	ajXP_037007267.1	0.742	205	52	0	1	205	1	204	1.400E-92	300
NP_000586.2	ajXP_053523383.1	0.742	205	52	0	1	205	1	204	1.400E-92	300
NP_000586.2	ajXP_037007265.1	0.742	205	52	0	1	205	107	310	1.400E-92	300
NP_002332.1	ajXP_037007257.2	0.761	244	58	0	1	244	1	242	1.285E-112	360
NP_033666.1	ajXP_037007258.2	0.779	77	17	0	1	77	1	77	8.501E-29	109
NP_001012333.1	ajXP_037022118.2	0.930	143	10	0	1	143	1	143	3.427E-94	301
NP_001012334.1	ajXP_037022118.2	0.930	143	10	0	1	143	1	143	3.427E-94	301
NP_001257479.1	ajXP_037022118.2	0.930	143	10	0	1	143	1	143	3.427E-94	301
NP_001257480.1	ajXP_037022118.2	0.930	143	10	0	1	143	1	143	3.427E-94	301
NP_002497.2	ajXP_053511822.1	0.883	241	28	0	1	241	1	241	1.524E-143	449
NP_002497.2	ajXP_053511823.1	0.883	241	28	0	1	241	1	241	1.524E-143	449
XP_006710726.1	ajXP_053511822.1	0.883	241	28	0	1	241	1	241	1.524E-143	449
XP_006710726.1	ajXP_053511823.1	0.883	241	28	0	1	241	1	241	1.524E-143	449
NP_057274.1	ajXP_053526715.1	0.635	499	180	0	1	495	1	499	4.175E-196	615
XP_005245174.1	ajXP_036998809.2	0.963	766	28	0	1	766	1	766	0.000E+00	1560
NP_006170.1	ajXP_036996747.1	0.909	210	19	0	1	210	1	210	1.600E-127	401
NP_005746.2	ajXP_053514730.1	0.711	229	65	0	1	229	1	226	5.596E-106	340
NP_002977.1	ajXP_037023214.2	0.643	101	34	0	1	97	1	101	2.153E-36	132
NP_116741.2	ajXP_053517280.1	0.472	108	51	0	1	108	1	97	1.863E-21	90
NP_004581.1	ajXP_037023232.2	0.687	96	30	0	1	96	35	130	9.365E-40	143
XP_005258077.1	ajXP_037023232.2	0.687	96	30	0	1	96	35	130	9.365E-40	143
XP_006725397.1	ajXP_037023232.2	0.687	96	30	0	1	96	35	130	9.365E-40	143
NP_000592.3	ajXP_036995433.1	0.923	729	56	0	1	727	1	729	0.000E+00	1525
