NP_006841.1	efXP_027985020.2	0.718	181	51	0	26	206	3	183	1.120E-82	271
NP_006841.1	efXP_027985024.2	0.718	181	51	0	26	206	3	183	1.120E-82	271
NP_758525.1	efXP_027991056.1	0.755	163	39	0	1	160	1	163	3.826E-81	264
NP_060872.1	efXP_008146987.1	0.843	166	26	0	4	169	4	169	1.546E-87	283
NP_001166242.1	efXP_054566753.1	0.692	208	61	0	1	208	30	228	1.143E-90	296
NP_001166243.1	efXP_008138376.3	0.693	209	61	0	1	209	30	229	2.422E-91	298
NP_001166243.1	efXP_027999149.2	0.693	209	61	0	1	209	30	229	2.422E-91	298
NP_001166243.1	efXP_054566750.1	0.693	209	61	0	1	209	30	229	2.422E-91	298
NP_001166243.1	efXP_054566751.1	0.693	209	61	0	1	209	30	229	2.422E-91	298
NP_001166243.1	efXP_054566752.1	0.693	209	61	0	1	209	30	229	2.422E-91	298
NP_689669.2	efXP_008138376.3	0.693	209	61	0	1	209	30	229	2.422E-91	298
NP_689669.2	efXP_027999149.2	0.693	209	61	0	1	209	30	229	2.422E-91	298
NP_689669.2	efXP_054566750.1	0.693	209	61	0	1	209	30	229	2.422E-91	298
NP_689669.2	efXP_054566751.1	0.693	209	61	0	1	209	30	229	2.422E-91	298
NP_689669.2	efXP_054566752.1	0.693	209	61	0	1	209	30	229	2.422E-91	298
NP_000580.1	efXP_008144255.1	0.576	150	57	0	1	150	1	135	1.394E-46	164
NP_001265402.1	efXP_028014086.2	0.885	429	49	0	1	429	1	429	2.063E-282	860
NP_000605.1	efXP_008147123.2	0.815	200	37	0	1	200	1	200	2.189E-106	339
NP_001873.2	efXP_008160174.2	0.888	322	36	0	1	322	1	322	2.684E-199	614
NP_004741.1	efXP_008154607.3	0.971	422	12	0	1	422	1	421	3.518E-290	882
NP_057070.3	efXP_008146001.1	0.968	438	14	0	5	442	1	438	3.355E-292	889
NP_085155.1	efXP_054578282.1	0.866	269	36	0	27	293	3	271	1.776E-163	509
NP_001257918.1	efXP_054584315.1	0.779	154	33	0	1	154	1	149	9.922E-76	248
NP_001321.1	efXP_054570172.1	0.831	202	34	0	1	201	1	202	6.765E-103	329
NP_002987.1	efXP_054567030.1	0.462	397	185	0	1	397	1	344	3.100E-87	294
NP_001556.2	efXP_008159850.2	0.721	97	27	0	1	97	1	97	3.666E-43	151
NP_005400.1	efXP_008141885.3	0.840	94	15	0	1	94	1	94	1.641E-49	169
NP_001029058.1	efXP_008147327.1	0.915	119	10	0	1	119	1	119	1.512E-70	231
NP_001171605.1	efXP_054584776.1	0.911	90	8	0	1	90	1	90	2.381E-51	177
NP_954637.1	efXP_054584777.1	0.921	89	7	0	1	89	1	89	4.700E-52	176
NP_001188288.1	efXP_054572763.1	0.583	146	58	0	1	146	1	139	2.362E-47	166
NP_001188288.1	efXP_054572764.1	0.583	146	58	0	1	146	1	139	2.362E-47	166
NP_001188288.1	efXP_054572765.1	0.583	146	58	0	1	146	1	139	2.362E-47	166
NP_001188288.1	efXP_054572762.1	0.583	146	58	0	1	146	79	217	2.362E-47	166
NP_115822.1	efXP_008139584.2	0.955	1136	51	0	1	1136	1	1136	0.000E+00	2569
XP_006722994.1	efXP_028015197.2	0.641	250	89	0	1	249	1	250	5.848E-87	286
NP_000538.3	efXP_054584076.1	0.698	890	264	0	1	890	1	876	0.000E+00	1287
NP_001193673.1	efXP_054584076.1	0.698	890	264	0	1	890	1	876	0.000E+00	1287
NP_005439.2	efXP_008156480.2	0.721	395	109	0	1	392	1	395	3.031E-189	589
NP_001191.1	efXP_054579782.1	0.959	396	16	0	1	396	1	395	6.775E-261	796
NP_001191.1	efXP_008139298.2	0.959	396	16	0	1	396	1	395	6.775E-261	796
NP_001193.2	efXP_008137261.1	0.965	409	14	0	1	408	1	409	1.615E-274	836
NP_001193.2	efXP_008137262.1	0.965	409	14	0	1	408	1	409	1.615E-274	836
NP_001193.2	efXP_054572030.1	0.965	409	14	0	1	408	1	409	1.615E-274	836
NP_570911.2	efXP_008137261.1	0.965	409	14	0	1	408	1	409	1.615E-274	836
NP_570911.2	efXP_008137262.1	0.965	409	14	0	1	408	1	409	1.615E-274	836
NP_570911.2	efXP_054572030.1	0.965	409	14	0	1	408	1	409	1.615E-274	836
NP_570912.2	efXP_008137261.1	0.965	409	14	0	1	408	1	409	1.615E-274	836
NP_570912.2	efXP_008137262.1	0.965	409	14	0	1	408	1	409	1.615E-274	836
NP_570912.2	efXP_054572030.1	0.965	409	14	0	1	408	1	409	1.615E-274	836
XP_005268072.1	efXP_008137261.1	0.965	409	14	0	1	408	1	409	1.615E-274	836
XP_005268072.1	efXP_008137262.1	0.965	409	14	0	1	408	1	409	1.615E-274	836
XP_005268072.1	efXP_054572030.1	0.965	409	14	0	1	408	1	409	1.615E-274	836
NP_066551.1	efXP_008153849.1	0.973	454	12	0	1	454	1	454	1.483E-307	934
NP_001709.1	efXP_008153091.3	0.896	513	52	0	1	513	1	505	1.702E-318	969
NP_996890.1	efXP_008151873.2	0.858	92	13	0	1	92	1	92	6.031E-51	173
NP_001954.2	efXP_054582611.1	0.793	1207	249	0	1	1207	1	1203	0.000E+00	2085
NP_003799.1	efXP_008151741.2	0.832	250	42	0	1	250	1	250	2.712E-137	431
NP_001139117.1	efXP_008142167.2	0.778	271	59	0	1	266	1	271	1.997E-131	415
NP_006564.1	efXP_008142166.2	0.779	290	63	0	1	285	1	290	1.891E-141	445
NP_003798.2	efXP_008148776.1	0.780	241	53	0	1	240	1	241	5.733E-124	392
NP_002183.1	efXP_028015278.1	0.941	426	25	0	1	426	1	426	1.166E-278	849
NP_002184.2	efXP_028003987.2	0.968	407	13	0	1	407	1	407	5.261E-278	846
NP_001132972.1	efXP_054583766.1	0.992	255	2	0	1	255	1	255	1.568E-171	530
NP_004105.1	efXP_008157376.1	0.991	245	2	0	1	245	1	245	1.123E-161	501
XP_005262456.1	efXP_054583766.1	0.992	255	2	0	1	255	1	255	1.568E-171	530
NP_004106.1	efXP_008142180.1	0.991	247	2	0	1	247	1	247	2.071E-164	509
NP_787125.1	efXP_008142179.1	0.992	252	2	0	1	252	1	252	6.118E-172	531
NP_003859.1	efXP_008158878.1	0.985	207	3	0	1	207	1	207	2.980E-140	437
NP_003858.1	efXP_028016451.2	0.962	216	8	0	1	216	1	216	9.247E-141	439
NP_001193941.1	efXP_027997174.1	0.751	141	35	0	1	141	1	141	1.273E-70	233
NP_002623.2	efXP_008137049.1	0.761	159	38	0	1	159	1	159	5.290E-82	267
NP_001129383.1	efXP_054568464.1	0.755	172	42	0	1	172	6	177	4.152E-86	279
NP_443112.2	efXP_054568463.1	0.771	263	60	0	1	263	6	268	6.518E-134	422
NP_002695.1	efXP_054584371.1	0.632	106	37	0	20	121	13	118	1.209E-36	134
NP_000939.1	efXP_008144290.2	0.683	231	72	0	1	227	1	231	9.138E-104	333
NP_001157030.1	efXP_008144290.2	0.683	231	72	0	1	227	1	231	9.138E-104	333
NP_004149.1	efXP_008149000.2	0.704	156	45	0	1	156	1	153	1.164E-66	222
NP_002816.1	efXP_008148717.2	0.970	168	5	0	1	168	1	168	6.658E-112	353
NP_003203.1	efXP_028016406.2	0.754	171	41	0	16	186	3	170	2.030E-84	275
NP_003227.1	efXP_008145714.1	0.925	160	12	0	1	160	1	160	2.905E-100	319
NP_000651.3	efXP_054567101.1	0.885	392	45	0	1	390	1	392	1.589E-239	734
NP_006262.1	efXP_008154007.1	0.978	94	2	0	1	94	1	94	1.629E-57	192
NP_006262.1	efXP_054567378.1	0.978	94	2	0	1	94	1	94	1.629E-57	192
NP_006262.1	efXP_054567379.1	0.978	94	2	0	1	94	1	94	1.629E-57	192
NP_002957.1	efXP_054567651.1	0.979	97	2	0	1	97	1	97	5.671E-62	205
NP_002957.1	efXP_054567652.1	0.979	97	2	0	1	97	1	97	5.671E-62	205
NP_002957.1	efXP_054567653.1	0.979	97	2	0	1	97	1	97	5.671E-62	205
NP_002957.1	efXP_054567654.1	0.979	97	2	0	1	97	1	97	5.671E-62	205
NP_002957.1	efXP_054567655.1	0.979	97	2	0	1	97	1	97	5.671E-62	205
NP_002957.1	efXP_008145479.1	0.979	97	2	0	1	97	1	97	5.671E-62	205
NP_002957.1	efXP_054580882.1	0.979	97	2	0	1	97	1	97	5.671E-62	205
NP_005612.1	efXP_028010031.1	0.652	92	32	0	1	92	1	92	3.109E-34	125
NP_001019381.1	efXP_008154009.1	0.815	92	17	0	1	92	1	92	2.702E-46	160
NP_001019381.1	efXP_027987370.1	0.815	92	17	0	1	92	1	92	2.702E-46	160
NP_001019382.1	efXP_008154009.1	0.815	92	17	0	1	92	1	92	2.702E-46	160
NP_001019382.1	efXP_027987370.1	0.815	92	17	0	1	92	1	92	2.702E-46	160
NP_001019383.1	efXP_008154009.1	0.815	92	17	0	1	92	1	92	2.702E-46	160
NP_001019383.1	efXP_027987370.1	0.815	92	17	0	1	92	1	92	2.702E-46	160
NP_001019384.1	efXP_008154009.1	0.815	92	17	0	1	92	1	92	2.702E-46	160
NP_001019384.1	efXP_027987370.1	0.815	92	17	0	1	92	1	92	2.702E-46	160
NP_001137285.1	efXP_008147173.1	0.971	247	7	0	1	247	1	247	1.124E-162	504
NP_001137286.1	efXP_008147173.1	0.971	247	7	0	1	247	1	247	1.124E-162	504
NP_001137288.1	efXP_008147173.1	0.971	247	7	0	1	247	1	247	1.124E-162	504
NP_950252.1	efXP_028013873.1	0.943	766	44	0	1	766	1	766	0.000E+00	1545
XP_005245175.1	efXP_028013873.1	0.943	766	44	0	1	766	1	766	0.000E+00	1545
XP_005245176.1	efXP_028013873.1	0.943	766	44	0	1	766	1	766	0.000E+00	1545
XP_005245177.1	efXP_028013873.1	0.943	766	44	0	1	766	1	766	0.000E+00	1545
NP_001720.1	efXP_054579435.1	0.622	205	67	0	1	177	1	205	1.018E-78	258
NP_002972.1	efXP_008152069.2	0.494	93	46	0	1	91	1	93	2.375E-23	94
NP_002977.1	efXP_008145995.2	0.670	97	32	0	1	97	1	97	1.172E-38	138
NP_002984.1	efXP_054584387.1	0.657	114	39	0	1	114	1	114	3.179E-44	155
NP_757373.1	efXP_008152093.3	0.765	196	45	0	10	203	1	196	6.146E-97	312
NP_149354.1	efXP_054585053.1	0.978	233	5	0	1	233	1	233	1.484E-152	474
NP_149355.1	efXP_054585055.1	0.995	204	1	0	1	204	1	204	1.697E-136	426
NP_002001.1	efXP_008159310.1	1.000	208	0	0	1	208	1	208	5.750E-142	442
NP_005121.1	efXP_054580065.1	0.571	243	100	0	1	234	1	243	4.219E-81	268
NP_689642.3	efXP_054585240.1	0.738	260	67	0	1	258	1	260	4.457E-127	402
NP_004460.1	efXP_054571507.1	0.830	354	60	0	1	354	1	354	2.977E-214	659
NP_060525.3	efXP_008143643.2	0.824	347	61	0	1	347	1	347	2.738E-194	601
NP_005970.1	efXP_008154009.1	0.815	92	17	0	1	92	1	92	2.702E-46	160
NP_005970.1	efXP_027987370.1	0.815	92	17	0	1	92	1	92	2.702E-46	160
XP_005245491.1	efXP_008154009.1	0.815	92	17	0	1	92	1	92	2.702E-46	160
XP_005245491.1	efXP_027987370.1	0.815	92	17	0	1	92	1	92	2.702E-46	160
NP_065723.1	efXP_008154010.1	0.922	103	8	0	1	103	1	103	8.837E-61	202
NP_065723.1	efXP_054567616.1	0.922	103	8	0	1	103	1	103	8.837E-61	202
NP_065723.1	efXP_054567617.1	0.922	103	8	0	1	103	1	103	8.837E-61	202
NP_065723.1	efXP_054567618.1	0.922	103	8	0	1	103	1	103	8.837E-61	202
XP_005245419.1	efXP_008154010.1	0.922	103	8	0	1	103	1	103	8.837E-61	202
XP_005245419.1	efXP_054567616.1	0.922	103	8	0	1	103	1	103	8.837E-61	202
XP_005245419.1	efXP_054567617.1	0.922	103	8	0	1	103	1	103	8.837E-61	202
XP_005245419.1	efXP_054567618.1	0.922	103	8	0	1	103	1	103	8.837E-61	202
XP_006711531.1	efXP_008154010.1	0.922	103	8	0	1	103	1	103	8.837E-61	202
XP_006711531.1	efXP_054567616.1	0.922	103	8	0	1	103	1	103	8.837E-61	202
XP_006711531.1	efXP_054567617.1	0.922	103	8	0	1	103	1	103	8.837E-61	202
XP_006711531.1	efXP_054567618.1	0.922	103	8	0	1	103	1	103	8.837E-61	202
NP_525127.1	efXP_054567528.1	0.922	103	8	0	1	103	1	103	2.072E-59	198
NP_525127.1	efXP_008154011.1	0.922	103	8	0	1	103	1	103	2.072E-59	198
XP_005244962.1	efXP_054567528.1	0.922	103	8	0	1	103	1	103	2.072E-59	198
XP_005244962.1	efXP_008154011.1	0.922	103	8	0	1	103	1	103	2.072E-59	198
XP_005244963.1	efXP_054567528.1	0.922	103	8	0	1	103	1	103	2.072E-59	198
XP_005244963.1	efXP_008154011.1	0.922	103	8	0	1	103	1	103	2.072E-59	198
NP_001012333.1	efXP_054580622.1	0.909	143	13	0	1	143	1	143	5.616E-93	297
NP_001012333.1	efXP_054580623.1	0.909	143	13	0	1	143	1	143	5.616E-93	297
NP_001012333.1	efXP_054580624.1	0.909	143	13	0	1	143	1	143	5.616E-93	297
NP_001012333.1	efXP_054580625.1	0.909	143	13	0	1	143	1	143	5.616E-93	297
NP_001012333.1	efXP_054580626.1	0.909	143	13	0	1	143	1	143	5.616E-93	297
NP_001012333.1	efXP_054580627.1	0.909	143	13	0	1	143	1	143	5.616E-93	297
NP_003386.1	efXP_054573135.1	0.967	365	12	0	1	365	1	364	2.600E-247	755
NP_003387.1	efXP_054565659.1	0.952	358	17	0	1	357	1	358	4.105E-238	728
NP_002986.1	efXP_008151400.2	0.693	111	33	0	1	111	1	109	7.081E-44	154
NP_001183980.1	efXP_054581276.1	0.941	576	34	0	1	569	1	576	0.000E+00	1110
NP_996890.1	efXP_008151873.2	0.858	92	13	0	1	92	1	92	6.031E-51	173
NP_996890.1	efXP_008151873.2	0.858	92	13	0	1	92	1	92	6.031E-51	173
NP_002976.2	efXP_008151876.1	0.813	91	17	0	1	91	1	91	7.789E-48	164
NP_001153471.1	efXP_054576033.1	0.934	611	40	0	14	624	248	857	0.000E+00	1183
NP_039250.2	efXP_054576033.1	0.934	611	40	0	35	645	248	857	0.000E+00	1183
NP_001171864.1	efXP_054572988.1	0.938	784	48	0	1	784	1	775	0.000E+00	1507
NP_001171864.1	efXP_054572988.1	0.938	784	48	0	1	784	1	775	0.000E+00	1507
NP_004874.1	efXP_008139742.2	0.943	850	48	0	1	850	1	841	0.000E+00	1654
NP_053584.1	efXP_054572987.1	0.943	844	48	0	1	844	1	835	0.000E+00	1640
NP_053585.1	efXP_054572986.1	0.944	858	47	0	1	858	1	849	0.000E+00	1671
NP_053586.1	efXP_008139734.2	0.943	852	48	0	1	852	1	843	0.000E+00	1657
NP_001010848.2	efXP_054585047.1	0.931	703	48	0	1	696	1	703	0.000E+00	1346
XP_005262279.1	efXP_008157626.3	0.958	458	19	0	1	457	8	465	9.881E-324	981
XP_006724303.1	efXP_054568602.1	0.861	202	28	0	1	202	1	202	3.162E-120	379
NP_057289.1	efXP_008142771.1	0.936	345	22	0	1	345	1	344	7.097E-226	692
NP_057289.1	efXP_054573632.1	0.936	345	22	0	1	345	1	344	7.097E-226	692
NP_079484.1	efXP_008148407.1	0.897	370	38	0	1	370	1	370	2.013E-235	721
NP_149126.1	efXP_008148408.1	0.895	364	38	0	1	364	1	364	4.889E-231	708
NP_002610.1	efXP_008141903.2	0.695	105	31	0	1	101	1	105	1.156E-40	144
NP_001034860.1	efXP_008156656.1	0.946	205	11	0	1	205	1	205	3.798E-128	402
NP_542184.1	efXP_008139416.1	0.970	201	6	0	1	201	1	198	1.021E-123	389
NP_597716.1	efXP_008147812.2	0.888	410	45	0	1	406	1	410	1.661E-264	807
XP_005266705.1	efXP_008147812.2	0.888	410	45	0	1	406	1	410	1.661E-264	807
XP_006722456.1	efXP_008147812.2	0.888	410	45	0	1	406	1	410	1.661E-264	807
NP_001121070.1	efXP_054581830.1	0.809	184	34	0	57	236	1	184	1.413E-94	307
NP_001121070.1	efXP_054581831.1	0.809	184	34	0	57	236	1	184	1.413E-94	307
NP_001121070.1	efXP_027993235.1	0.809	184	34	0	57	236	1	184	1.413E-94	307
NP_001278790.1	efXP_054581830.1	0.809	184	34	0	1	180	1	184	1.098E-95	307
NP_001278790.1	efXP_054581831.1	0.809	184	34	0	1	180	1	184	1.098E-95	307
NP_001278790.1	efXP_027993235.1	0.809	184	34	0	1	180	1	184	1.098E-95	307
NP_001278791.1	efXP_054581830.1	0.809	184	34	0	1	180	1	184	1.098E-95	307
NP_001278791.1	efXP_054581831.1	0.809	184	34	0	1	180	1	184	1.098E-95	307
NP_001278791.1	efXP_027993235.1	0.809	184	34	0	1	180	1	184	1.098E-95	307
NP_002172.2	efXP_008143375.2	0.944	411	23	0	1	411	1	410	4.249E-265	809
NP_000563.1	efXP_008152395.1	0.825	178	31	0	1	178	1	178	1.100E-94	304
NP_000632.1	efXP_008159360.2	0.919	199	16	0	1	199	1	199	2.745E-120	379
NP_000873.2	efXP_054566991.1	0.800	220	44	0	35	253	1	220	4.133E-108	347
NP_002178.2	efXP_008145883.2	0.851	329	49	0	1	328	1	329	2.777E-193	597
NP_476509.1	efXP_008155810.2	0.901	365	36	0	1	365	1	361	2.946E-237	726
NP_003382.1	efXP_008150646.1	0.941	360	21	0	1	360	1	360	4.567E-247	754
NP_078613.1	efXP_008145388.2	0.967	394	13	0	1	391	1	394	2.564E-269	820
NP_110380.1	efXP_008147698.1	0.994	355	2	0	1	355	1	355	1.302E-258	787
NP_149122.1	efXP_008149634.1	0.946	352	19	0	1	352	1	352	4.541E-243	742
NP_110388.2	efXP_054576636.1	1.000	351	0	0	1	351	1	351	1.777E-244	746
NP_003384.2	efXP_054585346.1	0.974	351	9	0	1	351	26	376	4.332E-243	742
NP_001244138.1	efXP_008139140.1	0.948	155	8	0	1	155	1	155	2.517E-99	316
NP_001244139.1	efXP_008139140.1	0.948	155	8	0	1	155	1	155	2.517E-99	316
NP_004456.1	efXP_008149871.1	0.868	228	27	0	1	208	1	228	1.629E-130	409
XP_005248321.1	efXP_008149871.1	0.868	228	27	0	1	208	1	228	1.629E-130	409
NP_004103.1	efXP_008151750.1	0.968	225	7	0	1	225	1	225	4.367E-145	452
NP_005969.1	efXP_054568025.1	0.876	97	12	0	1	97	1	97	2.824E-53	180
NP_002951.1	efXP_027987377.2	0.910	101	9	0	1	101	35	135	6.247E-63	208
NP_006410.1	efXP_008141874.3	0.459	98	52	0	1	98	1	98	7.725E-25	99
XP_006714126.1	efXP_008141874.3	0.459	98	52	0	1	98	1	98	7.725E-25	99
NP_004878.2	efXP_008140315.1	0.959	99	4	0	13	111	1	99	5.575E-61	203
NP_002080.1	efXP_054584340.1	0.740	108	28	0	1	107	1	108	4.162E-46	160
NP_002081.2	efXP_054584340.1	0.759	104	25	0	4	107	5	108	4.162E-46	160
NP_000575.1	efXP_054578078.1	0.731	97	26	0	1	97	1	97	4.259E-42	148
NP_002407.1	efXP_054579424.1	0.720	125	34	0	1	124	1	125	3.603E-56	190
NP_001244137.1	efXP_008139140.1	0.948	155	8	0	1	155	1	155	2.517E-99	316
NP_005529.1	efXP_008146909.3	0.835	352	58	0	1	352	1	352	1.551E-194	602
NP_113667.1	efXP_008146910.1	0.837	351	57	0	1	350	1	351	2.179E-198	613
NP_000198.1	efXP_008158493.2	0.809	110	20	0	1	110	1	106	9.664E-55	185
NP_001172026.1	efXP_008158493.2	0.809	110	20	0	1	110	1	106	9.664E-55	185
NP_001172027.1	efXP_008158493.2	0.809	110	20	0	1	110	1	106	9.664E-55	185
NP_001278826.1	efXP_008158493.2	0.809	110	20	0	1	110	1	106	9.664E-55	185
NP_005534.2	efXP_008154639.2	0.685	134	41	0	1	131	1	134	7.917E-59	198
NP_000603.1	efXP_054581830.1	0.809	184	34	0	1	180	1	184	1.098E-95	307
NP_000603.1	efXP_054581831.1	0.809	184	34	0	1	180	1	184	1.098E-95	307
NP_000603.1	efXP_027993235.1	0.809	184	34	0	1	180	1	184	1.098E-95	307
NP_001007140.2	efXP_054581830.1	0.809	184	34	0	1	180	1	184	1.098E-95	307
NP_001007140.2	efXP_054581831.1	0.809	184	34	0	1	180	1	184	1.098E-95	307
NP_001007140.2	efXP_027993235.1	0.809	184	34	0	1	180	1	184	1.098E-95	307
NP_783165.1	efXP_008151904.2	0.864	573	77	0	1	573	1	569	0.000E+00	1084
NP_009122.2	efXP_008146975.1	0.952	379	18	0	1	379	1	379	1.755E-267	814
NP_005421.1	efXP_008138850.1	0.991	370	3	0	1	370	1	370	8.209E-263	800
NP_079492.2	efXP_008143378.1	0.949	418	21	0	1	417	1	418	5.302E-283	861
NP_003385.2	efXP_028000093.1	0.974	389	10	0	1	389	1	389	3.931E-272	828
NP_004617.2	efXP_054580751.1	0.977	354	8	0	1	354	1	354	1.700E-246	752
NP_004617.2	efXP_054580752.1	0.977	354	8	0	1	354	1	354	1.700E-246	752
NP_004617.2	efXP_008148210.1	0.977	354	8	0	1	354	1	354	1.700E-246	752
XP_005274288.1	efXP_054580751.1	0.977	354	8	0	1	354	1	354	1.700E-246	752
XP_005274288.1	efXP_054580752.1	0.977	354	8	0	1	354	1	354	1.700E-246	752
XP_005274288.1	efXP_008148210.1	0.977	354	8	0	1	354	1	354	1.700E-246	752
NP_001001557.1	efXP_054564646.1	0.852	464	67	0	1	455	1	464	6.005E-266	814
NP_000577.2	efXP_008141498.1	0.614	153	58	0	1	153	1	152	2.652E-56	192
NP_061194.2	efXP_027985029.2	0.735	174	46	0	1	174	1	173	1.412E-82	269
NP_061194.2	efXP_008152496.2	0.735	174	46	0	1	174	1	173	1.412E-82	269
NP_065386.1	efXP_008146988.2	0.709	179	52	0	1	179	1	179	9.696E-80	261
XP_005268986.1	efXP_008146988.2	0.709	179	52	0	1	179	1	179	9.696E-80	261
NP_057668.1	efXP_008146866.2	0.817	197	34	0	1	189	1	197	9.457E-102	325
NP_001172085.1	efXP_027985020.2	0.718	181	51	0	27	207	3	183	1.171E-82	271
NP_001172085.1	efXP_027985024.2	0.718	181	51	0	27	207	3	183	1.171E-82	271
NP_116741.2	efXP_054565345.1	0.495	116	57	0	1	113	33	148	1.372E-28	110
NP_116741.2	efXP_054565344.1	0.495	116	57	0	1	113	37	152	1.372E-28	110
NP_004581.1	efXP_027984364.2	0.642	109	38	0	1	107	1	109	1.262E-40	145
XP_005258077.1	efXP_027984364.2	0.642	109	38	0	1	107	1	109	1.262E-40	145
XP_006725397.1	efXP_027984364.2	0.642	109	38	0	1	107	1	109	1.262E-40	145
NP_002978.1	efXP_054567185.1	0.670	94	31	0	1	94	1	94	2.509E-37	134
NP_002978.1	efXP_054567186.1	0.670	94	31	0	1	94	1	94	2.509E-37	134
NP_002978.1	efXP_054567187.1	0.670	94	31	0	1	94	1	94	2.509E-37	134
NP_002978.1	efXP_054567188.1	0.670	94	31	0	1	94	1	94	2.509E-37	134
NP_002978.1	efXP_054567189.1	0.670	94	31	0	1	94	1	94	2.509E-37	134
NP_002978.1	efXP_054567190.1	0.670	94	31	0	1	94	1	94	2.509E-37	134
NP_002978.1	efXP_054567184.1	0.670	94	31	0	1	94	14	107	2.509E-37	134
NP_002978.1	efXP_054567183.1	0.670	94	31	0	1	94	15	108	2.509E-37	134
NP_002978.1	efXP_054567182.1	0.670	94	31	0	1	94	20	113	2.509E-37	134
NP_002978.1	efXP_054567181.1	0.670	94	31	0	1	94	21	114	2.509E-37	134
NP_002978.1	efXP_054567180.1	0.670	94	31	0	1	94	22	115	2.509E-37	134
NP_004953.1	efXP_008147297.2	0.830	478	81	0	1	478	1	477	4.174E-264	810
NP_757366.2	efXP_054569248.1	0.617	1330	476	0	1	1330	46	1290	0.000E+00	1519
NP_002181.1	efXP_008155720.1	0.748	155	38	0	1	155	1	153	1.040E-75	248
NP_055258.1	efXP_008150411.1	0.911	180	16	0	1	180	1	180	4.827E-113	357
NP_037410.1	efXP_054566885.1	0.781	197	42	0	3	197	2	198	1.822E-98	316
NP_002598.4	efXP_008154245.1	0.890	211	23	0	1	211	1	211	2.739E-126	397
NP_148983.1	efXP_027987757.1	0.887	196	22	0	1	196	1	196	3.166E-117	370
XP_006715796.1	efXP_008154245.1	0.890	211	23	0	1	211	1	211	2.739E-126	397
NP_004048.1	efXP_008153158.1	0.810	79	15	0	1	79	1	79	2.430E-38	136
NP_005971.1	efXP_054578418.1	0.559	93	40	0	1	93	1	92	2.194E-31	117
NP_570128.2	efXP_054570319.1	0.767	99	23	0	1	99	24	121	1.408E-45	158
NP_766638.2	efXP_054575592.1	0.906	988	93	0	1	988	1	988	0.000E+00	2028
XP_005263695.1	efXP_008158474.1	0.812	155	29	0	1	155	1	155	4.808E-84	272
NP_055254.2	efXP_027993196.2	0.486	218	111	0	1	218	1	216	8.878E-56	194
NP_775270.1	efXP_027993198.2	0.586	149	61	0	9	157	31	178	4.652E-52	180
NP_000585.2	efXP_054578105.1	0.806	233	44	0	1	233	1	230	1.340E-119	379
NP_003801.1	efXP_008140527.2	0.675	273	87	0	11	280	11	283	2.383E-119	381
NP_003692.1	efXP_008143771.1	0.903	321	31	0	1	317	1	321	1.385E-195	603
NP_003800.1	efXP_008151745.2	0.883	249	29	0	1	249	1	248	3.610E-142	445
NP_005746.2	efXP_054572891.1	0.730	234	62	0	1	229	1	234	4.335E-113	360
NP_001005609.1	efXP_008154177.1	0.922	389	30	0	1	389	1	389	1.474E-248	760
NP_001005610.2	efXP_054572954.1	0.825	132	23	0	1	132	1	132	1.779E-68	226
NP_006110.1	efXP_054585054.1	0.995	215	1	0	1	215	1	215	1.477E-143	447
NP_149353.1	efXP_054585052.1	0.979	244	5	0	1	244	1	244	5.814E-160	496
NP_001483.3	efXP_008154598.1	0.778	372	82	0	1	372	1	371	1.477E-187	583
NP_005802.1	efXP_028012294.2	0.980	407	8	0	1	407	1	404	2.597E-277	844
XP_006719256.1	efXP_028012294.2	0.980	407	8	0	1	407	1	404	2.597E-277	844
XP_006719257.1	efXP_028012294.2	0.980	407	8	0	1	407	1	404	2.597E-277	844
NP_004855.2	efXP_008154622.2	0.671	295	97	0	14	308	2	296	1.724E-127	406
NP_057288.1	efXP_008147296.2	0.773	429	95	0	1	429	1	421	6.870E-225	694
NP_065685.1	efXP_008138615.2	0.830	365	62	0	1	364	1	365	2.802E-211	651
NP_000548.2	efXP_008147908.1	0.948	501	26	0	1	501	1	499	0.000E+00	998
NP_002952.1	efXP_008154014.1	0.900	101	10	0	1	101	1	101	2.077E-58	195
NP_062427.1	efXP_008154014.1	0.900	101	10	0	1	101	1	101	2.077E-58	195
NP_002953.2	efXP_008154015.2	0.935	93	6	0	1	92	1	93	2.445E-52	177
XP_005253090.2	efXP_054580719.1	0.881	1025	119	0	1	999	1	1025	0.000E+00	1999
NP_689966.2	efXP_008150216.1	0.968	993	32	0	1	993	1	993	0.000E+00	2162
NP_003003.3	efXP_028004460.2	0.955	314	14	0	1	314	1	314	6.066E-212	650
NP_003005.2	efXP_008148451.2	0.956	346	15	0	1	346	1	346	7.185E-235	718
NP_000184.1	efXP_008154666.2	0.904	462	42	0	1	462	1	443	7.410E-276	843
NP_001008536.1	efXP_028010112.2	0.550	891	356	0	1	891	1	792	6.542E-275	864
NP_775184.1	efXP_008158475.2	0.827	151	26	0	1	151	1	151	4.171E-84	272
XP_005258788.1	efXP_008152613.2	0.846	202	31	0	8	209	8	207	5.571E-109	347
NP_002167.1	efXP_008143266.2	0.524	187	88	0	1	187	1	186	2.411E-56	194
NP_795372.1	efXP_008152308.2	0.746	189	48	0	1	189	1	189	5.819E-91	295
NP_000610.2	efXP_008146986.1	0.593	164	66	0	1	164	1	163	1.161E-54	188
NP_064509.2	efXP_008152293.2	0.626	208	77	0	1	207	1	208	8.862E-86	280
NP_002168.1	efXP_008159972.2	0.628	194	72	0	1	194	1	194	2.916E-75	249
NP_001192.2	efXP_008141853.2	0.850	474	71	0	1	472	1	474	6.933E-273	835
NP_005611.1	efXP_008145478.3	0.846	98	15	0	1	98	1	98	2.068E-52	178
NP_733931.1	efXP_008147173.1	0.971	247	7	0	1	247	1	247	1.124E-162	504
NP_066382.1	efXP_008138858.1	0.967	396	13	0	1	396	1	396	6.775E-261	796
NP_000790.2	efXP_054570238.1	0.815	189	35	0	5	193	49	237	9.938E-95	305
NP_001423.1	efXP_054578058.1	0.816	147	27	0	23	169	49	195	2.749E-80	262
NP_000630.1	efXP_008144082.2	0.850	281	42	0	1	281	1	278	9.288E-165	512
NP_000791.1	efXP_008139140.1	0.948	155	8	0	1	155	1	155	2.517E-99	316
NP_001138364.1	efXP_008139140.1	0.948	155	8	0	1	155	1	155	2.517E-99	316
NP_001138406.1	efXP_008139140.1	0.948	155	8	0	1	155	1	155	2.517E-99	316
NP_001138407.1	efXP_008139140.1	0.948	155	8	0	1	155	1	155	2.517E-99	316
NP_001244134.1	efXP_008139140.1	0.948	155	8	0	1	155	1	155	2.517E-99	316
NP_001244136.1	efXP_008139140.1	0.948	155	8	0	1	155	1	155	2.517E-99	316
NP_001454.2	efXP_008136715.1	0.978	325	7	0	1	325	1	325	8.935E-222	679
NP_006341.1	efXP_027985902.1	0.936	317	20	0	1	317	1	317	2.512E-223	683
NP_037541.1	efXP_008153023.1	0.941	344	20	0	1	344	1	344	7.594E-242	738
NP_009016.1	efXP_008144868.2	0.970	308	9	0	1	308	2	307	1.224E-209	643
NP_005851.1	efXP_054573553.1	0.878	263	32	0	1	263	1	263	5.083E-171	529
NP_001710.1	efXP_008139422.1	0.979	431	9	0	1	431	1	431	3.711E-294	894
XP_006711409.1	efXP_054568226.1	0.660	495	157	0	1	495	1	463	3.041E-195	612
NP_006063.1	efXP_054570828.1	0.573	89	38	0	1	89	1	89	5.180E-30	113
NP_006063.1	efXP_008139686.2	0.573	89	38	0	1	89	1	89	5.180E-30	113
NP_005614.2	efXP_008145996.3	0.686	99	31	0	1	99	1	99	4.259E-42	148
NP_002300.1	efXP_054568602.1	0.861	202	28	0	1	202	1	202	3.162E-120	379
NP_115934.1	efXP_008158339.1	0.662	145	49	0	13	157	2	146	4.965E-65	221
NP_003732.2	efXP_054569083.1	0.903	958	93	0	1	955	1	958	0.000E+00	1853
XP_005247907.1	efXP_054569083.1	0.901	958	94	0	1	954	1	958	0.000E+00	1853
NP_001137454.1	efXP_008157626.3	0.958	458	19	0	1	457	8	465	9.881E-324	981
NP_006265.1	efXP_008140389.1	0.721	97	26	0	2	98	6	100	2.234E-40	143
NP_002973.1	efXP_008145993.1	0.673	98	32	0	1	98	1	98	4.716E-41	145
NP_001123518.1	efXP_028006633.2	0.663	92	31	0	4	95	4	95	5.295E-38	136
NP_004582.1	efXP_008143301.2	0.666	93	31	0	4	96	4	96	1.117E-38	138
NP_002980.1	efXP_008140388.1	0.761	134	30	0	1	134	1	128	7.492E-61	204
NP_002981.2	efXP_008150584.2	0.692	91	28	0	1	91	1	91	4.810E-38	136
NP_057274.1	efXP_054568226.1	0.660	495	157	0	1	495	1	463	3.041E-195	612
NP_000600.1	efXP_028012683.1	0.924	93	7	0	1	93	1	93	9.416E-55	184
NP_002599.1	efXP_008142831.1	0.875	241	30	0	1	241	1	241	5.032E-143	447
XP_005245174.1	efXP_028013873.1	0.943	766	44	0	1	766	1	766	0.000E+00	1545
NP_006655.1	efXP_008140390.1	0.705	112	33	0	1	112	1	112	9.615E-48	165
NP_683513.1	efXP_054570333.1	0.704	105	30	0	22	126	20	121	4.317E-47	164
NP_001001437.2	efXP_008151875.1	0.774	93	21	0	1	93	1	93	4.725E-46	159
NP_001137277.1	efXP_008147173.1	0.971	247	7	0	1	247	1	247	1.124E-162	504
NP_001137278.1	efXP_008147173.1	0.971	247	7	0	1	247	1	247	1.124E-162	504
NP_001137279.1	efXP_008147173.1	0.971	247	7	0	1	247	1	247	1.124E-162	504
NP_001137280.1	efXP_008147173.1	0.971	247	7	0	1	247	1	247	1.124E-162	504
NP_001137281.1	efXP_008147169.1	0.968	255	8	0	22	276	4	258	2.750E-167	519
NP_001137282.1	efXP_008147169.1	0.968	255	8	0	75	329	4	258	3.151E-166	519
NP_001137283.1	efXP_008147173.1	0.971	247	7	0	1	247	1	247	1.124E-162	504
NP_001137284.1	efXP_008147173.1	0.971	247	7	0	1	247	1	247	1.124E-162	504
NP_000591.1	efXP_008146431.1	0.604	210	82	0	1	210	1	207	9.528E-79	260
NP_000871.1	efXP_027997859.1	0.666	177	58	0	1	177	1	176	3.473E-73	242
NP_001186815.1	efXP_027997861.1	0.684	133	41	0	1	133	1	132	2.135E-57	194
NP_000581.1	efXP_008144115.1	0.697	139	42	0	1	139	1	139	1.986E-63	212
NP_002182.1	efXP_008143342.2	0.829	364	62	0	3	366	5	367	2.185E-206	637
NP_005469.2	efXP_054572826.1	0.353	110	69	0	26	135	32	139	7.793E-10	57
NP_002955.2	efXP_008145468.1	0.674	89	29	0	1	89	1	89	8.730E-40	141
NP_002956.1	efXP_008145594.2	0.616	107	40	0	6	111	4	110	1.058E-39	142
NP_006263.1	efXP_008143856.1	0.945	92	5	0	1	92	1	92	8.102E-56	187
XP_005245634.1	efXP_028007888.2	0.940	491	29	0	1	491	1	490	0.000E+00	985
XP_005245634.1	efXP_054568149.1	0.940	491	29	0	1	491	1	490	0.000E+00	985
NP_036230.1	efXP_008153539.2	0.963	493	18	0	1	493	1	493	0.000E+00	1030
XP_005273733.1	efXP_054572779.1	0.960	205	8	0	1	205	1	205	5.782E-132	413
NP_003853.1	efXP_054574116.1	0.990	206	2	0	1	206	1	206	3.602E-138	431
NP_005108.1	efXP_008145233.2	0.775	214	48	0	3	216	6	219	6.384E-111	353
NP_055310.1	efXP_008137607.2	0.875	456	57	0	1	455	1	456	1.370E-276	845
NP_958854.1	efXP_054583058.1	0.621	272	82	0	1	272	1	218	1.098E-106	344
NP_001450.2	efXP_054567000.1	0.774	226	51	0	1	225	1	226	1.837E-108	347
NP_001012334.1	efXP_054580622.1	0.909	143	13	0	1	143	1	143	5.616E-93	297
NP_001012334.1	efXP_054580623.1	0.909	143	13	0	1	143	1	143	5.616E-93	297
NP_001012334.1	efXP_054580624.1	0.909	143	13	0	1	143	1	143	5.616E-93	297
NP_001012334.1	efXP_054580625.1	0.909	143	13	0	1	143	1	143	5.616E-93	297
NP_001012334.1	efXP_054580626.1	0.909	143	13	0	1	143	1	143	5.616E-93	297
NP_001012334.1	efXP_054580627.1	0.909	143	13	0	1	143	1	143	5.616E-93	297
NP_000609.1	efXP_008142970.1	0.934	153	10	0	1	153	1	153	2.773E-97	310
NP_001104754.1	efXP_008142971.1	0.934	137	9	0	1	137	1	137	8.302E-86	276
NP_001104755.1	efXP_008142969.1	0.893	187	20	0	1	186	1	187	4.853E-112	355
NP_001104753.1	efXP_028006022.1	0.924	159	12	0	1	158	1	159	3.200E-98	313
NP_005109.2	efXP_008150327.3	0.797	256	51	0	1	251	1	256	4.121E-133	419
NP_005083.2	efXP_054567689.1	0.689	177	55	0	23	199	1	177	1.507E-84	276
NP_003317.1	efXP_008144245.3	0.690	181	55	0	1	181	1	180	3.776E-75	248
NP_001235.1	efXP_008150328.2	0.790	234	49	0	1	234	1	234	1.782E-125	396
NP_003802.1	efXP_028015197.2	0.641	250	89	0	1	249	1	250	5.848E-87	286
NP_001014364.1	efXP_054568227.1	0.529	2363	906	0	1	2363	1	1924	0.000E+00	2206
NP_001191431.1	efXP_054567000.1	0.774	226	51	0	1	225	1	226	1.837E-108	347
NP_001073966.2	efXP_054582903.1	0.869	602	78	0	1	602	1	600	0.000E+00	1126
NP_066278.3	efXP_008153797.3	0.846	725	111	0	1	725	4	728	0.000E+00	1382
NP_005250.1	efXP_008144730.2	0.896	375	39	0	1	375	1	375	1.144E-235	722
NP_002497.2	efXP_054567725.1	0.900	241	24	0	1	241	1	241	7.689E-147	458
NP_002497.2	efXP_028009930.1	0.900	241	24	0	1	241	1	241	7.689E-147	458
XP_006710726.1	efXP_054567725.1	0.900	241	24	0	1	241	1	241	7.689E-147	458
XP_006710726.1	efXP_028009930.1	0.900	241	24	0	1	241	1	241	7.689E-147	458
XP_006710727.1	efXP_054567725.1	0.900	241	24	0	1	241	1	241	7.689E-147	458
XP_006710727.1	efXP_028009930.1	0.900	241	24	0	1	241	1	241	7.689E-147	458
XP_006710728.1	efXP_054567725.1	0.900	241	24	0	1	241	1	241	7.689E-147	458
XP_006710728.1	efXP_028009930.1	0.900	241	24	0	1	241	1	241	7.689E-147	458
NP_001997.5	efXP_054572711.1	0.803	270	52	0	26	288	6	275	2.852E-138	436
NP_062825.1	efXP_008144444.2	0.957	211	9	0	1	211	1	210	2.367E-136	426
NP_061986.1	efXP_008152613.2	0.846	202	31	0	8	209	8	207	5.571E-109	347
NP_065688.1	efXP_008148939.1	0.794	170	35	0	1	170	1	170	5.477E-90	290
NP_065689.1	efXP_008142063.1	0.792	249	51	0	1	249	1	247	2.450E-130	411
NP_001191432.1	efXP_054567000.1	0.774	226	51	0	1	225	1	226	1.837E-108	347
XP_006723180.1	efXP_054567002.1	0.764	208	49	0	1	207	19	226	1.013E-97	315
NP_003367.4	efXP_008151462.2	0.898	395	40	0	1	395	75	469	6.249E-244	747
NP_066286.1	efXP_008151875.1	0.774	93	21	0	1	93	1	93	4.725E-46	159
NP_002975.1	efXP_008151873.2	0.847	92	14	0	1	92	1	92	6.031E-51	173
NP_001700.2	efXP_008147173.1	0.971	247	7	0	1	247	1	247	1.124E-162	504
NP_733927.1	efXP_008147169.1	0.972	254	7	0	2	255	5	258	1.026E-167	519
NP_733928.1	efXP_008147173.1	0.971	247	7	0	1	247	1	247	1.124E-162	504
NP_733929.1	efXP_008147173.1	0.971	247	7	0	1	247	1	247	1.124E-162	504
NP_733930.1	efXP_008147169.1	0.972	254	7	0	9	262	5	258	1.427E-167	519
NP_055297.1	efXP_008145733.1	0.905	424	40	0	1	424	1	424	2.271E-261	799
NP_001711.2	efXP_054576441.1	0.893	404	43	0	1	402	1	404	5.465E-249	762
NP_066988.1	efXP_028007862.2	0.946	783	42	0	1	783	1	783	0.000E+00	1568
XP_005245436.1	efXP_028007862.2	0.946	783	42	0	1	783	1	783	0.000E+00	1568
NP_001243034.1	efXP_008144547.1	0.994	360	2	0	6	365	1	360	2.756E-255	778
NP_003383.2	efXP_008144547.1	0.994	360	2	0	21	380	1	360	5.573E-255	778
XP_006713387.1	efXP_008144547.1	0.994	360	2	0	6	365	1	360	2.756E-255	778
NP_110402.2	efXP_054574737.1	0.935	359	23	0	1	359	1	358	1.687E-240	735
NP_116031.1	efXP_054574737.1	0.935	359	23	0	1	359	1	358	1.687E-240	735
NP_006513.1	efXP_008143379.1	0.958	365	15	0	1	365	1	365	2.370E-248	758
NP_004616.2	efXP_008156795.1	0.982	349	6	0	1	349	1	349	1.343E-246	752
NP_478679.1	efXP_054574556.1	0.979	349	7	0	1	349	1	349	6.633E-246	750
XP_005272134.1	efXP_054572977.1	0.887	354	40	0	1	354	1	354	5.589E-225	690
NP_066360.1	efXP_008149827.1	1.000	243	0	0	1	243	1	243	1.022E-161	501
NP_005238.1	efXP_008145230.3	0.918	220	18	0	1	215	1	220	1.168E-132	417
NP_001998.1	efXP_008145232.2	0.907	206	19	0	1	206	1	206	3.159E-122	385
XP_006718538.1	efXP_008145232.2	0.907	206	19	0	1	206	1	206	3.159E-122	385
NP_004455.2	efXP_008141859.2	0.899	268	27	0	1	268	1	266	9.723E-158	491
NP_066276.2	efXP_008141968.1	0.947	208	11	0	1	208	1	208	1.791E-129	406
NP_002000.1	efXP_008141352.1	0.953	194	9	0	1	194	1	194	2.253E-128	402
NP_000870.1	efXP_008140699.2	0.649	134	47	0	1	134	1	134	4.438E-50	173
NP_001257479.1	efXP_054580622.1	0.909	143	13	0	1	143	1	143	5.616E-93	297
NP_001257479.1	efXP_054580623.1	0.909	143	13	0	1	143	1	143	5.616E-93	297
NP_001257479.1	efXP_054580624.1	0.909	143	13	0	1	143	1	143	5.616E-93	297
NP_001257479.1	efXP_054580625.1	0.909	143	13	0	1	143	1	143	5.616E-93	297
NP_001257479.1	efXP_054580626.1	0.909	143	13	0	1	143	1	143	5.616E-93	297
NP_001257479.1	efXP_054580627.1	0.909	143	13	0	1	143	1	143	5.616E-93	297
NP_001257480.1	efXP_054580622.1	0.909	143	13	0	1	143	1	143	5.616E-93	297
NP_001257480.1	efXP_054580623.1	0.909	143	13	0	1	143	1	143	5.616E-93	297
NP_001257480.1	efXP_054580624.1	0.909	143	13	0	1	143	1	143	5.616E-93	297
NP_001257480.1	efXP_054580625.1	0.909	143	13	0	1	143	1	143	5.616E-93	297
NP_001257480.1	efXP_054580626.1	0.909	143	13	0	1	143	1	143	5.616E-93	297
NP_001257480.1	efXP_054580627.1	0.909	143	13	0	1	143	1	143	5.616E-93	297
NP_002382.1	efXP_054580622.1	0.909	143	13	0	1	143	1	143	5.616E-93	297
NP_002382.1	efXP_054580623.1	0.909	143	13	0	1	143	1	143	5.616E-93	297
NP_002382.1	efXP_054580624.1	0.909	143	13	0	1	143	1	143	5.616E-93	297
NP_002382.1	efXP_054580625.1	0.909	143	13	0	1	143	1	143	5.616E-93	297
NP_002382.1	efXP_054580626.1	0.909	143	13	0	1	143	1	143	5.616E-93	297
NP_002382.1	efXP_054580627.1	0.909	143	13	0	1	143	1	143	5.616E-93	297
NP_001243474.1	efXP_008139584.2	0.955	1136	51	0	1	1136	1	1136	0.000E+00	2569
NP_115821.2	efXP_008137329.2	0.953	1044	49	0	1	1044	1	1044	0.000E+00	2370
NP_001400.3	efXP_054576903.1	0.779	1531	337	0	1	1531	1	1524	0.000E+00	2891
NP_001258867.1	efXP_008158439.2	0.937	2845	176	0	1	2845	1	2789	0.000E+00	5934
NP_003229.1	efXP_008148045.1	0.978	414	9	0	1	414	1	414	5.052E-282	858
NP_003230.1	efXP_008137031.1	0.951	412	20	0	1	412	1	408	4.324E-274	835
NP_000470.2	efXP_008148885.3	0.760	574	134	0	1	560	1	574	8.894E-279	857
NP_001137.2	efXP_008141621.1	0.921	498	39	0	1	498	1	497	6.472E-322	978
NP_001186788.1	efXP_008141622.1	0.921	497	39	0	1	497	1	496	6.769E-321	975
NP_001112359.1	efXP_008155987.2	0.810	495	94	0	1	495	17	510	1.052E-279	856
NP_001138.1	efXP_008155986.2	0.810	496	94	0	1	496	17	511	2.234E-280	858
NP_057069.1	efXP_008139469.2	0.646	501	174	0	1	501	1	492	4.017E-205	641
NP_004664.1	efXP_028007888.2	0.940	491	29	0	1	491	1	490	0.000E+00	985
NP_004664.1	efXP_054568149.1	0.940	491	29	0	1	491	1	490	0.000E+00	985
NP_647475.1	efXP_028016346.1	0.774	412	92	0	1	406	1	412	2.948E-214	662
NP_835228.2	efXP_008147453.2	0.906	384	36	0	5	388	4	387	6.945E-248	758
NP_114123.2	efXP_054572849.1	0.886	469	52	0	1	469	1	461	3.935E-287	876
NP_066969.1	efXP_008149995.2	0.921	346	27	0	1	346	1	344	4.027E-224	687
NP_001648.1	efXP_008141901.1	0.762	252	58	0	1	252	1	246	2.656E-121	385
NP_476432.2	efXP_054577133.1	0.765	226	51	0	1	220	1	226	4.573E-108	345
NP_878248.2	efXP_054584425.1	0.819	458	81	0	1	450	1	458	1.443E-244	752
NP_001275753.1	efXP_054573795.1	0.780	366	80	0	1	366	1	366	1.587E-192	597
NP_001275753.1	efXP_054573796.1	0.780	366	80	0	1	366	1	366	1.587E-192	597
NP_001275753.1	efXP_028004398.2	0.780	366	80	0	1	366	1	366	1.587E-192	597
NP_005251.1	efXP_008140621.2	0.770	454	104	0	1	454	1	454	3.891E-235	725
NP_000505.1	efXP_008153812.1	0.952	211	10	0	1	211	1	210	6.359E-134	419
NP_001177397.1	efXP_008153812.1	0.952	211	10	0	18	228	1	210	1.416E-133	419
NP_001177398.1	efXP_008153813.1	0.956	185	8	0	18	202	1	185	7.728E-119	375
NP_954701.1	efXP_008153813.1	0.956	185	8	0	1	185	1	185	3.455E-119	375
NP_000506.2	efXP_054565392.1	0.582	217	90	0	1	217	53	268	2.638E-78	259
NP_612141.1	efXP_054574668.1	0.796	176	35	0	2	177	8	180	2.639E-88	287
NP_443104.1	efXP_054578311.1	0.576	156	64	0	8	163	29	179	8.409E-57	194
NP_001230140.1	efXP_054580693.1	0.697	185	56	0	1	185	1	185	1.050E-83	273
NP_001553.1	efXP_054580692.1	0.693	189	58	0	1	189	1	189	5.160E-85	277
NP_037503.2	efXP_008152497.2	0.789	166	35	0	7	172	34	199	1.223E-84	275
NP_715639.1	efXP_008152497.2	0.789	166	35	0	45	210	34	199	6.867E-84	275
NP_000566.3	efXP_008158473.2	0.692	269	82	0	1	269	1	267	5.845E-113	362
NP_000567.1	efXP_008158481.2	0.657	268	91	0	1	268	1	267	1.085E-113	364
NP_115945.4	efXP_008158475.2	0.827	151	26	0	1	151	1	151	4.171E-84	272
NP_036407.1	efXP_008158474.1	0.812	155	29	0	1	155	1	155	4.808E-84	272
NP_775262.1	efXP_008158474.1	0.812	155	29	0	1	155	1	155	4.808E-84	272
NP_000568.1	efXP_027993193.2	0.810	158	30	0	1	158	1	158	4.351E-87	281
NP_776214.1	efXP_008158476.2	0.806	176	34	0	1	176	1	176	2.121E-95	306
NP_009110.2	efXP_008143277.2	0.578	209	87	0	1	208	1	209	5.028E-69	232
NP_543016.1	efXP_008139321.1	0.941	464	27	0	1	464	1	464	8.085E-311	944
NP_954993.1	efXP_054571377.1	0.478	571	215	0	1	571	1	413	4.190E-151	488
NP_000890.1	efXP_008142007.1	0.828	274	47	0	1	273	1	274	6.888E-147	460
NP_066277.1	efXP_054568999.1	0.836	367	60	0	1	366	1	367	4.854E-206	636
NP_001165896.1	efXP_054569000.1	0.822	333	59	0	1	332	1	333	3.769E-183	568
NP_000221.1	efXP_008152267.1	0.802	167	33	0	1	167	1	167	3.799E-84	273
XP_005250572.1	efXP_008148717.2	0.970	168	5	0	1	168	1	168	6.658E-112	353
NP_001116437.1	efXP_054568047.1	0.726	784	214	0	1	783	1	784	0.000E+00	1193
NP_001230662.1	efXP_008157281.1	0.941	188	11	0	1	188	1	188	5.006E-125	392
NP_003368.1	efXP_008157280.1	0.922	207	16	0	1	207	1	207	8.445E-129	404
NP_005420.1	efXP_054576145.1	0.846	416	64	0	1	416	1	416	1.644E-262	802
NP_940972.2	efXP_008148765.2	0.867	324	43	0	1	324	1	324	6.042E-209	642
NP_001073969.1	efXP_054579353.1	0.990	222	2	0	1	222	1	222	5.210E-167	515
NP_444514.1	efXP_008155877.2	0.870	548	71	0	1	548	1	547	0.000E+00	1034
NP_001007538.1	efXP_008151575.2	0.867	332	44	0	1	332	1	332	4.333E-208	640
NP_004343.1	efXP_027982702.2	0.989	193	2	0	1	193	1	193	1.285E-125	394
NP_872317.1	efXP_054580192.1	0.946	224	12	0	1	224	1	224	8.850E-137	428
XP_006722457.1	efXP_054580192.1	0.946	224	12	0	1	224	1	224	8.850E-137	428
XP_005269501.1	efXP_008147375.2	0.932	727	49	0	1	720	1	727	0.000E+00	1394
NP_004549.1	efXP_008148793.1	0.913	197	17	0	1	197	1	197	5.553E-120	378
NP_004549.1	efXP_054572883.1	0.913	197	17	0	1	197	1	197	5.553E-120	378
NP_004549.1	efXP_054572884.1	0.913	197	17	0	1	197	1	197	5.553E-120	378
NP_004549.1	efXP_054572885.1	0.913	197	17	0	1	197	1	197	5.553E-120	378
NP_004549.1	efXP_054572886.1	0.913	197	17	0	1	197	1	197	5.553E-120	378
NP_004549.1	efXP_054572887.1	0.913	197	17	0	1	197	1	197	5.553E-120	378
NP_001096124.1	efXP_008143031.1	0.974	270	7	0	1	270	1	270	1.993E-176	545
NP_002518.1	efXP_054574512.1	0.976	257	6	0	1	257	1	257	2.078E-169	524
NP_006170.1	efXP_008152595.2	0.900	210	21	0	1	210	1	210	1.175E-126	398
XP_005259019.1	efXP_008152595.2	0.900	210	21	0	1	210	1	210	1.175E-126	398
XP_006723295.1	efXP_008152595.2	0.900	210	21	0	1	210	1	210	1.175E-126	398
NP_065391.1	efXP_008140667.2	0.543	246	106	0	7	252	7	239	4.079E-72	243
XP_006724879.1	efXP_027991900.2	0.917	2080	172	0	1	2079	1	2080	0.000E+00	3858
XP_006724878.1	efXP_027991899.2	0.917	2081	173	0	1	2080	1	2081	0.000E+00	3859
NP_037452.1	efXP_008142960.1	0.945	792	44	0	1	792	1	792	0.000E+00	1592
NP_000592.3	efXP_008147791.2	0.927	730	53	0	1	728	1	730	0.000E+00	1535
XP_006716019.1	efXP_008147791.2	0.927	730	53	0	1	728	1	730	0.000E+00	1535
NP_001519.1	efXP_008149119.2	0.846	650	99	0	1	650	1	647	0.000E+00	1206
NP_001936.1	efXP_008139666.1	0.903	208	20	0	1	208	1	208	7.717E-122	384
NP_005325.2	efXP_027991904.2	0.916	2036	171	0	1	2035	1	2036	0.000E+00	3780
NP_071920.1	efXP_008142067.1	0.950	700	35	0	1	700	1	700	0.000E+00	1441
XP_005245487.1	efXP_027987374.2	0.919	99	8	0	13	110	45	143	1.948E-55	187
XP_005245487.1	efXP_027987374.2	0.919	99	8	0	13	110	45	143	1.948E-55	187
NP_002954.2	efXP_054567632.1	0.673	101	33	0	1	101	1	101	8.524E-44	153
NP_002954.2	efXP_054567577.1	0.673	101	33	0	1	101	1	101	8.524E-44	153
NP_002954.2	efXP_054567580.1	0.673	101	33	0	1	101	1	101	8.524E-44	153
NP_002954.2	efXP_054567581.1	0.673	101	33	0	1	101	1	101	8.524E-44	153
NP_002954.2	efXP_054567582.1	0.673	101	33	0	1	101	1	101	8.524E-44	153
NP_002954.2	efXP_054567647.1	0.673	101	33	0	1	101	1	101	8.524E-44	153
NP_002954.2	efXP_054567646.1	0.673	101	33	0	1	101	9	109	8.524E-44	153
XP_005245488.1	efXP_054567632.1	0.673	101	33	0	1	101	1	101	8.524E-44	153
XP_005245488.1	efXP_054567577.1	0.673	101	33	0	1	101	1	101	8.524E-44	153
XP_005245488.1	efXP_054567580.1	0.673	101	33	0	1	101	1	101	8.524E-44	153
XP_005245488.1	efXP_054567581.1	0.673	101	33	0	1	101	1	101	8.524E-44	153
XP_005245488.1	efXP_054567582.1	0.673	101	33	0	1	101	1	101	8.524E-44	153
XP_005245488.1	efXP_054567647.1	0.673	101	33	0	1	101	1	101	8.524E-44	153
XP_005245488.1	efXP_054567646.1	0.673	101	33	0	1	101	9	109	8.524E-44	153
XP_005268085.1	efXP_008137031.1	0.951	412	20	0	1	412	1	408	4.324E-274	835
NP_001171069.1	efXP_054567375.1	0.799	319	64	0	1	319	1	318	6.241E-171	532
NP_001276926.1	efXP_008155770.3	0.818	286	52	0	1	286	1	285	2.693E-155	485
NP_001276955.1	efXP_054567375.1	0.799	319	64	0	1	319	1	318	6.241E-171	532
NP_001276956.1	efXP_008155770.3	0.818	286	52	0	1	286	1	285	2.693E-155	485
NP_001276926.1	efXP_008155770.3	0.818	286	52	0	1	286	1	285	2.693E-155	485
NP_001276956.1	efXP_008155770.3	0.818	286	52	0	1	286	1	285	2.693E-155	485
NP_001005612.2	efXP_008154179.1	0.922	386	30	0	1	386	1	386	6.937E-247	755
NP_001005613.1	efXP_054572954.1	0.770	144	33	0	1	144	1	144	3.279E-68	226
NP_001390.1	efXP_008154176.1	0.923	391	30	0	1	391	1	391	6.645E-250	764
NP_001171601.1	efXP_054582623.1	0.795	1166	238	0	1	1166	1	1162	0.000E+00	2014
NP_001171602.1	efXP_054582617.1	0.793	1165	240	0	1	1165	1	1161	0.000E+00	2008
NP_001161362.1	efXP_054570789.1	0.787	389	82	0	1	389	1	388	2.391E-218	682
NP_002179.2	efXP_054572714.1	0.661	130	43	0	15	144	1	128	4.174E-48	168
NP_000576.1	efXP_054573684.1	0.802	162	32	0	1	162	1	162	1.637E-82	268
NP_000576.1	efXP_028006857.1	0.802	162	32	0	1	162	1	162	1.637E-82	268
NP_000576.1	efXP_054573685.1	0.802	162	32	0	1	162	1	162	1.637E-82	268
NP_000576.1	efXP_054573686.1	0.802	162	32	0	1	162	1	162	1.637E-82	268
NP_000576.1	efXP_028006868.1	0.802	162	32	0	1	162	1	162	1.637E-82	268
NP_003004.1	efXP_008142383.1	0.979	295	6	0	1	295	1	294	1.533E-200	616
NP_003006.2	efXP_008142374.1	0.965	317	11	0	1	317	1	315	1.071E-215	661
NP_009044.2	efXP_054568046.1	0.470	1705	631	0	1	1705	1	1192	0.000E+00	1223
NP_056239.3	efXP_008148193.2	0.889	452	50	0	1	451	1	452	1.745E-295	899
NP_037378.1	efXP_008145096.1	0.977	225	5	0	1	225	1	225	1.869E-154	479
NP_000748.3	efXP_054567494.1	0.653	555	192	0	1	554	73	627	3.171E-224	699
NP_000748.3	efXP_054567495.1	0.653	555	192	0	1	554	73	627	3.171E-224	699
NP_757350.1	efXP_054567496.1	0.648	261	90	0	1	256	73	333	3.674E-102	330
NP_757351.1	efXP_054567494.1	0.653	555	192	0	1	554	73	627	3.171E-224	699
NP_757351.1	efXP_054567495.1	0.653	555	192	0	1	554	73	627	3.171E-224	699
NP_000749.2	efXP_008140802.1	0.659	144	49	0	1	144	1	144	1.084E-61	207
NP_056322.2	efXP_054570789.1	0.787	389	82	0	1	389	1	388	2.291E-218	682
NP_057299.1	efXP_054583058.1	0.621	272	82	0	1	272	1	218	1.098E-106	344
NP_000586.2	efXP_008155583.1	0.682	205	63	0	1	205	1	199	9.756E-84	274
NP_001153212.1	efXP_008155583.1	0.682	205	63	0	1	205	1	199	9.756E-84	274
NP_002332.1	efXP_008155581.1	0.711	244	69	0	1	244	1	239	4.787E-102	329
