NP_002954.2	mbXP_005879398.1	0.673	101	33	0	1	101	1	101	1.759E-45	158
XP_005245488.1	mbXP_005879398.1	0.673	101	33	0	1	101	1	101	1.759E-45	158
NP_757351.1	mbXP_005860170.1	0.630	541	190	0	14	554	8	521	2.863E-208	653
NP_000749.2	mbXP_014394659.1	0.692	104	32	0	41	144	82	185	6.363E-44	156
NP_056322.2	mbXP_014399779.1	0.820	344	62	0	25	368	7	349	7.199E-206	646
NP_490645.1	mbXP_005881071.1	0.900	350	35	0	1	350	1	350	1.405E-222	683
XP_005272133.1	mbXP_014384624.1	0.883	368	43	0	1	368	1	368	3.453E-230	706
NP_003384.2	mbXP_014388110.1	0.981	274	5	0	1	274	1	274	8.485E-185	574
NP_003386.1	mbXP_014390337.1	0.941	337	20	0	33	365	80	416	1.457E-220	678
NP_003387.1	mbXP_014388072.1	0.915	355	30	0	3	357	41	390	1.546E-224	689
NP_002986.1	mbXP_005861290.1	0.681	110	34	0	1	110	1	108	3.985E-43	152
NP_003230.1	mbXP_005883660.1	0.924	412	31	0	1	412	1	408	1.023E-265	811
XP_005268085.1	mbXP_005883660.1	0.924	412	31	0	1	412	1	408	1.023E-265	811
NP_000451.1	mbXP_005872213.1	0.792	352	73	0	1	352	1	352	3.898E-177	552
NP_001171068.1	mbXP_014400001.1	0.790	348	73	0	1	348	1	348	9.483E-174	542
NP_001171069.1	mbXP_014400002.1	0.808	319	61	0	1	319	1	319	9.937E-176	546
NP_001276926.1	mbXP_014400003.1	0.832	286	48	0	1	286	1	286	1.754E-161	503
NP_001276932.1	mbXP_005872213.1	0.792	352	73	0	141	492	1	352	1.736E-174	552
NP_001276951.1	mbXP_014400001.1	0.790	348	73	0	1	348	1	348	9.483E-174	542
NP_071920.1	mbXP_014394007.1	0.950	700	35	0	1	700	1	700	0.000E+00	1440
NP_071920.1	mbXP_005864936.1	0.950	700	35	0	1	700	1	700	0.000E+00	1440
NP_001186788.1	mbXP_005869129.1	0.927	497	36	0	1	497	1	495	1.482E-323	983
NP_003985.2	mbXP_014400085.1	0.796	246	50	0	1	245	1	246	1.376E-126	400
NP_066277.1	mbXP_014395406.1	0.822	342	61	0	25	366	22	362	6.294E-187	581
NP_000221.1	mbXP_005868976.1	0.796	167	34	0	1	167	1	167	2.132E-83	271
NP_005970.1	mbXP_014396224.1	0.793	92	19	0	1	92	1	92	7.560E-45	156
NP_005970.1	mbXP_014396225.1	0.793	92	19	0	1	92	1	92	7.560E-45	156
NP_005970.1	mbXP_014396223.1	0.793	92	19	0	1	92	25	116	7.560E-45	156
NP_005970.1	mbXP_014396221.1	0.793	92	19	0	1	92	26	117	7.560E-45	156
NP_005970.1	mbXP_014396222.1	0.793	92	19	0	1	92	26	117	7.560E-45	156
XP_005245491.1	mbXP_014396224.1	0.793	92	19	0	1	92	1	92	7.560E-45	156
XP_005245491.1	mbXP_014396225.1	0.793	92	19	0	1	92	1	92	7.560E-45	156
XP_005245491.1	mbXP_014396223.1	0.793	92	19	0	1	92	25	116	7.560E-45	156
XP_005245491.1	mbXP_014396221.1	0.793	92	19	0	1	92	26	117	7.560E-45	156
XP_005245491.1	mbXP_014396222.1	0.793	92	19	0	1	92	26	117	7.560E-45	156
NP_065723.1	mbXP_014396229.1	0.912	103	9	0	1	103	1	103	4.972E-60	200
NP_065723.1	mbXP_005867492.1	0.912	103	9	0	1	103	1	103	4.972E-60	200
XP_005245419.1	mbXP_014396229.1	0.912	103	9	0	1	103	1	103	4.972E-60	200
XP_005245419.1	mbXP_005867492.1	0.912	103	9	0	1	103	1	103	4.972E-60	200
XP_006711531.1	mbXP_014396229.1	0.912	103	9	0	1	103	1	103	4.972E-60	200
XP_006711531.1	mbXP_005867492.1	0.912	103	9	0	1	103	1	103	4.972E-60	200
NP_039254.1	mbXP_014393356.1	0.959	421	17	0	42	462	1	421	2.044E-274	839
NP_006655.1	mbXP_005859568.1	0.702	111	33	0	1	111	1	111	1.333E-45	159
NP_004103.1	mbXP_005878802.1	0.962	161	6	0	65	225	6	166	1.139E-101	327
NP_004878.2	mbXP_005865654.1	0.949	99	5	0	13	111	1	99	3.136E-60	201
NP_002300.1	mbXP_014397913.1	0.846	196	30	0	7	202	70	265	2.845E-114	362
NP_000586.2	mbXP_014389978.1	0.673	205	65	0	1	205	1	201	2.459E-83	273
NP_000586.2	mbXP_014389980.1	0.673	205	65	0	1	205	1	201	2.459E-83	273
NP_000586.2	mbXP_005859954.1	0.673	205	65	0	1	205	1	201	2.459E-83	273
NP_000586.2	mbXP_014389977.1	0.673	205	65	0	1	205	89	289	2.459E-83	273
NP_001153212.1	mbXP_014389978.1	0.673	205	65	0	1	205	1	201	2.459E-83	273
NP_001153212.1	mbXP_014389980.1	0.673	205	65	0	1	205	1	201	2.459E-83	273
NP_001153212.1	mbXP_005859954.1	0.673	205	65	0	1	205	1	201	2.459E-83	273
NP_001153212.1	mbXP_014389977.1	0.673	205	65	0	1	205	89	289	2.459E-83	273
NP_033666.1	mbXP_005859945.1	0.727	77	20	0	1	77	1	76	3.575E-27	104
NP_001012333.1	mbXP_014400453.1	0.756	143	33	0	1	143	1	138	9.882E-72	236
NP_001012334.1	mbXP_014400453.1	0.756	143	33	0	1	143	1	138	9.882E-72	236
NP_001257481.1	mbXP_014398774.1	0.903	62	6	0	26	87	53	114	1.120E-35	129
NP_002382.1	mbXP_014400453.1	0.756	143	33	0	1	143	1	138	9.882E-72	236
NP_001243474.1	mbXP_005875900.1	0.946	1135	61	0	1	1135	1	1135	0.000E+00	2538
NP_115822.1	mbXP_005875900.1	0.946	1135	61	0	1	1135	1	1135	0.000E+00	2538
NP_115821.2	mbXP_014391803.1	0.929	1044	72	0	1	1044	1	1019	0.000E+00	2291
XP_005245436.1	mbXP_005865248.1	0.947	783	41	0	1	783	1	783	0.000E+00	1570
XP_005245436.1	mbXP_005865249.1	0.947	783	41	0	1	783	1	783	0.000E+00	1570
NP_039253.1	mbXP_005864103.1	0.942	296	17	0	1	296	1	296	1.027E-189	585
NP_002972.1	mbXP_014396681.1	0.500	92	45	0	1	91	113	204	2.693E-23	94
NP_002977.1	mbXP_005877678.1	0.649	97	34	0	1	97	1	97	2.675E-39	140
NP_005399.1	mbXP_005877676.1	0.616	99	36	0	1	95	1	99	4.688E-34	125
NP_001423.1	mbXP_014402086.1	0.806	98	19	0	72	169	1	98	9.832E-51	177
NP_000630.1	mbXP_005867727.1	0.850	281	42	0	1	281	1	279	2.341E-164	511
NP_000791.1	mbXP_005881156.1	0.954	155	7	0	1	155	1	155	5.767E-100	318
NP_000791.1	mbXP_005881161.1	0.954	155	7	0	1	155	1	155	5.767E-100	318
NP_000791.1	mbXP_005881162.1	0.954	155	7	0	1	155	1	155	5.767E-100	318
NP_000791.1	mbXP_005881163.1	0.954	155	7	0	1	155	1	155	5.767E-100	318
NP_000791.1	mbXP_005881164.1	0.954	155	7	0	1	155	1	155	5.767E-100	318
NP_001138364.1	mbXP_005881156.1	0.954	155	7	0	1	155	1	155	5.767E-100	318
NP_001138364.1	mbXP_005881161.1	0.954	155	7	0	1	155	1	155	5.767E-100	318
NP_001138364.1	mbXP_005881162.1	0.954	155	7	0	1	155	1	155	5.767E-100	318
NP_001138364.1	mbXP_005881163.1	0.954	155	7	0	1	155	1	155	5.767E-100	318
NP_001138364.1	mbXP_005881164.1	0.954	155	7	0	1	155	1	155	5.767E-100	318
NP_001138406.1	mbXP_005881156.1	0.954	155	7	0	1	155	1	155	5.767E-100	318
NP_001138406.1	mbXP_005881161.1	0.954	155	7	0	1	155	1	155	5.767E-100	318
NP_001138406.1	mbXP_005881162.1	0.954	155	7	0	1	155	1	155	5.767E-100	318
NP_001138406.1	mbXP_005881163.1	0.954	155	7	0	1	155	1	155	5.767E-100	318
NP_001138406.1	mbXP_005881164.1	0.954	155	7	0	1	155	1	155	5.767E-100	318
NP_001138407.1	mbXP_005881156.1	0.954	155	7	0	1	155	1	155	5.767E-100	318
NP_001138407.1	mbXP_005881161.1	0.954	155	7	0	1	155	1	155	5.767E-100	318
NP_001138407.1	mbXP_005881162.1	0.954	155	7	0	1	155	1	155	5.767E-100	318
NP_001138407.1	mbXP_005881163.1	0.954	155	7	0	1	155	1	155	5.767E-100	318
NP_001138407.1	mbXP_005881164.1	0.954	155	7	0	1	155	1	155	5.767E-100	318
NP_001244134.1	mbXP_005881156.1	0.954	155	7	0	1	155	1	155	5.767E-100	318
NP_001244134.1	mbXP_005881161.1	0.954	155	7	0	1	155	1	155	5.767E-100	318
NP_001244134.1	mbXP_005881162.1	0.954	155	7	0	1	155	1	155	5.767E-100	318
NP_001244134.1	mbXP_005881163.1	0.954	155	7	0	1	155	1	155	5.767E-100	318
NP_001244134.1	mbXP_005881164.1	0.954	155	7	0	1	155	1	155	5.767E-100	318
NP_001244136.1	mbXP_005881156.1	0.954	155	7	0	1	155	1	155	5.767E-100	318
NP_001244136.1	mbXP_005881161.1	0.954	155	7	0	1	155	1	155	5.767E-100	318
NP_001244136.1	mbXP_005881162.1	0.954	155	7	0	1	155	1	155	5.767E-100	318
NP_001244136.1	mbXP_005881163.1	0.954	155	7	0	1	155	1	155	5.767E-100	318
NP_001244136.1	mbXP_005881164.1	0.954	155	7	0	1	155	1	155	5.767E-100	318
NP_001244137.1	mbXP_005881156.1	0.954	155	7	0	1	155	1	155	5.767E-100	318
NP_001244137.1	mbXP_005881161.1	0.954	155	7	0	1	155	1	155	5.767E-100	318
NP_001244137.1	mbXP_005881162.1	0.954	155	7	0	1	155	1	155	5.767E-100	318
NP_001244137.1	mbXP_005881163.1	0.954	155	7	0	1	155	1	155	5.767E-100	318
NP_001244137.1	mbXP_005881164.1	0.954	155	7	0	1	155	1	155	5.767E-100	318
NP_444251.1	mbXP_014397700.1	0.968	447	14	0	124	570	24	469	3.481E-296	908
NP_444251.1	mbXP_014397701.1	0.968	447	14	0	124	570	24	469	3.481E-296	908
NP_055297.1	mbXP_005867881.1	0.908	424	39	0	1	424	1	424	2.576E-261	799
NP_001244138.1	mbXP_005881156.1	0.954	155	7	0	1	155	1	155	5.767E-100	318
NP_001244138.1	mbXP_005881161.1	0.954	155	7	0	1	155	1	155	5.767E-100	318
NP_001244138.1	mbXP_005881162.1	0.954	155	7	0	1	155	1	155	5.767E-100	318
NP_001244138.1	mbXP_005881163.1	0.954	155	7	0	1	155	1	155	5.767E-100	318
NP_001244138.1	mbXP_005881164.1	0.954	155	7	0	1	155	1	155	5.767E-100	318
NP_001244139.1	mbXP_005881156.1	0.954	155	7	0	1	155	1	155	5.767E-100	318
NP_001244139.1	mbXP_005881161.1	0.954	155	7	0	1	155	1	155	5.767E-100	318
NP_001244139.1	mbXP_005881162.1	0.954	155	7	0	1	155	1	155	5.767E-100	318
NP_001244139.1	mbXP_005881163.1	0.954	155	7	0	1	155	1	155	5.767E-100	318
NP_001244139.1	mbXP_005881164.1	0.954	155	7	0	1	155	1	155	5.767E-100	318
NP_149127.1	mbXP_014384598.1	0.900	60	6	0	1	60	1	60	1.795E-33	121
NP_149128.1	mbXP_005852955.1	0.912	57	5	0	1	57	1	57	4.236E-32	117
NP_004456.1	mbXP_005871099.1	0.892	224	22	0	1	208	1	224	6.256E-134	419
XP_005248321.1	mbXP_005871099.1	0.892	224	22	0	1	208	1	224	6.256E-134	419
NP_004104.3	mbXP_005873272.1	1.000	181	0	0	1	181	1	181	1.323E-120	379
NP_001019383.1	mbXP_014396224.1	0.793	92	19	0	1	92	1	92	7.560E-45	156
NP_001019383.1	mbXP_014396225.1	0.793	92	19	0	1	92	1	92	7.560E-45	156
NP_001019383.1	mbXP_014396223.1	0.793	92	19	0	1	92	25	116	7.560E-45	156
NP_001019383.1	mbXP_014396221.1	0.793	92	19	0	1	92	26	117	7.560E-45	156
NP_001019383.1	mbXP_014396222.1	0.793	92	19	0	1	92	26	117	7.560E-45	156
NP_001019384.1	mbXP_014396224.1	0.793	92	19	0	1	92	1	92	7.560E-45	156
NP_001019384.1	mbXP_014396225.1	0.793	92	19	0	1	92	1	92	7.560E-45	156
NP_001019384.1	mbXP_014396223.1	0.793	92	19	0	1	92	25	116	7.560E-45	156
NP_001019384.1	mbXP_014396221.1	0.793	92	19	0	1	92	26	117	7.560E-45	156
NP_001019384.1	mbXP_014396222.1	0.793	92	19	0	1	92	26	117	7.560E-45	156
NP_055310.1	mbXP_005878124.1	0.868	457	60	0	1	456	1	457	1.864E-274	839
NP_835228.2	mbXP_014400058.1	0.901	384	38	0	5	388	4	387	2.103E-245	751
NP_114123.2	mbXP_005859270.1	0.910	313	28	0	158	470	1	311	8.269E-200	624
NP_066969.1	mbXP_005873493.1	0.921	346	27	0	1	346	1	344	9.252E-225	689
NP_001648.1	mbXP_005874874.1	0.747	252	62	0	1	252	1	246	8.049E-119	378
NP_053586.1	mbXP_005881181.1	0.919	445	36	0	234	673	39	483	1.275E-271	852
XP_005262279.1	mbXP_005865262.2	0.958	458	19	0	1	457	69	526	4.941E-323	979
NP_001265402.1	mbXP_005867133.1	0.892	429	46	0	1	429	1	429	1.776E-285	869
NP_056239.3	mbXP_005867132.1	0.891	452	49	0	1	451	1	452	7.416E-298	906
NP_037378.1	mbXP_005864383.1	0.968	223	7	0	3	225	68	290	1.265E-151	471
NP_002598.4	mbXP_014390751.1	0.793	160	30	0	52	211	63	210	7.839E-82	269
NP_037452.1	mbXP_005861741.1	0.934	737	49	0	56	792	16	752	0.000E+00	1465
NP_000592.3	mbXP_005880097.1	0.927	730	53	0	1	728	1	730	0.000E+00	1534
NP_001010932.1	mbXP_005880098.1	0.926	725	53	0	1	723	1	725	0.000E+00	1525
XP_006716019.1	mbXP_005880097.1	0.927	730	53	0	1	728	1	730	0.000E+00	1534
NP_001519.1	mbXP_014388937.1	0.613	650	244	0	1	650	1	631	2.351E-261	812
NP_775270.1	mbXP_005859481.1	0.418	148	60	0	9	156	4	107	4.867E-27	108
NP_000568.1	mbXP_005859480.1	0.816	158	29	0	1	158	1	158	2.218E-87	282
NP_776214.1	mbXP_005859479.1	0.806	176	34	0	1	176	1	176	1.190E-94	304
NP_776215.1	mbXP_014389656.1	0.823	142	25	0	1	142	1	142	5.006E-79	257
NP_776215.1	mbXP_014389657.1	0.823	142	25	0	1	142	1	142	5.006E-79	257
XP_005263718.1	mbXP_014389656.1	0.823	142	25	0	1	142	1	142	5.006E-79	257
XP_005263718.1	mbXP_014389657.1	0.823	142	25	0	1	142	1	142	5.006E-79	257
XP_006712560.1	mbXP_014389656.1	0.823	142	25	0	1	142	1	142	5.006E-79	257
XP_006712560.1	mbXP_014389657.1	0.823	142	25	0	1	142	1	142	5.006E-79	257
NP_000577.2	mbXP_005865519.1	0.653	153	52	0	1	153	1	150	1.690E-62	210
NP_001073966.2	mbXP_005879285.1	0.900	404	40	0	199	602	45	448	4.870E-263	814
NP_066278.3	mbXP_014394480.1	0.721	711	173	0	15	725	1	622	0.000E+00	1115
NP_002497.2	mbXP_005860025.1	0.904	241	23	0	1	241	1	241	3.923E-147	459
XP_006710726.1	mbXP_005860025.1	0.904	241	23	0	1	241	1	241	3.923E-147	459
XP_006710727.1	mbXP_005860025.1	0.904	241	23	0	1	241	1	241	3.923E-147	459
NP_000603.1	mbXP_005885993.1	0.806	181	35	0	1	180	1	181	2.769E-95	306
NP_001007140.2	mbXP_005885993.1	0.806	181	35	0	1	180	1	181	2.769E-95	306
NP_001121070.1	mbXP_005885993.1	0.806	181	35	0	57	236	1	181	3.560E-94	306
NP_001278790.1	mbXP_005885993.1	0.806	181	35	0	1	180	1	181	2.769E-95	306
NP_001278791.1	mbXP_005885993.1	0.806	181	35	0	1	180	1	181	2.769E-95	306
NP_002172.2	mbXP_005883595.2	0.944	309	17	0	103	411	1	309	1.617E-198	617
NP_000563.1	mbXP_005885287.1	0.830	177	30	0	1	177	1	177	5.608E-95	305
NP_001275753.1	mbXP_005865611.1	0.800	367	73	0	1	366	1	367	1.370E-195	606
NP_005251.1	mbXP_005865610.1	0.797	388	78	0	68	454	5	392	1.300E-204	637
NP_005251.1	mbXP_005865608.1	0.797	388	78	0	68	454	76	463	1.300E-204	637
NP_000505.1	mbXP_014400357.1	0.955	159	7	0	53	211	1	159	6.605E-101	324
NP_001177397.1	mbXP_014400357.1	0.955	159	7	0	70	228	1	159	1.432E-100	324
NP_001177398.1	mbXP_014400357.1	0.955	159	7	0	44	202	1	159	4.364E-101	324
NP_001265027.1	mbXP_014400357.1	0.955	159	7	0	1	159	1	159	5.762E-102	324
NP_954701.1	mbXP_014400357.1	0.955	159	7	0	27	185	1	159	1.978E-101	324
NP_000506.2	mbXP_014388154.1	0.583	219	90	0	1	217	1	219	7.281E-77	255
NP_061194.2	mbXP_014387993.1	0.695	174	52	0	1	174	1	173	2.046E-71	237
NP_061194.2	mbXP_005885344.1	0.695	174	52	0	1	174	1	173	2.046E-71	237
NP_065386.1	mbXP_005856675.1	0.709	179	52	0	1	179	1	179	1.100E-79	261
XP_005268986.1	mbXP_005856675.1	0.709	179	52	0	1	179	1	179	1.100E-79	261
NP_057668.1	mbXP_005876812.1	0.846	195	29	0	1	189	1	195	3.989E-104	332
NP_057668.1	mbXP_014403623.1	0.846	195	29	0	1	189	1	195	3.989E-104	332
NP_057668.1	mbXP_014403624.1	0.846	195	29	0	1	189	1	195	3.989E-104	332
NP_001172085.1	mbXP_014387984.1	0.467	211	96	0	27	207	3	213	8.130E-44	159
NP_006841.1	mbXP_014387984.1	0.467	211	96	0	26	206	3	213	7.816E-44	159
NP_113667.1	mbXP_005879080.1	0.829	351	60	0	1	350	1	351	1.336E-196	608
NP_000198.1	mbXP_014388588.1	0.336	183	72	0	1	110	1	183	2.041E-24	98
NP_001172026.1	mbXP_014388588.1	0.336	183	72	0	1	110	1	183	2.041E-24	98
NP_001172027.1	mbXP_014388588.1	0.336	183	72	0	1	110	1	183	2.041E-24	98
NP_001278826.1	mbXP_014388588.1	0.336	183	72	0	1	110	1	183	2.041E-24	98
NP_005534.2	mbXP_005873941.1	0.759	135	31	0	1	131	1	135	2.724E-63	211
NP_005469.2	mbXP_014396543.1	0.447	76	33	0	60	135	72	132	1.556E-12	65
NP_001321.1	mbXP_014385299.1	0.609	82	30	0	1	82	1	77	3.540E-20	90
NP_002987.1	mbXP_014401036.1	0.505	397	186	0	1	397	1	377	7.700E-108	354
NP_001556.2	mbXP_005856713.1	0.773	97	22	0	1	97	1	97	1.522E-45	158
NP_005400.1	mbXP_005856712.1	0.808	94	18	0	1	94	1	94	4.147E-49	168
NP_000600.1	mbXP_014389690.1	0.985	69	1	0	21	89	44	112	7.279E-43	150
NP_001029058.1	mbXP_014389690.1	0.985	69	1	0	21	89	44	112	2.494E-42	150
NP_001171605.1	mbXP_014389690.1	0.752	97	23	0	21	117	44	138	6.460E-42	150
NP_954637.1	mbXP_014389690.1	0.985	69	1	0	21	89	44	112	5.991E-43	150
XP_006710728.1	mbXP_005860025.1	0.904	241	23	0	1	241	1	241	3.923E-147	459
NP_060525.3	mbXP_005882778.1	0.830	347	59	0	1	347	1	347	1.164E-196	608
NP_001153467.1	mbXP_014393351.1	0.942	587	34	0	21	607	1	586	0.000E+00	1147
NP_000470.2	mbXP_005858928.1	0.416	560	187	0	1	560	1	322	2.546E-108	363
NP_002081.2	mbXP_005874881.1	0.711	111	30	0	4	107	5	115	2.343E-45	158
NP_002984.1	mbXP_014402090.1	0.596	114	46	0	1	114	1	114	1.085E-40	145
NP_000575.1	mbXP_014402077.1	0.723	94	26	0	1	94	1	94	2.657E-40	143
NP_002407.1	mbXP_005856704.1	0.722	126	34	0	1	124	1	126	4.510E-55	187
NP_066382.1	mbXP_005877473.1	0.848	396	53	0	1	396	1	349	1.230E-220	680
NP_066360.1	mbXP_005873269.1	1.000	243	0	0	1	243	1	243	1.159E-161	501
NP_001132970.1	mbXP_005880857.1	0.989	199	2	0	1	199	1	199	1.206E-130	409
NP_795372.1	mbXP_005886265.1	0.682	189	60	0	1	189	1	189	1.389E-82	271
NP_000610.2	mbXP_005856664.1	0.578	166	69	0	1	166	1	165	1.317E-54	188
NP_064509.2	mbXP_005852927.1	0.626	208	77	0	1	207	1	208	2.451E-84	276
NP_002168.1	mbXP_005886264.1	0.639	194	69	0	1	194	1	191	7.350E-75	248
NP_000609.1	mbXP_005880775.1	0.928	153	11	0	1	153	1	153	3.464E-96	307
NP_001104754.1	mbXP_005880776.1	0.927	137	10	0	1	137	1	137	4.663E-85	274
NP_001104755.1	mbXP_005880772.1	0.887	187	21	0	1	186	1	187	5.504E-112	355
NP_001104753.1	mbXP_005880774.1	0.918	159	13	0	1	158	1	159	1.796E-97	311
XP_005247492.1	mbXP_014393460.1	0.750	239	56	0	1	239	1	226	1.124E-108	348
NP_002178.2	mbXP_005870616.1	0.823	329	58	0	1	328	1	329	1.109E-187	581
NP_002179.2	mbXP_005865683.1	0.664	131	43	0	15	145	1	130	9.565E-49	170
NP_000576.1	mbXP_005884253.1	0.796	162	33	0	1	162	1	162	1.687E-83	271
NP_000576.1	mbXP_014387196.1	0.796	162	33	0	1	162	1	162	1.687E-83	271
NP_000576.1	mbXP_014387197.1	0.796	162	33	0	1	162	1	162	1.687E-83	271
NP_000576.1	mbXP_014387198.1	0.796	162	33	0	1	162	1	162	1.687E-83	271
NP_001165599.1	mbXP_014392407.1	0.519	279	94	0	220	498	1	196	7.215E-68	256
NP_004504.3	mbXP_005857948.1	0.322	513	329	0	132	617	2258	2770	1.437E-58	218
NP_757366.2	mbXP_014392407.1	0.519	279	94	0	220	498	1	196	7.237E-68	256
XP_005254403.1	mbXP_005857948.1	0.322	513	329	0	132	617	2258	2770	1.437E-58	218
NP_002181.1	mbXP_005885217.1	0.801	146	28	0	10	155	12	155	4.813E-77	252
XP_005250572.1	mbXP_005882554.2	0.976	168	4	0	1	168	1	168	3.084E-113	357
XP_005250572.1	mbXP_005882556.1	0.976	168	4	0	1	168	1	168	3.084E-113	357
NP_001116437.1	mbXP_014384104.1	0.729	510	135	0	274	783	26	524	2.113E-250	787
NP_006262.1	mbXP_014396232.1	0.978	94	2	0	1	94	1	94	1.847E-57	192
NP_006262.1	mbXP_014396233.1	0.978	94	2	0	1	94	1	94	1.847E-57	192
NP_002957.1	mbXP_005880690.1	0.979	97	2	0	1	97	1	97	6.432E-62	205
NP_002957.1	mbXP_014384135.1	0.979	97	2	0	1	97	1	97	6.432E-62	205
NP_005611.1	mbXP_005880691.1	0.846	98	15	0	1	98	1	98	1.053E-52	179
NP_005612.1	mbXP_005867243.1	0.663	92	31	0	1	92	1	92	3.178E-35	128
NP_001019381.1	mbXP_014396224.1	0.793	92	19	0	1	92	1	92	7.560E-45	156
NP_001019381.1	mbXP_014396225.1	0.793	92	19	0	1	92	1	92	7.560E-45	156
NP_001019381.1	mbXP_014396223.1	0.793	92	19	0	1	92	25	116	7.560E-45	156
NP_001019381.1	mbXP_014396221.1	0.793	92	19	0	1	92	26	117	7.560E-45	156
NP_001019381.1	mbXP_014396222.1	0.793	92	19	0	1	92	26	117	7.560E-45	156
NP_001019382.1	mbXP_014396224.1	0.793	92	19	0	1	92	1	92	7.560E-45	156
NP_001019382.1	mbXP_014396225.1	0.793	92	19	0	1	92	1	92	7.560E-45	156
NP_001019382.1	mbXP_014396223.1	0.793	92	19	0	1	92	25	116	7.560E-45	156
NP_001019382.1	mbXP_014396221.1	0.793	92	19	0	1	92	26	117	7.560E-45	156
NP_001019382.1	mbXP_014396222.1	0.793	92	19	0	1	92	26	117	7.560E-45	156
NP_085155.1	mbXP_014389993.1	0.864	111	15	0	1	111	27	136	6.149E-59	207
NP_001257918.1	mbXP_014402082.1	0.772	154	34	0	1	154	1	151	1.125E-75	248
NP_000790.2	mbXP_005879220.2	0.841	188	30	0	6	193	26	213	8.488E-98	314
NP_004581.1	mbXP_005860278.1	0.663	110	36	0	1	107	1	110	6.427E-41	146
XP_005258077.1	mbXP_005860278.1	0.663	110	36	0	1	107	1	110	6.427E-41	146
XP_006725397.1	mbXP_005860278.1	0.663	110	36	0	1	107	1	110	6.427E-41	146
NP_002978.1	mbXP_005873614.1	0.698	63	19	0	1	63	1	63	2.212E-24	97
NP_001244064.1	mbXP_005866116.1	0.349	81	49	0	7	87	362	437	5.301E-06	44
NP_001244064.1	mbXP_014395028.1	0.349	81	49	0	7	87	375	450	5.301E-06	44
NP_001244064.1	mbXP_005866115.1	0.349	81	49	0	7	87	396	471	5.301E-06	44
XP_005245954.1	mbXP_014389843.1	1.000	294	0	0	1	294	1	294	1.042E-206	634
NP_036230.1	mbXP_005881529.1	0.961	493	19	0	1	493	1	493	0.000E+00	1027
NP_149126.1	mbXP_005856931.1	0.898	364	37	0	1	364	1	364	1.351E-229	704
NP_002610.1	mbXP_014402080.1	0.707	106	29	0	1	101	1	106	1.185E-41	147
NP_783652.1	mbXP_014385289.1	0.460	731	382	0	3	733	23	730	9.028E-197	636
NP_001020537.2	mbXP_014390861.1	0.874	151	19	0	209	359	1	150	3.176E-85	289
NP_003383.2	mbXP_014396799.1	0.873	379	43	0	2	380	11	347	1.535E-227	699
NP_110402.2	mbXP_014394918.1	0.933	359	24	0	1	359	1	358	1.913E-240	735
NP_110402.2	mbXP_014394919.1	0.933	359	24	0	1	359	1	358	1.913E-240	735
NP_110402.2	mbXP_005865982.1	0.933	359	24	0	1	359	1	358	1.913E-240	735
NP_116031.1	mbXP_014394918.1	0.933	359	24	0	1	359	1	358	1.913E-240	735
NP_116031.1	mbXP_014394919.1	0.933	359	24	0	1	359	1	358	1.913E-240	735
NP_116031.1	mbXP_005865982.1	0.933	359	24	0	1	359	1	358	1.913E-240	735
NP_006513.1	mbXP_014386485.1	0.946	338	18	0	28	365	23	356	1.106E-223	687
NP_004616.2	mbXP_005886685.1	0.988	349	4	0	1	349	1	349	3.086E-247	754
NP_001936.1	mbXP_005881115.1	0.899	208	21	0	1	208	1	208	4.326E-121	382
NP_005325.2	mbXP_014388735.1	0.919	2049	165	0	1	2035	1	2049	0.000E+00	3789
NP_001230662.1	mbXP_005864502.1	0.946	169	9	0	20	188	15	183	3.271E-114	361
NP_005420.1	mbXP_005876360.1	0.866	368	49	0	50	417	13	380	2.818E-240	738
NP_001073969.1	mbXP_005882348.1	0.990	222	2	0	1	222	1	222	5.909E-167	515
NP_444514.1	mbXP_005870435.1	0.869	548	72	0	1	548	1	547	0.000E+00	1031
NP_783653.1	mbXP_014396032.1	0.417	710	269	0	1	710	1	462	7.101E-153	502
NP_001257480.1	mbXP_014400453.1	0.756	143	33	0	1	143	1	138	9.882E-72	236
NP_001400.3	mbXP_014389097.1	0.480	925	478	0	158	1077	108	1032	0.000E+00	1075
NP_001258867.1	mbXP_014386911.1	0.902	2845	264	0	1	2845	1	2694	0.000E+00	5653
XP_005269501.1	mbXP_014399690.1	0.914	676	58	0	51	720	22	697	0.000E+00	1276
NP_004549.1	mbXP_014387354.1	0.501	197	79	0	1	197	46	204	2.924E-42	154
NP_001096124.1	mbXP_005883226.1	0.966	270	9	0	1	270	1	270	5.515E-175	541
NP_006170.1	mbXP_005879568.1	0.914	210	18	0	1	210	1	210	5.455E-128	402
XP_005259019.1	mbXP_005879568.1	0.914	210	18	0	1	210	1	210	5.455E-128	402
XP_006723295.1	mbXP_005879568.1	0.914	210	18	0	1	210	1	210	5.455E-128	402
NP_065391.1	mbXP_005869812.1	0.537	246	107	0	7	252	7	239	2.086E-72	244
NP_001188288.1	mbXP_005870764.1	0.578	149	62	0	1	149	1	147	9.939E-50	173
NP_006063.1	mbXP_005879218.1	0.595	89	35	0	1	89	1	88	2.634E-30	114
NP_683513.1	mbXP_005871093.1	0.733	120	32	0	1	120	1	120	4.489E-56	190
NP_001001437.2	mbXP_005860280.1	0.774	93	21	0	1	93	1	93	2.404E-46	160
NP_066286.1	mbXP_005860280.1	0.774	93	21	0	1	93	1	93	2.404E-46	160
NP_002975.1	mbXP_005860282.1	0.836	92	15	0	1	92	1	92	3.397E-50	171
NP_004855.2	mbXP_005873966.2	0.449	295	110	0	14	308	97	297	7.414E-64	222
NP_443112.2	mbXP_014397919.1	0.577	263	87	0	1	263	6	212	2.580E-84	279
NP_002695.1	mbXP_014402088.1	0.592	108	42	0	20	123	13	120	1.669E-34	128
NP_000939.1	mbXP_005870041.1	0.629	227	83	0	1	227	6	230	1.290E-92	301
NP_001157030.1	mbXP_005870041.1	0.629	227	83	0	1	227	6	230	1.290E-92	301
NP_004149.1	mbXP_014387404.1	0.698	156	46	0	1	156	1	153	1.320E-66	222
NP_002816.1	mbXP_005882554.2	0.976	168	4	0	1	168	1	168	3.084E-113	357
NP_002816.1	mbXP_005882556.1	0.976	168	4	0	1	168	1	168	3.084E-113	357
NP_003382.1	mbXP_005877754.1	0.933	360	24	0	1	360	1	360	5.682E-246	751
NP_001278809.1	mbXP_014390082.1	0.996	299	1	0	1	299	1	299	2.561E-215	659
NP_001278809.1	mbXP_014390083.1	0.996	299	1	0	1	299	1	299	2.561E-215	659
NP_001278809.1	mbXP_014390085.1	0.996	299	1	0	1	299	1	299	2.561E-215	659
NP_004176.2	mbXP_014390082.1	0.996	299	1	0	74	372	1	299	7.751E-214	659
NP_004176.2	mbXP_014390083.1	0.996	299	1	0	74	372	1	299	7.751E-214	659
NP_004176.2	mbXP_014390085.1	0.996	299	1	0	74	372	1	299	7.751E-214	659
NP_525127.1	mbXP_005867490.1	0.922	103	8	0	1	103	1	103	2.350E-59	198
NP_525127.1	mbXP_005867491.1	0.922	103	8	0	1	103	1	103	2.350E-59	198
NP_525127.1	mbXP_005867489.1	0.922	103	8	0	1	103	13	115	2.350E-59	198
XP_005244962.1	mbXP_005867490.1	0.922	103	8	0	1	103	1	103	2.350E-59	198
XP_005244962.1	mbXP_005867491.1	0.922	103	8	0	1	103	1	103	2.350E-59	198
XP_005244962.1	mbXP_005867489.1	0.922	103	8	0	1	103	13	115	2.350E-59	198
XP_005244963.1	mbXP_005867490.1	0.922	103	8	0	1	103	1	103	2.350E-59	198
XP_005244963.1	mbXP_005867491.1	0.922	103	8	0	1	103	1	103	2.350E-59	198
XP_005244963.1	mbXP_005867489.1	0.922	103	8	0	1	103	13	115	2.350E-59	198
NP_005969.1	mbXP_005867486.1	0.865	97	13	0	1	97	1	97	7.137E-53	179
NP_005969.1	mbXP_005867487.1	0.865	97	13	0	1	97	1	97	7.137E-53	179
NP_002951.1	mbXP_014396216.1	0.920	101	8	0	1	101	1	101	6.412E-64	211
NP_002951.1	mbXP_014396217.1	0.920	101	8	0	1	101	1	101	6.412E-64	211
NP_002951.1	mbXP_005867484.1	0.920	101	8	0	1	101	1	101	6.412E-64	211
NP_002951.1	mbXP_005867485.1	0.920	101	8	0	1	101	1	101	6.412E-64	211
NP_002951.1	mbXP_014396215.1	0.920	101	8	0	1	101	11	111	6.412E-64	211
NP_002951.1	mbXP_014396214.1	0.920	101	8	0	1	101	31	131	6.412E-64	211
NP_002952.1	mbXP_005867483.1	0.900	101	10	0	1	101	1	101	1.057E-58	196
NP_062427.1	mbXP_005867483.1	0.900	101	10	0	1	101	1	101	1.057E-58	196
NP_002953.2	mbXP_005867481.1	0.956	92	4	0	1	92	1	92	5.047E-54	182
XP_005245487.1	mbXP_005867481.1	0.956	92	4	0	19	110	1	92	1.211E-53	182
XP_005245487.1	mbXP_005867481.1	0.956	92	4	0	19	110	1	92	1.211E-53	182
XP_005266705.1	mbXP_005881873.1	0.889	388	43	0	22	406	1	388	5.667E-252	771
XP_006722456.1	mbXP_005881873.1	0.889	388	43	0	22	406	1	388	5.667E-252	771
NP_001137.2	mbXP_005869128.1	0.927	498	36	0	1	498	1	496	4.941E-324	985
NP_001112360.1	mbXP_014388516.1	0.826	299	52	0	146	444	1	299	1.160E-173	547
NP_057069.1	mbXP_014402035.1	0.593	501	188	0	1	501	1	463	4.181E-178	563
NP_004664.1	mbXP_005880319.1	0.938	491	30	0	1	491	1	490	9.881E-324	983
XP_005245634.1	mbXP_005880319.1	0.938	491	30	0	1	491	1	490	9.881E-324	983
NP_006265.1	mbXP_005859566.1	0.742	97	24	0	2	98	6	100	2.066E-42	149
NP_002973.1	mbXP_005877680.1	0.622	98	37	0	1	98	1	98	1.462E-38	138
NP_001123518.1	mbXP_014385691.1	0.619	92	35	0	4	95	5	96	1.645E-35	129
NP_004582.1	mbXP_005882608.1	0.623	93	35	0	4	96	5	97	3.470E-36	131
XP_005247907.1	mbXP_014400004.1	0.892	588	63	0	371	954	1	588	0.000E+00	1142
XP_005262278.1	mbXP_014394304.1	0.958	459	19	0	1	458	1	459	9.881E-324	981
XP_005262278.1	mbXP_005865264.2	0.958	459	19	0	1	458	69	527	9.881E-324	981
NP_000605.1	mbXP_005869436.1	0.834	199	33	0	1	199	1	199	4.568E-108	344
NP_001873.2	mbXP_014405441.1	0.900	322	32	0	1	322	1	322	6.166E-200	616
NP_055258.1	mbXP_005870518.1	0.855	180	24	0	1	180	1	169	3.161E-102	326
NP_037410.1	mbXP_014392139.1	0.791	197	41	0	3	197	2	198	8.459E-100	320
NP_037410.1	mbXP_014392140.1	0.791	197	41	0	3	197	2	198	8.459E-100	320
NP_036407.1	mbXP_005859482.1	0.793	155	32	0	1	155	1	155	1.471E-81	265
NP_775262.1	mbXP_005859482.1	0.793	155	32	0	1	155	1	155	1.471E-81	265
XP_005263695.1	mbXP_005859482.1	0.793	155	32	0	1	155	1	155	1.471E-81	265
NP_055254.2	mbXP_014385142.1	0.500	218	106	0	1	218	1	213	7.751E-59	203
NP_057070.3	mbXP_014404316.1	0.972	400	11	0	43	442	18	417	3.121E-268	820
NP_057274.1	mbXP_014384131.1	0.616	495	189	0	1	495	1	494	2.834E-188	592
XP_006711409.1	mbXP_014384131.1	0.616	495	189	0	1	495	1	494	2.834E-188	592
NP_000748.3	mbXP_005860170.1	0.630	541	190	0	14	554	8	521	2.863E-208	653
NP_002080.1	mbXP_005874881.1	0.704	115	31	0	1	107	1	115	2.343E-45	158
XP_006724303.1	mbXP_014397913.1	0.846	196	30	0	7	202	70	265	2.845E-114	362
NP_001257479.1	mbXP_014400453.1	0.756	143	33	0	1	143	1	138	9.882E-72	236
NP_066988.1	mbXP_005865248.1	0.947	783	41	0	1	783	1	783	0.000E+00	1570
NP_066988.1	mbXP_005865249.1	0.947	783	41	0	1	783	1	783	0.000E+00	1570
NP_116741.2	mbXP_014390515.1	0.469	111	57	0	1	108	1	111	1.155E-23	96
NP_116741.2	mbXP_014390514.1	0.469	111	57	0	1	108	1	111	1.155E-23	96
NP_116741.2	mbXP_014390513.1	0.469	111	57	0	1	108	1	111	1.155E-23	96
NP_116741.2	mbXP_014390512.1	0.469	111	57	0	1	108	1	111	1.155E-23	96
NP_001276955.1	mbXP_014400002.1	0.808	319	61	0	1	319	1	319	9.937E-176	546
NP_000585.2	mbXP_014390000.1	0.798	238	47	0	1	233	1	238	6.229E-121	383
NP_003801.1	mbXP_005860933.1	0.694	274	83	0	11	281	13	286	7.729E-125	397
NP_003692.1	mbXP_005859994.1	0.909	244	22	0	74	317	1	244	1.977E-149	470
NP_143026.1	mbXP_005859994.1	0.909	244	22	0	1	244	1	244	6.901E-151	470
NP_003800.1	mbXP_005878900.1	0.887	231	26	0	19	249	1	230	1.039E-131	415
NP_003799.1	mbXP_005878808.1	0.828	250	43	0	1	250	1	250	6.228E-138	433
NP_006564.1	mbXP_005884533.1	0.768	290	66	0	1	285	1	290	2.576E-139	439
NP_003798.2	mbXP_005861536.1	0.772	241	54	0	1	240	1	241	3.524E-122	387
NP_005109.2	mbXP_005880991.1	0.805	256	49	0	1	251	1	256	3.880E-135	425
NP_005083.2	mbXP_005867728.1	0.649	177	62	0	23	199	1	177	1.226E-79	262
NP_005083.2	mbXP_014396144.1	0.649	177	62	0	23	199	1	177	1.226E-79	262
NP_001235.1	mbXP_005880992.1	0.797	232	47	0	1	232	1	232	2.218E-124	393
NP_003802.1	mbXP_014387358.1	0.695	161	48	0	90	250	48	206	4.476E-64	220
NP_001153471.1	mbXP_014393348.1	0.942	604	35	0	21	624	1	603	0.000E+00	1177
NP_001153473.1	mbXP_014393352.1	0.950	570	28	0	21	590	1	569	0.000E+00	1127
NP_039250.2	mbXP_014393348.1	0.942	604	35	0	42	645	1	603	0.000E+00	1177
NP_039251.2	mbXP_014393350.1	0.941	596	35	0	42	637	1	595	0.000E+00	1160
NP_003004.1	mbXP_005871507.2	0.987	238	3	0	58	295	1	238	1.196E-161	504
NP_078613.1	mbXP_014390082.1	0.996	299	1	0	93	391	1	299	1.851E-213	659
NP_078613.1	mbXP_014390083.1	0.996	299	1	0	93	391	1	299	1.851E-213	659
NP_078613.1	mbXP_014390085.1	0.996	299	1	0	93	391	1	299	1.851E-213	659
NP_110380.1	mbXP_014388076.1	0.772	425	81	0	1	355	1	425	1.693E-222	683
NP_149122.1	mbXP_014390342.1	0.949	315	16	0	1	315	1	315	6.836E-214	658
NP_110388.2	mbXP_014389843.1	1.000	294	0	0	56	349	1	294	1.362E-205	634
NP_009110.2	mbXP_005861408.1	0.587	209	85	0	1	208	1	209	1.056E-70	237
NP_543016.1	mbXP_005860630.1	0.911	443	39	0	26	464	2	444	8.231E-286	872
NP_954993.1	mbXP_005860248.1	0.514	571	231	0	1	571	1	477	1.102E-170	545
NP_000890.1	mbXP_005872300.1	0.813	274	51	0	1	273	1	274	4.640E-144	452
NP_001720.1	mbXP_005856680.1	0.747	178	43	0	1	178	1	171	2.938E-85	277
NP_001007538.1	mbXP_005865977.1	0.873	332	42	0	1	332	1	332	2.017E-209	644
NP_004343.1	mbXP_014383892.1	0.947	189	10	0	5	193	1	186	9.214E-114	360
NP_872317.1	mbXP_005861686.1	0.994	185	1	0	40	224	1	185	1.209E-117	373
XP_006722457.1	mbXP_005861686.1	0.994	185	1	0	40	224	1	185	1.209E-117	373
NP_542184.1	mbXP_014384182.1	0.935	201	13	0	1	201	183	383	1.538E-120	380
NP_597716.1	mbXP_005881873.1	0.889	388	43	0	22	406	1	388	5.667E-252	771
XP_006723180.1	mbXP_014405965.1	0.764	203	47	0	1	202	1	203	3.704E-93	302
NP_001454.2	mbXP_014402019.1	0.981	276	5	0	50	325	1	276	9.653E-188	581
NP_009016.1	mbXP_005875456.1	0.826	288	43	0	21	308	27	272	3.430E-156	489
NP_005851.1	mbXP_014395541.1	0.603	249	97	0	19	263	1	249	4.006E-97	316
XP_006722994.1	mbXP_014387358.1	0.695	161	48	0	90	250	48	206	4.476E-64	220
NP_647475.1	mbXP_005870789.1	0.784	320	68	0	89	406	2	321	3.169E-170	535
NP_001709.1	mbXP_005886463.2	0.966	300	10	0	214	513	1	300	5.761E-198	621
NP_001711.2	mbXP_005868697.1	0.897	293	30	0	112	402	34	326	7.052E-177	554
NP_001276927.1	mbXP_005872213.1	0.792	352	73	0	1	352	1	352	3.898E-177	552
NP_001276956.1	mbXP_014400003.1	0.832	286	48	0	1	286	1	286	1.754E-161	503
NP_001276957.1	mbXP_005872213.1	0.792	352	73	0	1	352	1	352	3.898E-177	552
NP_001276926.1	mbXP_014400003.1	0.832	286	48	0	1	286	1	286	1.754E-161	503
NP_001276956.1	mbXP_014400003.1	0.832	286	48	0	1	286	1	286	1.754E-161	503
NP_037541.1	mbXP_014397758.1	0.951	310	15	0	35	344	1	310	3.574E-217	667
NP_002955.2	mbXP_005867244.1	0.606	89	35	0	1	89	1	89	3.334E-35	128
NP_002955.2	mbXP_014395978.1	0.606	89	35	0	1	89	1	89	3.334E-35	128
NP_002956.1	mbXP_005867246.1	0.614	109	41	0	5	110	1	109	5.952E-39	140
NP_006263.1	mbXP_005878964.1	0.945	92	5	0	1	92	1	92	9.189E-56	187
NP_006263.1	mbXP_014405453.1	0.945	92	5	0	1	92	1	92	9.189E-56	187
NP_004048.1	mbXP_005876683.1	0.822	79	14	0	1	79	1	79	2.756E-38	136
NP_570128.2	mbXP_005858218.1	0.657	105	33	0	2	99	25	129	6.561E-39	139
NP_766638.2	mbXP_005860733.1	0.879	985	116	0	33	988	5	989	0.000E+00	1943
XP_005253090.2	mbXP_014401384.1	0.901	988	95	0	41	999	4	991	0.000E+00	1983
XP_005249000.1	mbXP_014385113.1	0.967	880	29	0	130	1009	1	880	0.000E+00	1902
NP_003003.3	mbXP_005856578.1	0.969	292	9	0	23	314	2	293	3.868E-201	619
NP_003005.2	mbXP_014386536.1	0.958	316	13	0	31	346	1	316	2.329E-214	659
NP_003006.2	mbXP_005885521.1	0.994	167	1	0	151	317	1	167	1.091E-111	361
NP_000184.1	mbXP_014387742.1	0.946	283	15	0	1	283	4	286	8.021E-178	560
NP_009044.2	mbXP_014384125.1	0.529	1195	503	0	1	1195	1	1070	5.370E-321	1044
NP_001008536.1	mbXP_005880701.2	0.520	891	360	0	1	891	1	752	5.910E-257	812
NP_005439.2	mbXP_005864605.2	0.716	395	111	0	1	392	1	395	8.349E-188	585
NP_001192.2	mbXP_005857519.1	0.888	384	43	0	89	472	2	385	3.143E-230	712
NP_001193.2	mbXP_005873648.1	0.968	409	13	0	1	408	1	409	3.710E-275	838
NP_001193.2	mbXP_014401077.1	0.968	409	13	0	1	408	1	409	3.710E-275	838
NP_001193.2	mbXP_014401078.1	0.968	409	13	0	1	408	1	409	3.710E-275	838
NP_001193.2	mbXP_014401079.1	0.968	409	13	0	1	408	1	409	3.710E-275	838
NP_570911.2	mbXP_005873648.1	0.968	409	13	0	1	408	1	409	3.710E-275	838
NP_570911.2	mbXP_014401077.1	0.968	409	13	0	1	408	1	409	3.710E-275	838
NP_570911.2	mbXP_014401078.1	0.968	409	13	0	1	408	1	409	3.710E-275	838
NP_570911.2	mbXP_014401079.1	0.968	409	13	0	1	408	1	409	3.710E-275	838
NP_570912.2	mbXP_005873648.1	0.968	409	13	0	1	408	1	409	3.710E-275	838
NP_570912.2	mbXP_014401077.1	0.968	409	13	0	1	408	1	409	3.710E-275	838
NP_570912.2	mbXP_014401078.1	0.968	409	13	0	1	408	1	409	3.710E-275	838
NP_570912.2	mbXP_014401079.1	0.968	409	13	0	1	408	1	409	3.710E-275	838
XP_005268072.1	mbXP_005873648.1	0.968	409	13	0	1	408	1	409	3.710E-275	838
XP_005268072.1	mbXP_014401077.1	0.968	409	13	0	1	408	1	409	3.710E-275	838
XP_005268072.1	mbXP_014401078.1	0.968	409	13	0	1	408	1	409	3.710E-275	838
XP_005268072.1	mbXP_014401079.1	0.968	409	13	0	1	408	1	409	3.710E-275	838
NP_066551.1	mbXP_005863364.1	0.973	454	12	0	1	454	1	454	3.736E-307	933
NP_001710.1	mbXP_005880754.1	0.978	422	9	0	10	431	64	485	7.306E-288	876
NP_004741.1	mbXP_014401291.1	0.942	383	22	0	40	422	28	400	5.855E-251	769
NP_001137282.1	mbXP_014400709.1	0.920	329	26	0	1	329	1	328	2.422E-205	632
NP_149354.1	mbXP_014404891.1	1.000	140	0	0	94	233	1	140	7.584E-93	302
NP_149355.1	mbXP_014404891.1	1.000	140	0	0	65	204	1	140	2.053E-93	302
NP_002001.1	mbXP_005880049.1	1.000	208	0	0	1	208	1	208	6.521E-142	442
NP_005121.1	mbXP_014404826.1	0.567	243	101	0	1	234	1	243	1.062E-80	267
NP_005121.1	mbXP_014404827.1	0.567	243	101	0	1	234	1	243	1.062E-80	267
NP_004460.1	mbXP_005871926.1	0.824	354	62	0	1	354	1	351	4.448E-211	650
NP_001191431.1	mbXP_005879581.1	0.774	221	49	0	1	220	1	221	1.488E-103	333
NP_001191431.1	mbXP_005879583.1	0.774	221	49	0	1	220	1	221	1.488E-103	333
NP_001191431.1	mbXP_014405964.1	0.774	221	49	0	1	220	1	221	1.488E-103	333
NP_001483.3	mbXP_014401289.1	0.805	266	51	0	107	372	47	311	5.384E-138	440
NP_004953.1	mbXP_014391158.1	0.771	427	87	0	52	478	87	469	2.882E-216	672
NP_005802.1	mbXP_005876829.1	0.988	336	4	0	72	407	21	356	1.516E-232	715
XP_006719256.1	mbXP_005876829.1	0.988	336	4	0	72	407	21	356	1.516E-232	715
XP_006719257.1	mbXP_005876829.1	0.988	336	4	0	72	407	21	356	1.516E-232	715
NP_057288.1	mbXP_005861370.1	0.794	429	88	0	1	429	1	427	2.446E-229	707
NP_065685.1	mbXP_005876041.1	0.832	365	61	0	1	364	1	365	2.899E-212	654
NP_000548.2	mbXP_005879827.1	0.954	501	23	0	1	501	1	499	0.000E+00	1007
NP_001193941.1	mbXP_014386689.1	0.737	141	37	0	1	141	1	141	1.751E-68	227
NP_002623.2	mbXP_005883637.2	0.748	159	40	0	1	159	1	159	7.262E-80	261
NP_001191.1	mbXP_005874804.2	0.961	337	13	0	60	396	1	337	1.898E-224	691
NP_002981.2	mbXP_005873582.1	0.725	91	25	0	1	91	1	91	2.207E-39	140
NP_002976.2	mbXP_005860277.1	0.824	91	16	0	1	91	1	91	1.778E-48	166
NP_001132972.1	mbXP_005880855.1	0.992	255	2	0	1	255	1	255	1.778E-171	530
NP_004105.1	mbXP_005880856.1	0.991	245	2	0	1	245	1	245	1.274E-161	501
XP_005262456.1	mbXP_005880855.1	0.992	255	2	0	1	255	1	255	1.778E-171	530
NP_004106.1	mbXP_005858251.1	0.991	247	2	0	1	247	1	247	2.348E-164	509
NP_787125.1	mbXP_005858250.1	0.992	252	2	0	1	252	1	252	6.939E-172	531
NP_003858.1	mbXP_014393809.1	0.745	267	52	0	13	216	109	375	2.134E-124	392
NP_001167607.1	mbXP_005867269.1	0.755	172	41	0	1	172	1	169	9.086E-87	281
NP_001167607.1	mbXP_005867269.1	0.755	172	41	0	1	172	1	169	9.086E-87	281
NP_003203.1	mbXP_005867269.1	0.755	172	41	0	17	188	1	169	1.906E-86	281
NP_003227.1	mbXP_014396423.1	0.911	147	13	0	14	160	7	153	3.520E-91	293
XP_005264579.1	mbXP_014396422.1	0.854	163	23	0	9	166	80	242	9.450E-92	295
NP_000651.3	mbXP_005868891.2	0.859	299	42	0	92	390	28	326	3.794E-178	557
NP_001129071.1	mbXP_005879947.1	0.979	442	9	0	1	442	1	442	3.699E-301	915
NP_003229.1	mbXP_005879948.1	0.980	414	8	0	1	414	1	414	5.729E-282	858
NP_005614.2	mbXP_005877677.1	0.656	99	34	0	1	99	1	99	1.320E-39	141
NP_115934.1	mbXP_014394126.1	0.608	179	70	0	9	187	49	227	1.625E-70	237
NP_001137453.1	mbXP_014394304.1	0.958	459	19	0	1	458	1	459	9.881E-324	981
NP_001137453.1	mbXP_005865264.2	0.958	459	19	0	1	458	69	527	9.881E-324	981
NP_001137454.1	mbXP_005865262.2	0.958	458	19	0	1	457	69	526	4.941E-323	979
NP_006410.1	mbXP_005857496.1	0.451	93	51	0	1	93	1	93	4.817E-23	94
XP_006714126.1	mbXP_005857496.1	0.451	93	51	0	1	93	1	93	4.817E-23	94
NP_001390.1	mbXP_005856458.1	0.972	259	7	0	133	391	1	259	1.257E-173	544
NP_001954.2	mbXP_014400205.1	0.794	1006	207	0	1	1004	4	1009	0.000E+00	1752
NP_001161362.1	mbXP_014399779.1	0.820	344	62	0	25	368	7	349	7.510E-206	646
NP_003853.1	mbXP_005879496.1	0.990	206	2	0	1	206	1	206	4.085E-138	431
NP_005108.1	mbXP_005864559.1	0.760	171	41	0	46	216	1	171	4.406E-82	270
NP_001997.5	mbXP_014394515.1	0.945	147	8	0	142	288	1	147	8.189E-92	302
NP_061986.1	mbXP_005879658.1	0.735	169	44	0	8	174	8	176	4.379E-70	235
XP_005258788.1	mbXP_005879658.1	0.735	169	44	0	8	174	8	176	4.379E-70	235
NP_065688.1	mbXP_005866792.1	0.782	147	32	0	24	170	1	147	1.955E-77	254
NP_065689.1	mbXP_014403819.1	0.833	108	17	0	1	108	1	105	1.056E-51	184
NP_005238.1	mbXP_005864561.1	0.838	155	24	0	67	215	3	157	2.927E-80	266
NP_004455.2	mbXP_005857484.1	0.888	268	30	0	1	268	1	266	5.446E-157	489
NP_009122.2	mbXP_005872749.1	0.957	379	16	0	1	379	1	379	8.165E-269	818
NP_005421.1	mbXP_005877411.1	0.970	370	11	0	1	370	1	370	3.605E-256	781
NP_079492.2	mbXP_005883591.1	0.960	400	16	0	18	417	1	400	6.193E-274	835
NP_003385.2	mbXP_005877410.1	0.971	391	11	0	1	389	1	391	1.086E-270	824
NP_003385.2	mbXP_014404128.1	0.971	391	11	0	1	389	1	391	1.086E-270	824
NP_003385.2	mbXP_014404129.1	0.971	391	11	0	1	389	1	391	1.086E-270	824
NP_004617.2	mbXP_005867215.1	0.976	340	8	0	15	354	1	340	4.437E-237	725
XP_005274288.1	mbXP_005867215.1	0.976	340	8	0	15	354	1	340	4.437E-237	725
NP_476509.1	mbXP_005885549.2	0.825	382	64	0	1	365	94	475	6.561E-221	679
NP_149134.1	mbXP_014400188.1	0.813	123	22	0	1	123	1	120	1.241E-59	200
NP_066276.2	mbXP_005877072.1	0.942	208	12	0	1	208	1	208	1.004E-128	404
NP_002000.1	mbXP_005864023.1	0.953	194	9	0	1	194	1	194	5.681E-128	401
NP_006110.1	mbXP_014404891.1	1.000	140	0	0	76	215	1	140	3.384E-93	302
NP_149353.1	mbXP_014404891.1	1.000	140	0	0	105	244	1	140	1.233E-92	302
NP_612141.1	mbXP_005880093.2	0.585	123	46	0	66	188	8	119	2.243E-38	143
NP_443104.1	mbXP_014387934.1	0.547	159	69	0	5	163	3	156	2.121E-56	193
NP_001553.1	mbXP_005856915.1	0.668	193	64	0	1	193	1	193	1.429E-83	273
NP_001553.1	mbXP_014395131.1	0.668	193	64	0	1	193	45	237	1.429E-83	273
NP_037503.2	mbXP_014387994.1	0.779	172	38	0	1	172	1	172	2.550E-86	280
NP_037503.2	mbXP_005885345.1	0.779	172	38	0	1	172	1	172	2.550E-86	280
NP_715639.1	mbXP_014387994.1	0.779	172	38	0	39	210	1	172	1.439E-85	280
NP_715639.1	mbXP_005885345.1	0.779	172	38	0	39	210	1	172	1.439E-85	280
NP_000566.3	mbXP_005881876.1	0.655	269	92	0	1	269	1	267	1.042E-107	347
NP_000566.3	mbXP_014385143.1	0.655	269	92	0	1	269	1	267	1.042E-107	347
NP_000567.1	mbXP_005881875.1	0.650	268	93	0	1	268	1	267	6.642E-112	359
NP_115945.4	mbXP_014389663.1	0.854	151	22	0	1	151	1	151	3.899E-86	278
NP_039258.1	mbXP_014393349.1	0.941	599	35	0	42	640	1	598	0.000E+00	1165
NP_758525.1	mbXP_005882282.1	0.738	164	42	0	1	160	1	164	2.602E-78	256
NP_060872.1	mbXP_005856674.1	0.825	166	29	0	4	169	4	167	5.193E-84	273
NP_001166242.1	mbXP_014392256.1	0.711	208	60	0	1	208	30	237	6.250E-99	320
NP_001166243.1	mbXP_014392245.1	0.712	209	60	0	1	209	30	238	5.964E-100	323
NP_689669.2	mbXP_014392245.1	0.712	209	60	0	1	209	30	238	5.964E-100	323
NP_000580.1	mbXP_005865684.1	0.571	153	58	0	1	153	1	136	9.455E-44	156
NP_000870.1	mbXP_005865595.2	0.646	133	47	0	2	134	81	213	2.494E-49	171
NP_000870.1	mbXP_014394597.1	0.646	133	47	0	2	134	81	213	2.494E-49	171
NP_000591.1	mbXP_005872353.1	0.571	210	88	0	1	210	1	207	1.872E-72	242
XP_006715796.1	mbXP_014390751.1	0.793	160	30	0	52	211	63	210	7.839E-82	269
NP_002599.1	mbXP_014398060.1	0.847	223	34	0	19	241	51	273	2.543E-126	399
NP_057289.1	mbXP_014390510.1	0.954	306	14	0	40	345	2	307	4.236E-207	638
NP_079484.1	mbXP_005856932.1	0.900	370	37	0	1	370	1	370	5.562E-234	717
NP_000538.3	mbXP_014385289.1	0.460	731	382	0	3	733	23	730	4.180E-196	636
NP_001193673.1	mbXP_014385289.1	0.460	731	382	0	3	733	23	730	4.180E-196	636
NP_001191432.1	mbXP_005879581.1	0.774	221	49	0	1	220	1	221	1.488E-103	333
NP_001191432.1	mbXP_005879583.1	0.774	221	49	0	1	220	1	221	1.488E-103	333
NP_001191432.1	mbXP_014405964.1	0.774	221	49	0	1	220	1	221	1.488E-103	333
NP_001450.2	mbXP_005879581.1	0.774	221	49	0	1	220	1	221	1.488E-103	333
NP_001450.2	mbXP_005879583.1	0.774	221	49	0	1	220	1	221	1.488E-103	333
NP_001450.2	mbXP_014405964.1	0.774	221	49	0	1	220	1	221	1.488E-103	333
NP_001034860.1	mbXP_005859629.1	0.941	205	12	0	1	205	1	205	9.578E-128	401
NP_001009931.1	mbXP_014384105.1	0.532	537	248	0	1	537	1	531	2.843E-147	521
NP_757373.1	mbXP_014391633.1	0.779	195	43	0	10	204	1	195	5.258E-100	321
NP_001136016.1	mbXP_014385300.1	0.604	81	30	0	1	81	1	76	1.652E-19	88
NP_005746.2	mbXP_014388848.1	0.733	229	60	0	1	229	1	225	2.665E-111	355
NP_775184.1	mbXP_014389663.1	0.854	151	22	0	1	151	1	151	3.899E-86	278
NP_001165094.1	mbXP_014390861.1	0.874	151	19	0	29	179	1	150	2.323E-88	289
NP_000871.1	mbXP_005885735.1	0.632	128	47	0	50	177	1	128	9.024E-47	166
NP_000581.1	mbXP_005865692.1	0.697	139	42	0	1	139	1	139	1.012E-63	213
NP_002182.1	mbXP_005883600.1	0.821	364	65	0	3	366	5	367	3.571E-202	625
NP_002183.1	mbXP_005865915.1	0.931	426	29	0	1	426	1	426	3.529E-276	842
NP_002184.2	mbXP_005876586.1	0.973	298	8	0	110	407	148	445	5.567E-200	621
NP_005529.1	mbXP_005879079.1	0.832	352	59	0	1	352	1	352	2.535E-190	590
NP_002167.1	mbXP_005853085.1	0.529	187	87	0	1	187	1	186	2.495E-57	197
NP_003317.1	mbXP_005867790.1	0.668	181	60	0	1	181	1	181	4.282E-75	248
