NP_001138406.1	mdXP_059554725.1	0.954	155	7	0	1	155	1	155	9.263E-100	318
NP_001138406.1	mdXP_059554726.1	0.954	155	7	0	1	155	1	155	9.263E-100	318
NP_001138406.1	mdXP_059554727.1	0.954	155	7	0	1	155	1	155	9.263E-100	318
NP_001138406.1	mdXP_059554728.1	0.954	155	7	0	1	155	1	155	9.263E-100	318
NP_001138406.1	mdXP_059554729.1	0.954	155	7	0	1	155	1	155	9.263E-100	318
NP_001244134.1	mdXP_059554725.1	0.954	155	7	0	1	155	1	155	9.263E-100	318
NP_001244134.1	mdXP_059554726.1	0.954	155	7	0	1	155	1	155	9.263E-100	318
NP_001244134.1	mdXP_059554727.1	0.954	155	7	0	1	155	1	155	9.263E-100	318
NP_001244134.1	mdXP_059554728.1	0.954	155	7	0	1	155	1	155	9.263E-100	318
NP_001244134.1	mdXP_059554729.1	0.954	155	7	0	1	155	1	155	9.263E-100	318
NP_001244136.1	mdXP_059554725.1	0.954	155	7	0	1	155	1	155	9.263E-100	318
NP_001244136.1	mdXP_059554726.1	0.954	155	7	0	1	155	1	155	9.263E-100	318
NP_001244136.1	mdXP_059554727.1	0.954	155	7	0	1	155	1	155	9.263E-100	318
NP_001244136.1	mdXP_059554728.1	0.954	155	7	0	1	155	1	155	9.263E-100	318
NP_001244136.1	mdXP_059554729.1	0.954	155	7	0	1	155	1	155	9.263E-100	318
NP_001244137.1	mdXP_059554725.1	0.954	155	7	0	1	155	1	155	9.263E-100	318
NP_001244137.1	mdXP_059554726.1	0.954	155	7	0	1	155	1	155	9.263E-100	318
NP_001244137.1	mdXP_059554727.1	0.954	155	7	0	1	155	1	155	9.263E-100	318
NP_001244137.1	mdXP_059554728.1	0.954	155	7	0	1	155	1	155	9.263E-100	318
NP_001244137.1	mdXP_059554729.1	0.954	155	7	0	1	155	1	155	9.263E-100	318
NP_001191432.1	mdXP_059521366.1	0.762	226	54	0	1	226	1	226	2.180E-104	336
NP_001191432.1	mdXP_059521367.1	0.762	226	54	0	1	226	1	226	2.180E-104	336
NP_001191432.1	mdXP_059521368.1	0.762	226	54	0	1	226	1	226	2.180E-104	336
NP_004953.1	mdXP_059518048.1	0.826	478	82	0	1	478	1	471	4.913E-260	799
NP_005802.1	mdXP_059539153.1	0.980	407	8	0	1	407	1	404	4.730E-277	844
XP_006719256.1	mdXP_059539153.1	0.980	407	8	0	1	407	1	404	4.730E-277	844
XP_006719257.1	mdXP_059539153.1	0.980	407	8	0	1	407	1	404	4.730E-277	844
NP_004855.2	mdXP_059552177.1	0.660	297	100	0	14	308	1	297	3.436E-126	403
NP_057288.1	mdXP_059518047.1	0.804	429	83	0	1	429	1	427	3.279E-231	713
NP_065685.1	mdXP_059536904.1	0.843	365	57	0	1	364	1	365	3.877E-214	660
NP_000548.2	mdXP_059561965.1	0.954	501	23	0	1	501	1	499	0.000E+00	1007
NP_071920.1	mdXP_059553913.1	0.948	700	36	0	1	700	1	700	0.000E+00	1441
NP_000592.3	mdXP_059568139.1	0.928	730	52	0	1	728	1	730	0.000E+00	1537
NP_647475.1	mdXP_059551883.1	0.774	412	92	0	1	406	1	412	5.880E-213	659
NP_835228.2	mdXP_059566950.1	0.895	384	40	0	5	388	4	387	8.226E-244	747
NP_114123.2	mdXP_059552861.1	0.885	470	53	0	1	470	1	461	1.744E-285	872
NP_066969.1	mdXP_059547246.1	0.921	346	27	0	1	346	1	344	1.486E-224	689
NP_001648.1	mdXP_059524509.1	0.747	252	62	0	1	252	1	246	5.820E-119	379
NP_003317.1	mdXP_059530578.1	0.679	181	58	0	1	181	139	319	6.260E-76	251
NP_001005609.1	mdXP_059535621.1	0.930	389	27	0	1	389	1	389	2.038E-251	769
NP_001005612.2	mdXP_059535623.1	0.930	386	27	0	1	386	1	386	9.590E-250	764
NP_001390.1	mdXP_059535620.1	0.930	391	27	0	1	391	1	391	9.186E-253	773
NP_001954.2	mdXP_059518431.1	0.775	1208	271	0	1	1207	4	1211	0.000E+00	2046
NP_001483.3	mdXP_059552121.1	0.794	372	76	0	1	372	1	371	7.701E-193	599
XP_006711531.1	mdXP_059529559.1	0.912	103	9	0	1	103	1	103	1.779E-59	199
XP_006711531.1	mdXP_059529560.1	0.912	103	9	0	1	103	1	103	1.779E-59	199
NP_000791.1	mdXP_059554725.1	0.954	155	7	0	1	155	1	155	9.263E-100	318
NP_000791.1	mdXP_059554726.1	0.954	155	7	0	1	155	1	155	9.263E-100	318
NP_000791.1	mdXP_059554727.1	0.954	155	7	0	1	155	1	155	9.263E-100	318
NP_000791.1	mdXP_059554728.1	0.954	155	7	0	1	155	1	155	9.263E-100	318
NP_000791.1	mdXP_059554729.1	0.954	155	7	0	1	155	1	155	9.263E-100	318
NP_001138407.1	mdXP_059554725.1	0.954	155	7	0	1	155	1	155	9.263E-100	318
NP_001138407.1	mdXP_059554726.1	0.954	155	7	0	1	155	1	155	9.263E-100	318
NP_001138407.1	mdXP_059554727.1	0.954	155	7	0	1	155	1	155	9.263E-100	318
NP_001138407.1	mdXP_059554728.1	0.954	155	7	0	1	155	1	155	9.263E-100	318
NP_001138407.1	mdXP_059554729.1	0.954	155	7	0	1	155	1	155	9.263E-100	318
NP_001450.2	mdXP_059521366.1	0.762	226	54	0	1	226	1	226	2.180E-104	336
NP_001450.2	mdXP_059521367.1	0.762	226	54	0	1	226	1	226	2.180E-104	336
NP_001450.2	mdXP_059521368.1	0.762	226	54	0	1	226	1	226	2.180E-104	336
XP_006723180.1	mdXP_059521369.1	0.751	208	52	0	1	208	1	208	5.423E-94	305
NP_001454.2	mdXP_059559898.1	0.969	325	10	0	1	325	132	456	8.820E-220	674
NP_006341.1	mdXP_059550997.1	0.946	317	17	0	1	317	1	317	9.267E-224	685
NP_006341.1	mdXP_059550996.1	0.946	317	17	0	1	317	1	317	9.267E-224	685
NP_037541.1	mdXP_059550994.1	0.950	344	17	0	1	344	1	344	2.802E-242	740
NP_009016.1	mdXP_059543709.1	0.970	308	9	0	1	308	2	309	2.032E-210	646
NP_055254.2	mdXP_059516694.1	0.500	218	108	0	1	218	1	216	2.317E-60	208
NP_775270.1	mdXP_059516697.1	0.567	155	66	0	3	157	26	178	7.005E-54	186
NP_775270.1	mdXP_059516695.1	0.577	154	64	0	3	156	47	198	7.005E-54	186
NP_775270.1	mdXP_059516696.1	0.567	155	66	0	3	157	47	199	7.005E-54	186
NP_001116437.1	mdXP_059529662.1	0.580	949	326	0	1	776	1	949	0.000E+00	1064
NP_006262.1	mdXP_059529564.1	0.978	94	2	0	1	94	1	94	2.967E-57	192
NP_002957.1	mdXP_059530661.1	0.979	97	2	0	1	97	1	97	1.033E-61	205
NP_002957.1	mdXP_059530662.1	0.979	97	2	0	1	97	1	97	1.033E-61	205
NP_005611.1	mdXP_059531161.1	0.846	98	15	0	1	98	1	98	1.691E-52	179
NP_005612.1	mdXP_059531517.1	0.663	92	31	0	1	92	1	92	2.289E-35	129
NP_001019381.1	mdXP_059529561.1	0.684	92	29	0	1	92	1	92	5.532E-37	134
NP_001019381.1	mdXP_059529563.1	0.684	92	29	0	1	92	1	92	5.532E-37	134
NP_001019382.1	mdXP_059529561.1	0.684	92	29	0	1	92	1	92	5.532E-37	134
NP_001019382.1	mdXP_059529563.1	0.684	92	29	0	1	92	1	92	5.532E-37	134
NP_001019383.1	mdXP_059529561.1	0.684	92	29	0	1	92	1	92	5.532E-37	134
NP_001019383.1	mdXP_059529563.1	0.684	92	29	0	1	92	1	92	5.532E-37	134
NP_001019384.1	mdXP_059529561.1	0.684	92	29	0	1	92	1	92	5.532E-37	134
NP_001019384.1	mdXP_059529563.1	0.684	92	29	0	1	92	1	92	5.532E-37	134
NP_005970.1	mdXP_059529561.1	0.684	92	29	0	1	92	1	92	5.532E-37	134
NP_005970.1	mdXP_059529563.1	0.684	92	29	0	1	92	1	92	5.532E-37	134
NP_001139117.1	mdXP_059541082.1	0.767	271	62	0	1	266	1	271	9.719E-129	408
NP_006564.1	mdXP_059541080.1	0.768	290	66	0	1	285	1	290	9.192E-139	438
NP_006564.1	mdXP_059541081.1	0.768	290	66	0	1	285	1	290	9.192E-139	438
NP_003798.2	mdXP_059551235.1	0.764	241	56	0	1	240	1	241	1.381E-120	383
NP_001001557.1	mdXP_059528164.1	0.881	465	54	0	1	455	1	465	4.107E-268	821
NP_001165095.1	mdXP_059557556.1	0.919	187	15	0	29	215	1	186	1.060E-119	379
NP_001172026.1	mdXP_059566800.1	0.818	110	19	0	1	110	1	106	7.904E-55	186
NP_001172027.1	mdXP_059566800.1	0.818	110	19	0	1	110	1	106	7.904E-55	186
NP_001278826.1	mdXP_059566800.1	0.818	110	19	0	1	110	1	106	7.904E-55	186
NP_005534.2	mdXP_059552241.1	0.759	135	31	0	1	131	1	135	8.831E-64	213
NP_005469.2	mdXP_059551182.1	0.322	110	73	0	26	135	32	139	3.131E-09	56
NP_001153480.1	mdXP_059541446.1	0.942	420	24	0	1	420	1	420	1.652E-269	823
NP_039250.2	mdXP_059541432.1	0.934	645	42	0	1	645	1	644	0.000E+00	1245
NP_039251.2	mdXP_059541434.1	0.934	637	42	0	1	637	1	636	0.000E+00	1228
NP_039253.1	mdXP_059541450.1	0.939	296	18	0	1	296	1	296	4.024E-188	581
NP_039254.1	mdXP_059541443.1	0.948	462	24	0	1	462	1	462	1.987E-297	906
NP_039258.1	mdXP_059541433.1	0.934	640	42	0	1	640	1	639	0.000E+00	1232
NP_002332.1	mdXP_059558070.1	0.715	244	68	0	1	244	1	239	3.582E-103	333
NP_940972.2	mdXP_059511928.1	0.856	325	47	0	1	324	1	325	1.748E-203	627
NP_001073969.1	mdXP_059560839.1	0.988	174	2	0	1	174	1	174	1.540E-127	402
NP_444514.1	mdXP_059548532.1	0.874	548	69	0	1	548	1	547	0.000E+00	1036
NP_996890.1	mdXP_059524263.1	0.858	92	13	0	1	92	1	92	2.448E-50	172
NP_002518.1	mdXP_059537960.1	0.972	257	7	0	1	257	1	257	4.158E-168	521
NP_006170.1	mdXP_059521896.1	0.914	210	18	0	1	210	1	210	8.763E-128	402
NP_006170.1	mdXP_059521897.1	0.914	210	18	0	1	210	1	210	8.763E-128	402
XP_005259019.1	mdXP_059521896.1	0.914	210	18	0	1	210	1	210	8.763E-128	402
XP_005259019.1	mdXP_059521897.1	0.914	210	18	0	1	210	1	210	8.763E-128	402
XP_006723295.1	mdXP_059521896.1	0.914	210	18	0	1	210	1	210	8.763E-128	402
XP_006723295.1	mdXP_059521897.1	0.914	210	18	0	1	210	1	210	8.763E-128	402
NP_065391.1	mdXP_059532296.1	0.501	247	109	0	6	252	6	225	1.470E-63	219
NP_002598.4	mdXP_059555471.1	0.881	211	25	0	1	211	1	211	5.484E-125	394
XP_006715796.1	mdXP_059555471.1	0.881	211	25	0	1	211	1	211	5.484E-125	394
NP_002599.1	mdXP_059537485.1	0.858	241	34	0	1	241	38	278	5.461E-140	439
NP_149126.1	mdXP_059563909.1	0.898	364	37	0	1	364	1	364	9.766E-230	705
NP_001167607.1	mdXP_059518927.1	0.726	172	46	0	1	172	1	169	3.929E-84	274
NP_001167607.1	mdXP_059518927.1	0.726	172	46	0	1	172	1	169	3.929E-84	274
NP_003203.1	mdXP_059518927.1	0.726	172	46	0	17	188	1	169	8.220E-84	274
NP_003227.1	mdXP_059515486.1	0.912	160	14	0	1	160	1	160	6.414E-98	313
XP_005264579.1	mdXP_059515480.1	0.879	158	18	0	16	166	79	236	6.824E-92	296
NP_000651.3	mdXP_059522423.1	0.887	390	44	0	1	390	1	390	5.352E-241	739
NP_001129071.1	mdXP_059533715.1	0.977	442	10	0	1	442	1	442	1.204E-301	917
NP_003229.1	mdXP_059533716.1	0.978	414	9	0	1	414	1	414	1.865E-282	860
NP_003230.1	mdXP_059545665.1	0.917	412	34	0	1	412	1	408	1.801E-264	808
XP_005268085.1	mdXP_059545665.1	0.917	412	34	0	1	412	1	408	1.801E-264	808
NP_000451.1	mdXP_059543223.1	0.764	352	81	0	1	352	1	345	6.365E-168	526
NP_001171068.1	mdXP_059543224.1	0.761	348	81	0	1	348	1	341	6.974E-165	517
NP_001276926.1	mdXP_059543225.1	0.790	286	58	0	1	286	1	279	1.728E-149	469
NP_001276927.1	mdXP_059543223.1	0.764	352	81	0	1	352	1	345	6.365E-168	526
NP_001276932.1	mdXP_059543223.1	0.764	352	81	0	141	492	1	345	2.668E-165	526
NP_001276951.1	mdXP_059543224.1	0.761	348	81	0	1	348	1	341	6.974E-165	517
NP_001276956.1	mdXP_059543225.1	0.790	286	58	0	1	286	1	279	1.728E-149	469
NP_006265.1	mdXP_059514754.1	0.752	97	23	0	2	98	6	100	1.489E-42	150
NP_002973.1	mdXP_059525490.1	0.653	98	34	0	1	98	1	98	9.514E-40	142
NP_001123518.1	mdXP_059559380.1	0.630	92	34	0	4	95	5	96	5.315E-36	131
NP_004582.1	mdXP_059559379.1	0.634	93	34	0	4	96	5	97	1.121E-36	133
NP_002980.1	mdXP_059513197.1	0.791	134	27	0	1	134	1	130	2.054E-64	215
NP_002981.2	mdXP_059523946.1	0.736	91	24	0	1	91	1	91	6.438E-41	145
NP_665905.2	mdXP_059525641.1	0.487	114	57	0	1	112	1	114	1.020E-24	100
NP_665905.2	mdXP_059525642.1	0.487	114	57	0	1	112	1	114	1.020E-24	100
NP_665905.2	mdXP_059525638.1	0.451	121	65	0	1	119	1	121	1.020E-24	100
NP_116031.1	mdXP_059539943.1	0.935	359	23	0	1	359	26	383	1.383E-240	736
NP_006513.1	mdXP_059559169.1	0.958	365	15	0	1	365	1	365	4.318E-248	758
NP_004616.2	mdXP_059544274.1	0.985	349	5	0	1	349	1	349	5.438E-246	751
NP_478679.1	mdXP_059537377.1	0.991	349	3	0	1	349	1	349	2.033E-248	758
NP_490645.1	mdXP_059551326.1	0.897	350	36	0	1	350	1	350	2.476E-221	680
XP_005272133.1	mdXP_059551324.1	0.880	368	44	0	1	368	1	368	2.738E-229	704
NP_085155.1	mdXP_059558388.1	0.828	298	50	0	1	293	1	298	6.333E-173	537
NP_001257918.1	mdXP_059524585.1	0.779	154	33	0	1	154	1	151	1.641E-76	251
NP_001257921.1	mdXP_059524609.1	0.718	103	28	0	1	103	1	100	1.709E-43	153
NP_000790.2	mdXP_059549605.1	0.835	188	31	0	6	193	26	213	3.032E-97	313
NP_001423.1	mdXP_059524571.1	0.807	156	30	0	14	169	10	165	1.536E-84	275
NP_000630.1	mdXP_059529452.1	0.846	281	43	0	1	281	1	280	8.355E-164	510
NP_795372.1	mdXP_059514724.1	0.677	189	61	0	1	189	1	189	5.966E-80	264
NP_000610.2	mdXP_059537007.1	0.578	166	69	0	1	166	1	165	9.513E-55	189
NP_064509.2	mdXP_059514718.1	0.602	208	82	0	1	207	1	208	2.568E-80	265
NP_002168.1	mdXP_059514727.1	0.654	194	67	0	1	194	1	194	4.015E-78	258
NP_000609.1	mdXP_059537808.1	0.921	153	12	0	1	153	1	153	1.238E-95	306
NP_001104755.1	mdXP_059537805.1	0.882	187	22	0	1	186	1	187	4.371E-111	353
NP_001104753.1	mdXP_059537807.1	0.905	159	15	0	1	158	1	159	3.177E-96	308
NP_000603.1	mdXP_059566782.1	0.814	182	33	0	1	180	1	182	2.419E-93	301
NP_000603.1	mdXP_059566784.1	0.814	182	33	0	1	180	1	182	2.419E-93	301
NP_001007140.2	mdXP_059566782.1	0.814	182	33	0	1	180	1	182	2.419E-93	301
NP_001007140.2	mdXP_059566784.1	0.814	182	33	0	1	180	1	182	2.419E-93	301
NP_110402.2	mdXP_059539943.1	0.935	359	23	0	1	359	26	383	1.383E-240	736
NP_000871.1	mdXP_059528656.1	0.666	177	58	0	1	177	1	176	6.327E-73	242
NP_001186815.1	mdXP_059528659.1	0.684	133	41	0	1	133	1	132	3.889E-57	194
NP_001276956.1	mdXP_059543225.1	0.790	286	58	0	1	286	1	279	1.728E-149	469
NP_003801.1	mdXP_059543033.1	0.694	274	83	0	11	281	11	284	6.122E-124	395
NP_003692.1	mdXP_059540694.1	0.906	321	30	0	1	317	1	321	2.301E-196	606
NP_003800.1	mdXP_059524747.1	0.871	249	32	0	1	249	1	248	3.915E-139	437
NP_002972.1	mdXP_059527647.1	0.500	62	29	0	1	59	1	62	2.775E-12	63
NP_002977.1	mdXP_059525491.1	0.670	97	32	0	1	97	1	97	3.879E-40	143
NP_116741.2	mdXP_059525641.1	0.482	112	56	0	1	109	1	112	7.532E-25	100
NP_116741.2	mdXP_059525642.1	0.482	112	56	0	1	109	1	112	7.532E-25	100
NP_116741.2	mdXP_059525638.1	0.486	112	56	0	1	109	1	112	7.532E-25	100
NP_004581.1	mdXP_059526467.1	0.669	109	35	0	1	107	1	109	5.120E-40	144
XP_005258077.1	mdXP_059526467.1	0.669	109	35	0	1	107	1	109	5.120E-40	144
NP_055297.1	mdXP_059515559.1	0.905	424	40	0	1	424	1	424	4.137E-261	799
NP_005614.2	mdXP_059525489.1	0.696	99	30	0	1	99	1	99	7.759E-42	148
NP_001257349.1	mdXP_059567223.1	0.321	109	63	0	74	182	252	345	1.189E-03	41
NP_001257349.1	mdXP_059567221.1	0.321	109	63	0	74	182	291	384	1.189E-03	41
NP_006063.1	mdXP_059549483.1	0.573	89	37	0	1	89	1	88	4.695E-29	111
NP_006655.1	mdXP_059513190.1	0.696	112	34	0	1	112	1	112	1.936E-46	162
NP_683513.1	mdXP_059550806.1	0.741	120	31	0	1	120	1	120	1.455E-56	192
NP_001001437.2	mdXP_059526466.1	0.752	93	23	0	1	93	1	93	4.736E-44	154
NP_066286.1	mdXP_059526466.1	0.752	93	23	0	1	93	1	93	4.736E-44	154
NP_002975.1	mdXP_059524263.1	0.847	92	14	0	1	92	1	92	2.448E-50	172
XP_005250572.1	mdXP_059567874.1	0.976	168	4	0	1	168	1	168	4.954E-113	357
NP_003384.2	mdXP_059517962.1	0.990	318	3	0	34	351	12	329	9.265E-224	687
NP_003386.1	mdXP_059551798.1	0.969	365	11	0	1	365	1	364	9.593E-248	757
NP_003387.1	mdXP_059525807.1	0.960	358	14	0	1	357	1	358	3.068E-239	732
NP_002986.1	mdXP_059529332.1	0.666	111	36	0	1	111	1	109	1.290E-43	154
NP_003166.1	mdXP_059529332.1	0.666	111	36	0	1	111	1	109	1.290E-43	154
NP_001183980.1	mdXP_059565259.1	0.954	572	26	0	1	569	1	572	0.000E+00	1127
NP_004105.1	mdXP_059536272.1	0.991	245	2	0	1	245	1	245	2.046E-161	501
XP_005262456.1	mdXP_059536271.1	0.992	255	2	0	1	255	1	255	2.856E-171	530
XP_005262456.1	mdXP_059536269.1	0.992	255	2	0	1	255	1	255	2.856E-171	530
XP_005262456.1	mdXP_059536270.1	0.992	255	2	0	1	255	1	255	2.856E-171	530
NP_004106.1	mdXP_059541043.1	0.995	247	1	0	1	247	1	247	1.697E-164	510
NP_787125.1	mdXP_059541042.1	0.996	252	1	0	1	252	1	252	2.256E-172	533
NP_003859.1	mdXP_059535524.1	0.980	207	4	0	1	207	1	207	1.207E-139	436
NP_003858.1	mdXP_059551123.1	0.958	216	9	0	1	216	1	216	2.035E-138	433
NP_878248.2	mdXP_059516445.1	0.835	454	74	0	1	450	1	454	1.831E-248	764
NP_001275753.1	mdXP_059554362.1	0.777	366	81	0	1	366	1	366	3.167E-191	594
NP_005251.1	mdXP_059554357.1	0.768	454	105	0	1	454	1	454	7.755E-234	722
NP_000505.1	mdXP_059550897.1	0.938	211	13	0	1	211	1	210	2.831E-132	415
NP_001177397.1	mdXP_059550897.1	0.938	211	13	0	18	228	1	210	6.297E-132	415
NP_001177398.1	mdXP_059550898.1	0.940	185	11	0	18	202	1	185	3.441E-117	371
NP_001265027.1	mdXP_059550899.1	0.949	159	8	0	1	159	1	159	4.581E-101	322
NP_954701.1	mdXP_059550898.1	0.940	185	11	0	1	185	1	185	1.540E-117	371
NP_000506.2	mdXP_059527659.1	0.595	214	86	0	4	217	83	295	9.741E-79	261
NP_001073966.2	mdXP_059513801.1	0.857	602	86	0	1	602	1	602	0.000E+00	1107
NP_066278.3	mdXP_059520701.1	0.849	711	107	0	15	725	1	711	0.000E+00	1367
NP_005250.1	mdXP_059558547.1	0.922	375	29	0	1	375	1	375	5.398E-242	741
NP_002497.2	mdXP_059529321.1	0.908	241	22	0	1	241	1	241	2.835E-147	460
NP_002497.2	mdXP_059529322.1	0.908	241	22	0	1	241	1	241	2.835E-147	460
XP_006710726.1	mdXP_059529321.1	0.908	241	22	0	1	241	1	241	2.835E-147	460
XP_006710726.1	mdXP_059529322.1	0.908	241	22	0	1	241	1	241	2.835E-147	460
XP_006710727.1	mdXP_059529321.1	0.908	241	22	0	1	241	1	241	2.835E-147	460
XP_006710727.1	mdXP_059529322.1	0.908	241	22	0	1	241	1	241	2.835E-147	460
XP_006710728.1	mdXP_059529321.1	0.908	241	22	0	1	241	1	241	2.835E-147	460
XP_006710728.1	mdXP_059529322.1	0.908	241	22	0	1	241	1	241	2.835E-147	460
NP_060525.3	mdXP_059518463.1	0.830	347	59	0	1	347	1	347	1.870E-196	608
NP_003382.1	mdXP_059567597.1	0.938	360	22	0	1	360	1	360	1.849E-246	753
NP_078613.1	mdXP_059530951.1	0.966	392	13	0	1	391	1	392	1.038E-268	819
NP_110380.1	mdXP_059525809.1	0.997	355	1	0	1	355	1	355	1.067E-258	788
NP_110380.1	mdXP_059525808.1	0.997	355	1	0	1	355	1	355	1.067E-258	788
NP_149122.1	mdXP_059551796.1	0.951	352	17	0	1	352	1	352	1.675E-243	744
NP_110388.2	mdXP_059546869.1	0.997	351	1	0	1	351	1	351	7.193E-244	745
NP_003383.2	mdXP_059519244.1	0.989	380	4	0	1	380	1	380	3.675E-266	811
NP_002182.1	mdXP_059559275.1	0.829	364	62	0	3	366	5	367	8.842E-206	636
NP_002184.2	mdXP_059560692.1	0.965	407	14	0	1	407	1	407	5.187E-276	841
NP_543016.1	mdXP_059561509.1	0.931	464	32	0	1	464	1	464	8.730E-308	936
NP_954993.1	mdXP_059534263.1	0.535	565	230	0	7	571	7	502	4.590E-178	567
NP_000890.1	mdXP_059539731.1	0.807	270	52	0	5	273	10	279	8.965E-142	446
NP_003985.2	mdXP_059539732.1	0.789	242	51	0	5	245	10	251	2.661E-124	394
NP_066277.1	mdXP_059533273.1	0.841	367	58	0	1	366	1	367	3.026E-209	646
NP_066277.1	mdXP_059533274.1	0.841	367	58	0	1	366	1	367	3.026E-209	646
NP_000221.1	mdXP_059512088.1	0.790	167	35	0	1	167	1	167	7.616E-83	270
XP_005253090.2	mdXP_059564820.1	0.889	1024	111	0	1	999	1	1024	0.000E+00	2013
NP_000538.3	mdXP_059516623.1	0.696	874	260	0	1	874	1	857	0.000E+00	1274
NP_001193673.1	mdXP_059516623.1	0.696	874	260	0	1	874	1	857	0.000E+00	1274
NP_001007538.1	mdXP_059537034.1	0.870	332	43	0	1	332	1	332	1.599E-208	642
NP_004343.1	mdXP_059524079.1	0.989	193	2	0	1	193	1	193	2.340E-125	394
NP_872317.1	mdXP_059562347.1	0.950	224	11	0	1	224	1	224	7.252E-137	429
NP_872317.1	mdXP_059562348.1	0.950	224	11	0	1	224	1	224	7.252E-137	429
NP_872317.1	mdXP_059562349.1	0.950	224	11	0	1	224	1	224	7.252E-137	429
XP_006722457.1	mdXP_059562347.1	0.950	224	11	0	1	224	1	224	7.252E-137	429
XP_006722457.1	mdXP_059562348.1	0.950	224	11	0	1	224	1	224	7.252E-137	429
XP_006722457.1	mdXP_059562349.1	0.950	224	11	0	1	224	1	224	7.252E-137	429
NP_001034860.1	mdXP_059565232.1	0.946	205	11	0	1	205	1	205	1.400E-128	404
NP_542184.1	mdXP_059563512.1	0.980	201	4	0	1	201	1	201	6.294E-127	399
NP_597716.1	mdXP_059562221.1	0.890	409	45	0	1	406	1	409	5.593E-266	812
XP_005266705.1	mdXP_059562221.1	0.890	409	45	0	1	406	1	409	5.593E-266	812
XP_006722456.1	mdXP_059562221.1	0.890	409	45	0	1	406	1	409	5.593E-266	812
NP_002623.2	mdXP_059546300.1	0.742	159	41	0	1	159	1	159	2.594E-79	260
NP_443112.2	mdXP_059532886.1	0.771	263	60	0	1	263	6	267	5.344E-134	423
NP_002695.1	mdXP_059524723.1	0.585	110	45	0	20	128	13	122	1.781E-30	117
NP_002695.1	mdXP_059524705.1	0.603	105	41	0	20	123	13	117	1.781E-30	117
NP_000939.1	mdXP_059542045.1	0.566	261	98	0	1	227	6	266	3.827E-94	306
NP_001157030.1	mdXP_059542045.1	0.566	261	98	0	1	227	6	266	3.827E-94	306
NP_004149.1	mdXP_059552934.1	0.705	156	45	0	1	156	1	153	4.286E-67	224
NP_002816.1	mdXP_059567874.1	0.976	168	4	0	1	168	1	168	4.954E-113	357
XP_005245491.1	mdXP_059529561.1	0.684	92	29	0	1	92	1	92	5.532E-37	134
XP_005245491.1	mdXP_059529563.1	0.684	92	29	0	1	92	1	92	5.532E-37	134
NP_065723.1	mdXP_059529559.1	0.912	103	9	0	1	103	1	103	1.779E-59	199
NP_065723.1	mdXP_059529560.1	0.912	103	9	0	1	103	1	103	1.779E-59	199
XP_005245419.1	mdXP_059529559.1	0.912	103	9	0	1	103	1	103	1.779E-59	199
XP_005245419.1	mdXP_059529560.1	0.912	103	9	0	1	103	1	103	1.779E-59	199
NP_525127.1	mdXP_059529551.1	0.912	103	9	0	1	103	1	103	1.873E-58	196
NP_525127.1	mdXP_059529554.1	0.912	103	9	0	1	103	1	103	1.873E-58	196
NP_525127.1	mdXP_059529549.1	0.912	103	9	0	1	103	1	103	1.873E-58	196
NP_525127.1	mdXP_059529550.1	0.912	103	9	0	1	103	1	103	1.873E-58	196
NP_525127.1	mdXP_059529548.1	0.912	103	9	0	1	103	13	115	1.873E-58	196
XP_005244962.1	mdXP_059529551.1	0.912	103	9	0	1	103	1	103	1.873E-58	196
XP_005244962.1	mdXP_059529554.1	0.912	103	9	0	1	103	1	103	1.873E-58	196
XP_005244962.1	mdXP_059529549.1	0.912	103	9	0	1	103	1	103	1.873E-58	196
XP_005244962.1	mdXP_059529550.1	0.912	103	9	0	1	103	1	103	1.873E-58	196
XP_005244962.1	mdXP_059529548.1	0.912	103	9	0	1	103	13	115	1.873E-58	196
XP_005244963.1	mdXP_059529551.1	0.912	103	9	0	1	103	1	103	1.873E-58	196
XP_005244963.1	mdXP_059529554.1	0.912	103	9	0	1	103	1	103	1.873E-58	196
XP_005244963.1	mdXP_059529549.1	0.912	103	9	0	1	103	1	103	1.873E-58	196
XP_005244963.1	mdXP_059529550.1	0.912	103	9	0	1	103	1	103	1.873E-58	196
XP_005244963.1	mdXP_059529548.1	0.912	103	9	0	1	103	13	115	1.873E-58	196
NP_005969.1	mdXP_059530311.1	0.855	97	14	0	1	97	1	97	6.297E-51	174
NP_002951.1	mdXP_059530309.1	0.920	101	8	0	1	101	7	107	1.030E-63	211
NP_002951.1	mdXP_059530308.1	0.920	101	8	0	1	101	11	111	1.030E-63	211
NP_002951.1	mdXP_059530307.1	0.920	101	8	0	1	101	17	117	1.030E-63	211
NP_002951.1	mdXP_059530305.1	0.920	101	8	0	1	101	26	126	1.030E-63	211
NP_002951.1	mdXP_059530304.1	0.920	101	8	0	1	101	37	137	1.030E-63	211
NP_003799.1	mdXP_059524744.1	0.828	250	43	0	1	250	1	250	1.205E-135	427
NP_065386.1	mdXP_059537143.1	0.709	179	52	0	1	178	1	179	1.942E-78	258
XP_005268986.1	mdXP_059537143.1	0.709	179	52	0	1	178	1	179	1.942E-78	258
NP_057668.1	mdXP_059539252.1	0.841	196	30	0	1	189	1	196	5.827E-105	335
NP_057668.1	mdXP_059539253.1	0.841	196	30	0	1	189	1	196	5.827E-105	335
NP_001172085.1	mdXP_059530601.1	0.719	182	51	0	26	207	2	183	4.320E-83	273
NP_006841.1	mdXP_059530601.1	0.719	182	51	0	25	206	2	183	4.131E-83	273
NP_758525.1	mdXP_059536491.1	0.750	163	40	0	1	160	1	163	7.672E-80	261
NP_060872.1	mdXP_059537008.1	0.813	166	30	0	4	169	4	167	9.176E-83	270
NP_000581.1	mdXP_059555520.1	0.676	139	45	0	1	139	1	139	1.974E-61	207
NP_003732.2	mdXP_059543208.1	0.901	958	94	0	1	955	1	958	0.000E+00	1848
XP_005247907.1	mdXP_059543208.1	0.900	958	95	0	1	954	1	958	0.000E+00	1848
NP_001137453.1	mdXP_059534453.1	0.958	459	19	0	1	458	42	500	1.482E-323	981
NP_001137453.1	mdXP_059534449.1	0.958	459	19	0	1	458	69	527	1.482E-323	981
NP_001137454.1	mdXP_059534450.1	0.958	458	19	0	1	457	69	526	7.905E-323	979
NP_005746.2	mdXP_059551245.1	0.733	229	60	0	1	229	1	225	4.281E-111	355
NP_002183.1	mdXP_059511729.1	0.927	426	31	0	1	426	1	426	2.797E-275	840
NP_002183.1	mdXP_059511730.1	0.927	426	31	0	1	426	1	426	2.797E-275	840
NP_037452.1	mdXP_059537788.1	0.938	792	49	0	1	792	1	792	0.000E+00	1578
NP_001010932.1	mdXP_059568140.1	0.928	725	52	0	1	723	1	725	0.000E+00	1527
XP_006716019.1	mdXP_059568139.1	0.928	730	52	0	1	728	1	730	0.000E+00	1537
NP_001519.1	mdXP_059532761.1	0.838	651	105	0	1	650	1	651	0.000E+00	1207
NP_757351.1	mdXP_059530041.1	0.666	554	184	0	1	554	73	624	7.642E-230	716
NP_757351.1	mdXP_059530042.1	0.666	554	184	0	1	554	73	624	7.642E-230	716
NP_000749.2	mdXP_059551317.1	0.694	144	44	0	1	144	1	144	7.306E-64	214
NP_005851.1	mdXP_059553421.1	0.802	292	52	0	1	263	1	292	6.056E-167	518
NP_001009931.1	mdXP_059530964.1	0.521	2082	888	0	1	2082	1	1855	0.000E+00	1876
NP_002382.1	mdXP_059565508.1	0.916	143	12	0	1	143	1	143	1.023E-92	297
NP_002382.1	mdXP_059565509.1	0.916	143	12	0	1	143	1	143	1.023E-92	297
NP_001243474.1	mdXP_059549709.1	0.953	1135	53	0	1	1135	1	1135	0.000E+00	2562
NP_115822.1	mdXP_059549709.1	0.953	1135	53	0	1	1135	1	1135	0.000E+00	2562
NP_115821.2	mdXP_059553705.1	0.950	1044	52	0	1	1044	1	1044	0.000E+00	2356
NP_001400.3	mdXP_059547448.1	0.786	1540	327	0	1	1540	1	1527	0.000E+00	2929
NP_001258867.1	mdXP_059522430.1	0.936	2845	178	0	1	2845	1	2789	0.000E+00	5929
NP_003367.4	mdXP_059557556.1	0.919	187	15	0	209	395	1	186	2.709E-116	379
NP_001230662.1	mdXP_059566264.1	0.946	188	10	0	1	188	1	188	4.100E-125	393
NP_003368.1	mdXP_059566262.1	0.927	207	15	0	1	207	1	207	1.400E-129	407
NP_055310.1	mdXP_059545298.1	0.864	457	62	0	1	456	1	457	1.618E-272	834
NP_002178.2	mdXP_059551343.1	0.823	329	58	0	1	328	1	329	8.016E-188	582
XP_005269501.1	mdXP_059518163.1	0.918	726	59	0	1	720	1	726	0.000E+00	1369
NP_004549.1	mdXP_059552991.1	0.908	197	18	0	1	197	1	197	5.002E-119	376
NP_004549.1	mdXP_059552992.1	0.908	197	18	0	1	197	1	197	5.002E-119	376
NP_001096124.1	mdXP_059537959.1	0.970	270	8	0	1	270	1	270	3.986E-175	542
NP_996890.1	mdXP_059524263.1	0.858	92	13	0	1	92	1	92	2.448E-50	172
NP_002976.2	mdXP_059526468.1	0.802	91	18	0	1	91	1	91	1.419E-47	164
NP_000568.1	mdXP_059515177.1	0.829	158	27	0	1	158	1	158	1.454E-88	286
NP_001193.2	mdXP_059551424.1	0.968	409	13	0	1	408	1	409	5.960E-275	838
NP_001193.2	mdXP_059551428.1	0.968	409	13	0	1	408	1	409	5.960E-275	838
NP_001193.2	mdXP_059551435.1	0.968	409	13	0	1	408	1	409	5.960E-275	838
NP_570911.2	mdXP_059551424.1	0.968	409	13	0	1	408	1	409	5.960E-275	838
NP_570911.2	mdXP_059551428.1	0.968	409	13	0	1	408	1	409	5.960E-275	838
NP_570911.2	mdXP_059551435.1	0.968	409	13	0	1	408	1	409	5.960E-275	838
NP_570912.2	mdXP_059551424.1	0.968	409	13	0	1	408	1	409	5.960E-275	838
NP_570912.2	mdXP_059551428.1	0.968	409	13	0	1	408	1	409	5.960E-275	838
NP_570912.2	mdXP_059551435.1	0.968	409	13	0	1	408	1	409	5.960E-275	838
XP_005268072.1	mdXP_059551424.1	0.968	409	13	0	1	408	1	409	5.960E-275	838
XP_005268072.1	mdXP_059551428.1	0.968	409	13	0	1	408	1	409	5.960E-275	838
XP_005268072.1	mdXP_059551435.1	0.968	409	13	0	1	408	1	409	5.960E-275	838
NP_066551.1	mdXP_059557331.1	0.975	454	11	0	1	454	1	454	2.701E-307	934
NP_001709.1	mdXP_059544555.1	0.892	513	54	0	1	513	1	502	7.542E-317	965
NP_001710.1	mdXP_059561213.1	0.979	431	9	0	1	431	1	431	1.502E-293	893
NP_001188288.1	mdXP_059551869.1	0.565	149	63	0	1	149	1	145	4.734E-46	163
NP_001276957.1	mdXP_059543223.1	0.764	352	81	0	1	352	1	345	6.365E-168	526
NP_001276926.1	mdXP_059543225.1	0.790	286	58	0	1	286	1	279	1.728E-149	469
NP_000585.2	mdXP_059555680.1	0.789	233	48	0	1	233	1	228	1.323E-117	374
NP_001161362.1	mdXP_059534430.1	0.813	368	68	0	1	368	3	369	4.745E-217	679
NP_001153212.1	mdXP_059558076.1	0.678	205	64	0	1	205	1	201	7.997E-84	275
NP_001153212.1	mdXP_059558075.1	0.678	205	64	0	1	205	102	302	7.997E-84	275
NP_001153212.1	mdXP_059558073.1	0.678	205	64	0	1	205	191	391	7.997E-84	275
NP_001153212.1	mdXP_059558074.1	0.678	205	64	0	1	205	191	391	7.997E-84	275
NP_001153212.1	mdXP_059558072.1	0.678	205	64	0	1	205	196	396	7.997E-84	275
NP_002167.1	mdXP_059514731.1	0.508	187	91	0	1	187	1	186	1.069E-54	190
NP_009110.2	mdXP_059514737.1	0.592	209	84	0	1	208	1	209	1.697E-70	237
NP_000470.2	mdXP_059553262.1	0.752	572	139	0	1	560	1	572	5.598E-273	841
NP_001137.2	mdXP_059527896.1	0.927	498	36	0	1	498	1	496	4.941E-324	985
NP_001186788.1	mdXP_059527897.1	0.927	497	36	0	1	497	1	495	1.976E-323	983
NP_001112359.1	mdXP_059541836.1	0.808	495	95	0	1	495	1	494	2.098E-278	853
NP_001138.1	mdXP_059541835.1	0.808	496	95	0	1	496	1	495	9.891E-279	854
NP_057069.1	mdXP_059561770.1	0.645	501	175	0	1	501	1	493	3.923E-203	636
NP_004664.1	mdXP_059529714.1	0.936	491	31	0	1	491	1	490	1.482E-323	983
XP_005245634.1	mdXP_059529714.1	0.936	491	31	0	1	491	1	490	1.482E-323	983
NP_036230.1	mdXP_059514044.1	0.963	493	18	0	1	493	1	493	0.000E+00	1030
NP_476509.1	mdXP_059567643.1	0.915	365	31	0	1	365	1	361	1.670E-241	739
NP_001711.2	mdXP_059546045.1	0.895	402	42	0	1	402	1	402	2.424E-247	758
NP_066988.1	mdXP_059529442.1	0.946	783	42	0	1	783	1	783	0.000E+00	1568
XP_005245436.1	mdXP_059529442.1	0.946	783	42	0	1	783	1	783	0.000E+00	1568
NP_950252.1	mdXP_059533794.1	0.941	766	45	0	1	766	1	766	0.000E+00	1540
NP_950252.1	mdXP_059533795.1	0.941	766	45	0	1	766	1	766	0.000E+00	1540
XP_005245174.1	mdXP_059533794.1	0.941	766	45	0	1	766	1	766	0.000E+00	1540
XP_005245174.1	mdXP_059533795.1	0.941	766	45	0	1	766	1	766	0.000E+00	1540
XP_005245175.1	mdXP_059533794.1	0.941	766	45	0	1	766	1	766	0.000E+00	1540
XP_005245175.1	mdXP_059533795.1	0.941	766	45	0	1	766	1	766	0.000E+00	1540
XP_005245176.1	mdXP_059533794.1	0.941	766	45	0	1	766	1	766	0.000E+00	1540
XP_005245176.1	mdXP_059533795.1	0.941	766	45	0	1	766	1	766	0.000E+00	1540
XP_005262278.1	mdXP_059534453.1	0.958	459	19	0	1	458	42	500	1.482E-323	981
XP_005262278.1	mdXP_059534449.1	0.958	459	19	0	1	458	69	527	1.482E-323	981
XP_005262279.1	mdXP_059534450.1	0.958	458	19	0	1	457	69	526	7.905E-323	979
NP_001265402.1	mdXP_059566976.1	0.883	429	50	0	1	429	191	619	1.692E-282	861
NP_056239.3	mdXP_059566975.1	0.880	452	54	0	1	451	191	642	7.738E-294	895
NP_037378.1	mdXP_059565906.1	0.977	225	5	0	1	225	1	225	3.404E-154	479
NP_000605.1	mdXP_059565263.1	0.834	199	33	0	1	199	1	199	7.338E-108	344
NP_001873.2	mdXP_059550262.1	0.900	322	32	0	1	322	1	322	4.064E-201	620
NP_001132972.1	mdXP_059536271.1	0.992	255	2	0	1	255	1	255	2.856E-171	530
NP_001132972.1	mdXP_059536269.1	0.992	255	2	0	1	255	1	255	2.856E-171	530
NP_001132972.1	mdXP_059536270.1	0.992	255	2	0	1	255	1	255	2.856E-171	530
NP_004104.3	mdXP_059543374.1	1.000	181	0	0	1	181	1	181	2.125E-120	379
NP_066360.1	mdXP_059543371.1	1.000	243	0	0	1	243	1	243	1.861E-161	501
NP_001132970.1	mdXP_059536273.1	0.989	199	2	0	1	199	1	199	1.936E-130	409
XP_005273733.1	mdXP_059551124.1	0.956	205	9	0	1	205	1	205	1.273E-129	407
NP_003853.1	mdXP_059555159.1	0.990	206	2	0	1	206	1	206	6.561E-138	431
NP_005108.1	mdXP_059565791.1	0.753	211	52	0	6	216	9	219	9.178E-105	336
NP_001997.5	mdXP_059554082.1	0.948	155	8	0	134	288	1	155	1.888E-96	316
NP_062825.1	mdXP_059537090.1	0.952	211	10	0	1	211	1	210	2.132E-135	424
NP_061986.1	mdXP_059521472.1	0.802	202	39	0	8	209	8	204	2.595E-98	317
XP_005258788.1	mdXP_059521472.1	0.802	202	39	0	8	209	8	204	2.595E-98	317
NP_001191431.1	mdXP_059521366.1	0.762	226	54	0	1	226	1	226	2.180E-104	336
NP_001191431.1	mdXP_059521367.1	0.762	226	54	0	1	226	1	226	2.180E-104	336
NP_001191431.1	mdXP_059521368.1	0.762	226	54	0	1	226	1	226	2.180E-104	336
NP_002179.2	mdXP_059551318.1	0.671	131	43	0	15	145	1	131	1.150E-51	179
NP_000576.1	mdXP_059553937.1	0.802	162	32	0	1	162	1	162	1.218E-83	272
NP_000576.1	mdXP_059553938.1	0.802	162	32	0	1	162	1	162	1.218E-83	272
NP_000576.1	mdXP_059553939.1	0.802	162	32	0	1	162	1	162	1.218E-83	272
NP_000576.1	mdXP_059553940.1	0.802	162	32	0	1	162	1	162	1.218E-83	272
NP_757366.2	mdXP_059534302.1	0.614	1326	483	0	1	1326	46	1298	0.000E+00	1508
XP_006725397.1	mdXP_059526467.1	0.669	109	35	0	1	107	1	109	5.120E-40	144
NP_002978.1	mdXP_059523942.1	0.638	94	34	0	1	94	1	94	2.272E-36	132
NP_476432.2	mdXP_059545839.1	0.756	226	53	0	1	220	1	226	1.852E-107	344
NP_476432.2	mdXP_059545838.1	0.756	226	53	0	1	220	1	226	1.852E-107	344
NP_001244138.1	mdXP_059554725.1	0.954	155	7	0	1	155	1	155	9.263E-100	318
NP_001244138.1	mdXP_059554726.1	0.954	155	7	0	1	155	1	155	9.263E-100	318
NP_001244138.1	mdXP_059554727.1	0.954	155	7	0	1	155	1	155	9.263E-100	318
NP_001244138.1	mdXP_059554728.1	0.954	155	7	0	1	155	1	155	9.263E-100	318
NP_001244138.1	mdXP_059554729.1	0.954	155	7	0	1	155	1	155	9.263E-100	318
NP_001244139.1	mdXP_059554725.1	0.954	155	7	0	1	155	1	155	9.263E-100	318
NP_001244139.1	mdXP_059554726.1	0.954	155	7	0	1	155	1	155	9.263E-100	318
NP_001244139.1	mdXP_059554727.1	0.954	155	7	0	1	155	1	155	9.263E-100	318
NP_001244139.1	mdXP_059554728.1	0.954	155	7	0	1	155	1	155	9.263E-100	318
NP_001244139.1	mdXP_059554729.1	0.954	155	7	0	1	155	1	155	9.263E-100	318
NP_037503.2	mdXP_059531403.1	0.779	172	38	0	1	172	1	172	4.096E-86	280
NP_715639.1	mdXP_059531403.1	0.779	172	38	0	39	210	1	172	2.311E-85	280
NP_000566.3	mdXP_059515173.1	0.692	269	82	0	1	269	1	267	4.379E-114	366
NP_000567.1	mdXP_059515174.1	0.665	268	89	0	1	268	1	267	8.123E-115	368
NP_115945.4	mdXP_059516699.1	0.841	151	24	0	1	151	1	151	1.535E-84	274
NP_775184.1	mdXP_059516699.1	0.841	151	24	0	1	151	1	151	1.535E-84	274
NP_036407.1	mdXP_059516698.1	0.806	155	30	0	1	155	1	155	9.645E-83	269
NP_775262.1	mdXP_059516698.1	0.806	155	30	0	1	155	1	155	9.645E-83	269
XP_005263695.1	mdXP_059516698.1	0.806	155	30	0	1	155	1	155	9.645E-83	269
NP_001166242.1	mdXP_059523483.1	0.711	208	60	0	1	208	30	237	2.035E-99	322
NP_001166243.1	mdXP_059523484.1	0.712	209	60	0	1	209	30	238	4.313E-100	324
NP_689669.2	mdXP_059523484.1	0.712	209	60	0	1	209	30	238	4.313E-100	324
NP_000580.1	mdXP_059555518.1	0.577	153	57	0	1	153	1	136	3.072E-44	158
NP_000870.1	mdXP_059554331.1	0.649	134	47	0	1	134	79	212	8.084E-50	173
NP_000870.1	mdXP_059554332.1	0.649	134	47	0	1	134	79	212	8.084E-50	173
NP_005529.1	mdXP_059539342.1	0.832	352	59	0	1	352	1	352	3.095E-193	599
NP_113667.1	mdXP_059539343.1	0.831	351	59	0	1	350	1	351	8.817E-198	612
NP_000198.1	mdXP_059566800.1	0.818	110	19	0	1	110	1	106	7.904E-55	186
NP_065688.1	mdXP_059553461.1	0.788	170	36	0	1	170	1	170	4.936E-89	288
NP_065689.1	mdXP_059539815.1	0.813	245	45	0	1	245	1	243	4.463E-130	411
NP_149354.1	mdXP_059517910.1	0.982	233	4	0	1	233	1	233	2.703E-152	474
NP_002001.1	mdXP_059540214.1	1.000	208	0	0	1	208	1	208	1.047E-141	442
NP_005121.1	mdXP_059531028.1	0.567	243	101	0	1	234	1	243	1.706E-80	267
NP_005121.1	mdXP_059531060.1	0.567	243	101	0	1	234	1	243	1.706E-80	267
NP_005121.1	mdXP_059531035.1	0.567	243	101	0	1	234	1	243	1.706E-80	267
NP_005121.1	mdXP_059531069.1	0.567	243	101	0	1	234	1	243	1.706E-80	267
NP_005121.1	mdXP_059531042.1	0.567	243	101	0	1	234	1	243	1.706E-80	267
NP_005121.1	mdXP_059531052.1	0.567	243	101	0	1	234	1	243	1.706E-80	267
NP_689642.3	mdXP_059517897.1	0.733	259	69	0	1	258	1	259	1.978E-125	398
NP_004460.1	mdXP_059535652.1	0.824	354	62	0	1	354	1	351	3.217E-211	651
NP_002080.1	mdXP_059524689.1	0.710	114	31	0	1	107	1	114	4.163E-44	155
NP_002080.1	mdXP_059524666.1	0.721	115	30	0	1	107	1	115	4.163E-44	155
NP_002984.1	mdXP_059524753.1	0.596	114	46	0	1	114	34	147	1.926E-39	142
NP_000575.1	mdXP_059561757.1	0.701	97	29	0	1	97	1	97	1.915E-40	144
NP_002407.1	mdXP_059524196.1	0.672	124	40	0	1	124	1	124	5.331E-50	173
NP_066382.1	mdXP_059538733.1	0.969	396	12	0	1	396	1	396	2.281E-262	801
NP_005238.1	mdXP_059567207.1	0.909	220	19	0	1	215	1	220	5.192E-131	413
NP_001998.1	mdXP_059567208.1	0.907	206	19	0	1	206	1	206	2.588E-122	386
XP_006718538.1	mdXP_059567208.1	0.907	206	19	0	1	206	1	206	2.588E-122	386
NP_001138364.1	mdXP_059554725.1	0.954	155	7	0	1	155	1	155	9.263E-100	318
NP_001138364.1	mdXP_059554726.1	0.954	155	7	0	1	155	1	155	9.263E-100	318
NP_001138364.1	mdXP_059554727.1	0.954	155	7	0	1	155	1	155	9.263E-100	318
NP_001138364.1	mdXP_059554728.1	0.954	155	7	0	1	155	1	155	9.263E-100	318
NP_001138364.1	mdXP_059554729.1	0.954	155	7	0	1	155	1	155	9.263E-100	318
NP_004878.2	mdXP_059554408.1	0.959	99	4	0	13	111	1	99	1.016E-60	203
NP_776214.1	mdXP_059515176.1	0.818	176	32	0	1	176	1	176	3.513E-96	309
NP_000577.2	mdXP_059551308.1	0.627	153	56	0	1	153	1	150	1.628E-59	202
NP_061194.2	mdXP_059529850.1	0.741	174	45	0	1	174	1	173	8.368E-78	256
NP_061194.2	mdXP_059529851.1	0.741	174	45	0	1	174	1	173	8.368E-78	256
NP_004456.1	mdXP_059550794.1	0.888	225	23	0	1	208	1	225	1.005E-133	419
XP_005248321.1	mdXP_059550794.1	0.888	225	23	0	1	208	1	225	1.005E-133	419
NP_004103.1	mdXP_059524770.1	0.968	225	7	0	1	225	1	225	7.955E-145	452
NP_057289.1	mdXP_059553683.1	0.936	345	22	0	1	345	1	344	3.151E-224	688
NP_057289.1	mdXP_059553684.1	0.936	345	22	0	1	345	1	344	3.151E-224	688
NP_079484.1	mdXP_059563908.1	0.900	370	37	0	1	370	1	370	8.934E-234	717
NP_002610.1	mdXP_059524767.1	0.688	106	31	0	1	101	1	106	5.758E-38	137
NP_001193941.1	mdXP_059546319.1	0.730	141	38	0	1	141	1	141	6.259E-68	226
NP_053586.1	mdXP_059554558.1	0.943	852	48	0	1	852	1	838	0.000E+00	1652
NP_053586.1	mdXP_059554559.1	0.943	852	48	0	1	852	1	838	0.000E+00	1652
NP_001136016.1	mdXP_059548219.1	0.835	200	32	0	1	200	1	197	3.159E-100	322
NP_001321.1	mdXP_059548218.1	0.835	201	33	0	1	201	1	198	6.693E-101	324
NP_002987.1	mdXP_059523944.1	0.433	429	225	0	1	397	1	429	1.079E-88	299
NP_001556.2	mdXP_059524099.1	0.762	97	23	0	1	97	1	97	6.032E-44	154
NP_005400.1	mdXP_059538083.1	0.819	94	17	0	1	94	1	94	6.661E-49	168
NP_000600.1	mdXP_059518134.1	0.924	93	7	0	1	93	1	93	1.715E-54	184
NP_001029058.1	mdXP_059518132.1	0.932	119	8	0	1	119	1	119	1.121E-71	235
NP_954637.1	mdXP_059518136.1	0.932	89	6	0	1	89	1	89	7.736E-53	179
NP_954637.1	mdXP_059518133.1	0.932	89	6	0	1	89	1	89	7.736E-53	179
NP_006410.1	mdXP_059538058.1	0.451	93	51	0	1	93	1	93	4.708E-20	86
XP_006714126.1	mdXP_059538058.1	0.451	93	51	0	1	93	1	93	4.708E-20	86
NP_783165.1	mdXP_059526569.1	0.890	576	63	0	1	576	1	574	0.000E+00	1118
NP_009122.2	mdXP_059539491.1	0.957	379	16	0	1	379	191	569	1.312E-268	818
NP_005421.1	mdXP_059536955.1	0.991	370	3	0	1	370	1	370	6.730E-263	801
NP_079492.2	mdXP_059559170.1	0.949	418	21	0	1	417	1	418	9.659E-283	861
NP_003385.2	mdXP_059538713.1	0.969	391	12	0	1	389	1	391	1.914E-269	821
NP_003385.2	mdXP_059538714.1	0.969	391	12	0	1	389	1	391	1.914E-269	821
NP_003385.2	mdXP_059538715.1	0.969	391	12	0	1	389	1	391	1.914E-269	821
NP_004617.2	mdXP_059564382.1	0.985	354	5	0	1	354	1	354	5.719E-248	757
XP_005274288.1	mdXP_059564382.1	0.985	354	5	0	1	354	1	354	5.719E-248	757
XP_005245177.1	mdXP_059533794.1	0.941	766	45	0	1	766	1	766	0.000E+00	1540
XP_005245177.1	mdXP_059533795.1	0.941	766	45	0	1	766	1	766	0.000E+00	1540
NP_001720.1	mdXP_059524495.1	0.752	178	42	0	1	178	1	171	9.542E-86	279
NP_002952.1	mdXP_059530310.1	0.900	101	10	0	1	101	1	101	1.698E-58	196
NP_062427.1	mdXP_059530310.1	0.900	101	10	0	1	101	1	101	1.698E-58	196
NP_002953.2	mdXP_059529599.1	0.946	93	5	0	1	92	1	93	1.999E-52	178
XP_005245487.1	mdXP_059529599.1	0.946	93	5	0	19	110	1	93	4.790E-52	178
XP_005245487.1	mdXP_059529599.1	0.946	93	5	0	19	110	1	93	4.790E-52	178
NP_002954.2	mdXP_059542043.1	0.653	101	35	0	1	101	1	101	6.968E-44	154
XP_005245488.1	mdXP_059542043.1	0.653	101	35	0	1	101	1	101	6.968E-44	154
NP_689966.2	mdXP_059557881.1	0.965	993	35	0	1	993	1	993	0.000E+00	2155
XP_005249000.1	mdXP_059557879.1	0.965	1009	35	0	1	1009	1	1009	0.000E+00	2185
NP_003003.3	mdXP_059541322.1	0.955	314	14	0	1	314	1	314	1.105E-211	650
NP_003004.1	mdXP_059553777.1	0.972	295	8	0	1	295	1	294	6.813E-199	612
NP_003005.2	mdXP_059511706.1	0.950	346	17	0	1	346	1	346	2.908E-234	717
NP_003006.2	mdXP_059516976.1	0.962	317	12	0	1	317	1	315	4.334E-215	660
NP_000184.1	mdXP_059567345.1	0.905	462	43	0	1	462	1	449	2.499E-277	848
NP_009044.2	mdXP_059529199.1	0.437	1943	698	0	1	1943	1	1241	0.000E+00	1170
NP_001008536.1	mdXP_059530963.1	0.534	823	335	0	1	823	1	719	1.839E-247	785
NP_004741.1	mdXP_059552152.1	0.971	422	12	0	1	422	1	421	1.424E-289	881
NP_005420.1	mdXP_059541778.1	0.832	417	70	0	1	417	1	415	6.227E-254	778
NP_000591.1	mdXP_059568533.1	0.585	210	85	0	1	210	1	207	5.077E-75	250
NP_001936.1	mdXP_059554569.1	0.885	209	24	0	1	208	1	209	4.559E-117	371
NP_005325.2	mdXP_059535474.1	0.922	2050	159	0	1	2035	1	2050	0.000E+00	3807
XP_006724879.1	mdXP_059535470.1	0.922	2094	162	0	1	2079	1	2094	0.000E+00	3885
XP_006724878.1	mdXP_059535469.1	0.922	2095	162	0	1	2080	1	2095	0.000E+00	3886
NP_004455.2	mdXP_059537992.1	0.884	268	31	0	1	268	1	266	4.320E-156	487
NP_149134.1	mdXP_059538002.1	0.813	123	22	0	1	123	1	120	4.440E-59	199
NP_066276.2	mdXP_059539822.1	0.947	208	11	0	1	208	1	208	7.254E-129	405
NP_002000.1	mdXP_059557826.1	0.953	194	9	0	1	194	1	194	9.125E-128	401
NP_149353.1	mdXP_059517909.1	0.983	244	4	0	1	244	1	244	1.059E-159	496
NP_612141.1	mdXP_059540210.1	0.785	176	37	0	2	177	8	180	1.288E-85	280
NP_612141.1	mdXP_059540209.1	0.785	176	37	0	2	177	82	254	1.288E-85	280
NP_443104.1	mdXP_059558228.1	0.544	156	68	0	8	163	13	163	1.006E-52	183
NP_001553.1	mdXP_059563864.1	0.673	193	63	0	1	193	1	193	2.770E-81	267
NP_001553.1	mdXP_059563862.1	0.673	193	63	0	1	193	15	207	2.770E-81	267
NP_001553.1	mdXP_059563861.1	0.673	193	63	0	1	193	45	237	2.770E-81	267
NP_002181.1	mdXP_059555632.1	0.750	155	38	0	1	155	1	154	9.375E-75	246
NP_055258.1	mdXP_059551337.1	0.916	180	15	0	1	180	1	180	3.953E-113	358
NP_037410.1	mdXP_059523059.1	0.791	197	41	0	3	197	4	200	2.749E-100	322
NP_005109.2	mdXP_059513842.1	0.793	256	52	0	1	251	20	275	7.507E-133	419
NP_005083.2	mdXP_059529283.1	0.649	177	62	0	23	199	1	177	9.729E-79	260
NP_005083.2	mdXP_059529284.1	0.649	177	62	0	23	199	1	177	9.729E-79	260
NP_001235.1	mdXP_059513841.1	0.794	234	48	0	1	234	1	234	2.956E-126	399
NP_003802.1	mdXP_059552919.1	0.630	250	91	0	1	250	1	247	2.364E-86	285
XP_006722994.1	mdXP_059552919.1	0.630	250	91	0	1	250	1	247	2.364E-86	285
NP_001121070.1	mdXP_059566782.1	0.814	182	33	0	57	236	1	182	3.091E-92	301
NP_001121070.1	mdXP_059566784.1	0.814	182	33	0	57	236	1	182	3.091E-92	301
NP_001278790.1	mdXP_059566782.1	0.814	182	33	0	1	180	1	182	2.419E-93	301
NP_001278790.1	mdXP_059566784.1	0.814	182	33	0	1	180	1	182	2.419E-93	301
NP_001278791.1	mdXP_059566782.1	0.814	182	33	0	1	180	1	182	2.419E-93	301
NP_001278791.1	mdXP_059566784.1	0.814	182	33	0	1	180	1	182	2.419E-93	301
NP_002172.2	mdXP_059559174.1	0.944	413	23	0	1	411	1	413	1.431E-266	814
NP_000563.1	mdXP_059529600.1	0.819	177	32	0	1	177	1	177	9.908E-94	302
NP_000632.1	mdXP_059521444.1	0.914	199	17	0	1	199	1	199	2.472E-119	377
XP_005247492.1	mdXP_059541880.1	0.763	236	55	0	4	239	3	236	1.805E-108	348
NP_757373.1	mdXP_059526892.1	0.791	197	41	0	10	204	1	197	7.688E-101	324
NP_001244064.1	mdXP_059566506.1	0.379	79	48	0	10	88	120	198	7.632E-07	47
NP_002300.1	mdXP_059531823.1	0.856	202	29	0	1	202	1	202	3.130E-118	374
NP_002300.1	mdXP_059531824.1	0.856	202	29	0	1	202	1	202	3.130E-118	374
XP_006724303.1	mdXP_059531823.1	0.856	202	29	0	1	202	1	202	3.130E-118	374
XP_006724303.1	mdXP_059531824.1	0.856	202	29	0	1	202	1	202	3.130E-118	374
NP_000586.2	mdXP_059558076.1	0.678	205	64	0	1	205	1	201	7.997E-84	275
NP_000586.2	mdXP_059558075.1	0.678	205	64	0	1	205	102	302	7.997E-84	275
NP_000586.2	mdXP_059558073.1	0.678	205	64	0	1	205	191	391	7.997E-84	275
NP_000586.2	mdXP_059558074.1	0.678	205	64	0	1	205	191	391	7.997E-84	275
NP_000586.2	mdXP_059558072.1	0.678	205	64	0	1	205	196	396	7.997E-84	275
NP_033666.1	mdXP_059558071.1	0.740	77	20	0	1	77	1	76	2.572E-27	105
NP_001012333.1	mdXP_059565508.1	0.916	143	12	0	1	143	1	143	1.023E-92	297
NP_001012333.1	mdXP_059565509.1	0.916	143	12	0	1	143	1	143	1.023E-92	297
NP_001012334.1	mdXP_059565508.1	0.916	143	12	0	1	143	1	143	1.023E-92	297
NP_001012334.1	mdXP_059565509.1	0.916	143	12	0	1	143	1	143	1.023E-92	297
NP_001257479.1	mdXP_059565508.1	0.916	143	12	0	1	143	1	143	1.023E-92	297
NP_001257479.1	mdXP_059565509.1	0.916	143	12	0	1	143	1	143	1.023E-92	297
NP_001257480.1	mdXP_059565508.1	0.916	143	12	0	1	143	1	143	1.023E-92	297
NP_001257480.1	mdXP_059565509.1	0.916	143	12	0	1	143	1	143	1.023E-92	297
NP_002955.2	mdXP_059531503.1	0.606	89	35	0	1	89	1	89	1.194E-34	127
NP_002955.2	mdXP_059531504.1	0.606	89	35	0	1	89	1	89	1.194E-34	127
NP_002956.1	mdXP_059531476.1	0.633	109	39	0	5	110	1	109	1.926E-39	142
NP_006263.1	mdXP_059542756.1	0.945	92	5	0	1	92	1	92	1.476E-55	187
NP_004048.1	mdXP_059534918.1	0.822	79	14	0	1	79	1	79	4.427E-38	136
NP_005971.1	mdXP_059567245.1	0.521	94	44	0	1	93	20	113	1.218E-27	107
NP_005971.1	mdXP_059567449.1	0.521	94	44	0	1	93	73	166	1.218E-27	107
NP_005971.1	mdXP_059567308.1	0.521	94	44	0	1	93	88	181	1.218E-27	107
NP_570128.2	mdXP_059550266.1	0.670	94	30	0	9	99	1	94	7.122E-35	128
NP_766638.2	mdXP_059537405.1	0.900	988	99	0	1	988	1	987	0.000E+00	2010
NP_057070.3	mdXP_059525476.1	0.970	438	13	0	5	442	1	438	6.113E-292	889
NP_057274.1	mdXP_059529664.1	0.566	544	214	0	1	495	1	544	2.166E-178	564
XP_006711409.1	mdXP_059529664.1	0.566	544	214	0	1	495	1	544	2.166E-178	564
NP_000748.3	mdXP_059530041.1	0.666	554	184	0	1	554	73	624	7.642E-230	716
NP_000748.3	mdXP_059530042.1	0.666	554	184	0	1	554	73	624	7.642E-230	716
NP_757350.1	mdXP_059530043.1	0.679	258	82	0	1	256	73	330	4.246E-107	345
NP_001104754.1	mdXP_059537809.1	0.927	137	10	0	1	137	1	137	7.490E-85	274
NP_996890.1	mdXP_059524263.1	0.858	92	13	0	1	92	1	92	2.448E-50	172
NP_001137282.1	mdXP_059565158.1	0.920	329	26	0	1	329	1	328	3.891E-205	632
NP_056322.2	mdXP_059534430.1	0.813	368	68	0	1	368	3	369	4.546E-217	679
NP_057299.1	mdXP_059514483.1	0.776	272	58	0	1	272	1	262	5.648E-147	461
NP_057299.1	mdXP_059514484.1	0.776	272	58	0	1	272	1	262	5.648E-147	461
NP_958854.1	mdXP_059514483.1	0.776	272	58	0	1	272	1	262	5.648E-147	461
NP_958854.1	mdXP_059514484.1	0.776	272	58	0	1	272	1	262	5.648E-147	461
NP_004874.1	mdXP_059554560.1	0.943	850	48	0	1	850	1	836	0.000E+00	1650
NP_005439.2	mdXP_059535291.1	0.739	395	102	0	1	392	10	404	1.450E-195	608
NP_001191.1	mdXP_059561565.1	0.949	396	20	0	1	396	1	395	3.613E-257	786
NP_001191.1	mdXP_059561564.1	0.949	396	20	0	1	396	46	440	3.613E-257	786
NP_001192.2	mdXP_059523425.1	0.848	474	72	0	1	472	1	474	3.071E-271	831
