NP_001116437.1	mlXP_023615055.1	0.683	783	247	0	1	783	1	779	0.000E+00	1120
NP_006262.1	mlXP_014316682.1	0.978	94	2	0	1	94	1	94	1.893E-57	192
NP_006262.1	mlXP_023614987.1	0.978	94	2	0	1	94	1	94	1.893E-57	192
NP_002957.1	mlXP_014316846.1	0.979	97	2	0	1	97	1	97	6.593E-62	205
NP_002957.1	mlXP_014316847.1	0.979	97	2	0	1	97	1	97	6.593E-62	205
NP_002957.1	mlXP_006095351.1	0.979	97	2	0	1	97	1	97	6.593E-62	205
NP_005611.1	mlXP_006095352.1	0.857	98	14	0	1	98	1	98	1.079E-52	179
NP_005612.1	mlXP_014316856.1	0.684	92	29	0	1	92	1	92	1.317E-36	132
NP_005612.1	mlXP_006095367.2	0.684	92	29	0	1	92	1	92	1.317E-36	132
NP_001019381.1	mlXP_014316679.1	0.787	94	20	0	1	94	1	94	3.141E-46	160
NP_001019381.1	mlXP_023614984.1	0.787	94	20	0	1	94	1	94	3.141E-46	160
NP_001019381.1	mlXP_006095211.1	0.787	94	20	0	1	94	1	94	3.141E-46	160
NP_001019381.1	mlXP_023614985.1	0.787	94	20	0	1	94	1	94	3.141E-46	160
NP_001019381.1	mlXP_006095212.1	0.787	94	20	0	1	94	1	94	3.141E-46	160
NP_001019382.1	mlXP_014316679.1	0.787	94	20	0	1	94	1	94	3.141E-46	160
NP_001019382.1	mlXP_023614984.1	0.787	94	20	0	1	94	1	94	3.141E-46	160
NP_001019382.1	mlXP_006095211.1	0.787	94	20	0	1	94	1	94	3.141E-46	160
NP_001019382.1	mlXP_023614985.1	0.787	94	20	0	1	94	1	94	3.141E-46	160
NP_001019382.1	mlXP_006095212.1	0.787	94	20	0	1	94	1	94	3.141E-46	160
NP_001019383.1	mlXP_014316679.1	0.787	94	20	0	1	94	1	94	3.141E-46	160
NP_001019383.1	mlXP_023614984.1	0.787	94	20	0	1	94	1	94	3.141E-46	160
NP_001019383.1	mlXP_006095211.1	0.787	94	20	0	1	94	1	94	3.141E-46	160
NP_001019383.1	mlXP_023614985.1	0.787	94	20	0	1	94	1	94	3.141E-46	160
NP_001019383.1	mlXP_006095212.1	0.787	94	20	0	1	94	1	94	3.141E-46	160
NP_001019384.1	mlXP_014316679.1	0.787	94	20	0	1	94	1	94	3.141E-46	160
NP_001019384.1	mlXP_023614984.1	0.787	94	20	0	1	94	1	94	3.141E-46	160
NP_001019384.1	mlXP_006095211.1	0.787	94	20	0	1	94	1	94	3.141E-46	160
NP_001019384.1	mlXP_023614985.1	0.787	94	20	0	1	94	1	94	3.141E-46	160
NP_001019384.1	mlXP_006095212.1	0.787	94	20	0	1	94	1	94	3.141E-46	160
NP_005970.1	mlXP_014316679.1	0.787	94	20	0	1	94	1	94	3.141E-46	160
NP_005970.1	mlXP_023614984.1	0.787	94	20	0	1	94	1	94	3.141E-46	160
NP_005970.1	mlXP_006095211.1	0.787	94	20	0	1	94	1	94	3.141E-46	160
NP_005970.1	mlXP_023614985.1	0.787	94	20	0	1	94	1	94	3.141E-46	160
NP_005970.1	mlXP_006095212.1	0.787	94	20	0	1	94	1	94	3.141E-46	160
NP_065689.1	mlXP_023615722.1	0.703	245	69	0	1	245	1	233	6.938E-103	332
NP_001073966.2	mlXP_006091151.1	0.857	604	86	0	1	602	1	604	0.000E+00	1119
NP_005250.1	mlXP_006098451.1	0.829	375	64	0	1	375	1	375	2.848E-218	672
NP_002497.2	mlXP_006092531.1	0.908	241	22	0	1	241	1	241	1.809E-147	460
XP_006710726.1	mlXP_006092531.1	0.908	241	22	0	1	241	1	241	1.809E-147	460
XP_006710727.1	mlXP_006092531.1	0.908	241	22	0	1	241	1	241	1.809E-147	460
XP_006710728.1	mlXP_006092531.1	0.908	241	22	0	1	241	1	241	1.809E-147	460
NP_001278826.1	mlXP_006109582.1	0.558	110	46	0	1	110	1	105	3.769E-34	126
NP_005534.2	mlXP_006107111.3	0.751	135	32	0	1	131	1	135	6.216E-63	210
NP_005469.2	mlXP_006100383.1	0.344	110	70	0	26	135	32	139	4.405E-09	55
XP_005253090.2	mlXP_006089751.1	0.902	988	94	0	41	999	4	991	0.000E+00	1986
XP_005249000.1	mlXP_023620540.1	0.967	851	28	0	159	1009	1	851	0.000E+00	1836
NP_003003.3	mlXP_014318392.1	0.910	213	19	0	1	213	1	213	3.385E-133	423
NP_003004.1	mlXP_006081870.1	0.979	295	6	0	1	295	1	294	1.782E-200	616
NP_003005.2	mlXP_006085428.1	0.953	346	16	0	1	346	1	346	1.856E-234	717
NP_003006.2	mlXP_014312386.2	0.691	313	89	0	5	317	3	292	7.844E-134	425
NP_009044.2	mlXP_023615083.1	0.497	1375	560	0	1	1375	1	1115	0.000E+00	1077
NP_001008536.1	mlXP_023615082.1	0.539	891	361	0	1	891	1	784	1.114E-269	849
NP_001137277.1	mlXP_023612143.1	0.975	247	6	0	1	247	1	247	2.644E-163	506
NP_001137277.1	mlXP_023612144.1	0.975	247	6	0	1	247	1	247	2.644E-163	506
NP_001137278.1	mlXP_023612143.1	0.975	247	6	0	1	247	1	247	2.644E-163	506
NP_001137278.1	mlXP_023612144.1	0.975	247	6	0	1	247	1	247	2.644E-163	506
XP_005247492.1	mlXP_023610943.1	0.716	239	65	0	1	239	1	230	4.449E-102	329
NP_002178.2	mlXP_006089124.1	0.823	329	58	0	1	328	1	329	5.115E-188	582
NP_002179.2	mlXP_006100236.1	0.648	131	46	0	15	145	1	131	9.804E-49	170
NP_000576.1	mlXP_014310859.1	0.790	162	34	0	1	162	1	162	8.556E-83	269
NP_000576.1	mlXP_014310866.1	0.790	162	34	0	1	162	1	162	8.556E-83	269
NP_000576.1	mlXP_023610412.1	0.790	162	34	0	1	162	1	162	8.556E-83	269
NP_000576.1	mlXP_023610414.1	0.790	162	34	0	1	162	1	162	8.556E-83	269
NP_001165599.1	mlXP_023617964.1	0.317	229	133	0	214	409	140	368	2.727E-15	83
NP_004504.3	mlXP_006081542.2	0.320	512	330	0	132	617	2246	2757	3.051E-57	214
NP_757366.2	mlXP_023617964.1	0.317	229	133	0	214	409	140	368	2.730E-15	83
XP_005254403.1	mlXP_006081542.2	0.320	512	330	0	132	617	2246	2757	3.051E-57	214
NP_002181.1	mlXP_014315106.1	0.767	155	35	0	1	155	1	153	2.014E-78	256
NP_005746.2	mlXP_023602587.1	0.746	229	58	0	1	229	1	229	9.294E-115	365
NP_001005609.1	mlXP_006082975.1	0.935	389	25	0	1	389	1	389	5.340E-253	773
NP_001005610.2	mlXP_023620327.1	0.863	132	18	0	1	132	1	132	1.399E-72	238
NP_001005610.2	mlXP_023620318.1	0.863	132	18	0	1	132	1	132	1.399E-72	238
NP_001005610.2	mlXP_023620314.1	0.863	132	18	0	1	132	1	132	1.399E-72	238
NP_001005612.2	mlXP_006082977.1	0.935	386	25	0	1	386	1	386	2.512E-251	768
NP_001005613.1	mlXP_023620323.1	0.827	139	24	0	1	139	1	139	5.228E-73	240
NP_001390.1	mlXP_006082974.1	0.936	391	25	0	1	391	1	391	2.407E-254	777
NP_001954.2	mlXP_014302574.1	0.780	1207	265	0	2	1207	4	1210	0.000E+00	2061
NP_001161362.1	mlXP_006088686.1	0.813	368	68	0	1	368	1	367	3.028E-217	679
NP_005238.1	mlXP_023617581.1	0.870	147	18	0	75	215	14	160	3.588E-78	260
NP_001137279.1	mlXP_023612143.1	0.975	247	6	0	1	247	1	247	2.644E-163	506
NP_001137279.1	mlXP_023612144.1	0.975	247	6	0	1	247	1	247	2.644E-163	506
NP_001137280.1	mlXP_023612143.1	0.975	247	6	0	1	247	1	247	2.644E-163	506
NP_001137280.1	mlXP_023612144.1	0.975	247	6	0	1	247	1	247	2.644E-163	506
NP_001137283.1	mlXP_023612143.1	0.975	247	6	0	1	247	1	247	2.644E-163	506
NP_001137283.1	mlXP_023612144.1	0.975	247	6	0	1	247	1	247	2.644E-163	506
NP_001137284.1	mlXP_023612143.1	0.975	247	6	0	1	247	1	247	2.644E-163	506
NP_001137284.1	mlXP_023612144.1	0.975	247	6	0	1	247	1	247	2.644E-163	506
NP_000790.2	mlXP_014315023.1	0.841	188	30	0	6	193	26	213	8.701E-98	314
NP_001423.1	mlXP_023614412.1	0.815	146	27	0	24	169	17	162	3.515E-79	259
NP_000630.1	mlXP_023609785.1	0.854	281	41	0	1	281	1	280	2.187E-165	514
NP_000791.1	mlXP_006086476.1	0.954	155	7	0	1	155	1	155	5.911E-100	318
NP_000791.1	mlXP_006086477.1	0.954	155	7	0	1	155	1	155	5.911E-100	318
NP_000791.1	mlXP_006086478.1	0.954	155	7	0	1	155	1	155	5.911E-100	318
NP_000791.1	mlXP_006086480.1	0.954	155	7	0	1	155	1	155	5.911E-100	318
NP_003859.1	mlXP_006082895.1	0.980	207	4	0	1	207	1	207	7.703E-140	436
NP_003858.1	mlXP_023600049.1	0.967	216	7	0	1	216	1	216	1.075E-140	439
XP_005273733.1	mlXP_023600050.1	0.965	205	7	0	1	205	1	205	6.722E-132	413
NP_003853.1	mlXP_014321820.1	0.989	184	2	0	23	206	43	226	4.231E-121	382
NP_005108.1	mlXP_006098142.1	0.753	211	52	0	6	216	9	219	3.177E-103	331
NP_001997.5	mlXP_023608546.1	0.903	104	10	0	185	288	17	119	3.422E-54	193
NP_061986.1	mlXP_006109376.1	0.769	203	46	0	8	209	8	210	1.997E-96	311
XP_005258788.1	mlXP_006109376.1	0.769	203	46	0	8	209	8	210	1.997E-96	311
NP_065688.1	mlXP_006101871.1	0.794	170	35	0	1	170	1	170	2.862E-90	291
NP_113667.1	mlXP_023613727.1	0.794	351	72	0	1	350	1	351	2.846E-188	584
NP_000198.1	mlXP_006109582.1	0.558	110	46	0	1	110	1	105	3.769E-34	126
NP_001172026.1	mlXP_006109582.1	0.558	110	46	0	1	110	1	105	3.769E-34	126
NP_001172027.1	mlXP_006109582.1	0.558	110	46	0	1	110	1	105	3.769E-34	126
NP_115945.4	mlXP_006103086.1	0.834	151	25	0	1	151	1	151	2.179E-84	273
NP_775184.1	mlXP_006103086.1	0.834	151	25	0	1	151	1	151	2.179E-84	273
NP_775270.1	mlXP_014306086.1	0.567	155	66	0	3	157	47	199	2.211E-53	184
NP_002172.2	mlXP_006082594.3	0.944	411	23	0	1	411	1	411	9.130E-267	814
NP_004048.1	mlXP_023609467.1	0.822	79	14	0	1	79	1	79	2.825E-38	136
NP_001648.1	mlXP_006094436.1	0.745	252	63	0	1	252	1	248	2.010E-117	374
NP_002978.1	mlXP_006105245.1	0.648	94	33	0	1	94	1	94	2.917E-37	134
NP_570912.2	mlXP_006097025.1	0.968	409	13	0	1	408	1	409	3.803E-275	838
NP_570912.2	mlXP_006097026.1	0.968	409	13	0	1	408	1	409	3.803E-275	838
NP_570912.2	mlXP_014318314.1	0.968	409	13	0	1	408	1	409	3.803E-275	838
NP_003798.2	mlXP_006101181.1	0.772	241	54	0	1	240	1	241	3.613E-122	387
NP_057069.1	mlXP_023610253.1	0.581	501	196	0	1	501	1	468	1.327E-173	550
NP_004664.1	mlXP_006089017.1	0.940	491	29	0	1	491	1	490	0.000E+00	985
XP_005245634.1	mlXP_006089017.1	0.940	491	29	0	1	491	1	490	0.000E+00	985
NP_036230.1	mlXP_006102160.1	0.961	493	19	0	1	493	1	493	0.000E+00	1027
NP_757373.1	mlXP_014321713.1	0.794	195	40	0	10	204	1	195	9.927E-102	326
NP_001321.1	mlXP_023600561.1	0.850	134	20	0	1	134	1	134	4.567E-66	223
NP_001556.2	mlXP_006103589.1	0.752	97	24	0	1	97	1	97	7.749E-45	156
NP_005400.1	mlXP_006103588.1	0.819	94	17	0	1	94	1	94	1.907E-49	169
NP_000600.1	mlXP_006097600.1	0.935	93	6	0	1	93	1	93	9.895E-56	187
NP_001029058.1	mlXP_006097598.1	0.932	119	8	0	1	119	1	119	7.154E-72	235
NP_954637.1	mlXP_023617058.1	0.932	89	6	0	1	89	1	89	4.937E-53	179
NP_954637.1	mlXP_014318788.1	0.932	89	6	0	1	89	1	89	4.937E-53	179
NP_443104.1	mlXP_006093313.1	0.559	159	67	0	5	163	3	156	1.977E-57	196
NP_996890.1	mlXP_006101969.1	0.847	92	14	0	1	92	1	92	3.482E-50	171
NP_002976.2	mlXP_006101973.1	0.824	91	16	0	1	91	1	91	1.823E-48	166
NP_056322.2	mlXP_006088686.1	0.813	368	68	0	1	368	1	367	2.901E-217	679
NP_085155.1	mlXP_023601427.1	0.841	194	31	0	1	194	24	217	1.496E-114	368
NP_001257918.1	mlXP_023614413.1	0.766	154	35	0	1	154	1	152	5.709E-75	246
XP_005245487.1	mlXP_006095225.1	0.956	92	4	0	19	110	1	92	1.241E-53	182
XP_005269501.1	mlXP_023617879.1	0.911	676	60	0	51	720	26	701	0.000E+00	1272
NP_004549.1	mlXP_006101157.1	0.903	197	19	0	1	197	1	197	1.578E-118	374
NP_004549.1	mlXP_006101158.1	0.903	197	19	0	1	197	1	197	1.578E-118	374
NP_004549.1	mlXP_006101159.1	0.903	197	19	0	1	197	1	197	1.578E-118	374
NP_004549.1	mlXP_014321949.1	0.903	197	19	0	1	197	1	197	1.578E-118	374
NP_004549.1	mlXP_023620402.1	0.903	197	19	0	1	197	1	197	1.578E-118	374
NP_004549.1	mlXP_023620403.1	0.903	197	19	0	1	197	1	197	1.578E-118	374
NP_004549.1	mlXP_023620401.1	0.903	197	19	0	1	197	46	242	1.578E-118	374
NP_001096124.1	mlXP_006084195.1	0.966	270	9	0	1	270	1	270	2.544E-175	542
NP_950252.1	mlXP_023614365.1	0.943	766	44	0	1	766	1	766	0.000E+00	1546
XP_005245174.1	mlXP_023614365.1	0.943	766	44	0	1	766	1	766	0.000E+00	1546
XP_005245175.1	mlXP_023614365.1	0.943	766	44	0	1	766	1	766	0.000E+00	1546
XP_005245176.1	mlXP_023614365.1	0.943	766	44	0	1	766	1	766	0.000E+00	1546
XP_005245177.1	mlXP_023614365.1	0.943	766	44	0	1	766	1	766	0.000E+00	1546
NP_001720.1	mlXP_014316092.1	0.730	178	46	0	1	178	1	171	1.638E-83	272
NP_004343.1	mlXP_006107361.1	0.989	193	2	0	1	193	1	193	1.493E-125	394
XP_006722457.1	mlXP_023611383.1	0.950	224	11	0	1	224	1	224	2.082E-137	430
NP_001034860.1	mlXP_006102280.1	0.941	205	12	0	1	205	1	205	2.183E-127	400
NP_542184.1	mlXP_014316927.1	0.980	201	4	0	1	201	1	201	4.016E-127	399
NP_001998.1	mlXP_006098143.1	0.900	200	20	0	7	206	1	200	1.192E-117	372
XP_006718538.1	mlXP_006098143.1	0.900	200	20	0	7	206	1	200	1.192E-117	372
NP_004455.2	mlXP_006084588.1	0.888	268	30	0	1	268	1	266	6.126E-156	486
NP_149134.1	mlXP_006084589.1	0.804	123	23	0	1	123	1	120	6.308E-59	198
NP_066276.2	mlXP_006096125.1	0.947	208	11	0	1	208	1	208	4.629E-129	405
NP_002000.1	mlXP_006086049.1	0.953	194	9	0	1	194	1	194	5.823E-128	401
NP_149354.1	mlXP_014317314.2	0.966	211	7	0	23	233	12	222	4.207E-134	421
NP_001276956.1	mlXP_023606275.1	0.815	239	44	0	48	286	10	248	4.783E-133	421
NP_000470.2	mlXP_023620423.1	0.700	439	127	0	1	423	1	439	5.203E-185	586
NP_001137.2	mlXP_006093384.1	0.927	498	36	0	1	498	1	496	4.941E-324	985
NP_001186788.1	mlXP_006093385.1	0.927	497	36	0	1	497	1	495	1.482E-323	983
NP_006410.1	mlXP_006084579.1	0.451	93	51	0	1	93	1	93	2.216E-23	95
XP_006714126.1	mlXP_006084579.1	0.451	93	51	0	1	93	1	93	2.216E-23	95
NP_004878.2	mlXP_006086626.1	0.949	99	5	0	13	111	1	99	3.215E-60	201
NP_002080.1	mlXP_014316101.1	0.678	115	34	0	1	107	1	115	6.547E-43	151
NP_002081.2	mlXP_006094439.1	0.666	111	34	0	4	107	5	115	3.251E-42	149
NP_002984.1	mlXP_023614429.1	0.594	116	46	0	1	114	1	116	2.739E-39	141
NP_000575.1	mlXP_014316085.2	0.704	98	29	0	1	98	1	98	2.460E-41	146
NP_002407.1	mlXP_014301427.1	0.752	109	27	0	1	109	1	109	6.861E-51	175
NP_066382.1	mlXP_014313626.2	0.866	390	51	0	1	382	1	390	1.175E-212	657
XP_005268986.1	mlXP_006097945.1	0.731	179	48	0	1	179	1	179	8.480E-83	270
NP_057668.1	mlXP_023613780.1	0.860	194	26	0	1	189	1	194	1.521E-106	339
NP_001172085.1	mlXP_023614789.1	0.716	187	53	0	21	207	96	282	1.131E-84	277
NP_001172086.1	mlXP_023614791.1	0.731	134	36	0	21	154	96	229	5.382E-59	200
NP_006841.1	mlXP_023614789.1	0.716	187	53	0	20	206	96	282	1.081E-84	277
NP_060872.1	mlXP_006097943.1	0.819	166	30	0	4	169	4	167	2.633E-83	271
NP_689669.2	mlXP_014306740.1	0.649	137	46	0	78	209	19	155	9.723E-49	175
NP_000870.1	mlXP_023619559.1	0.643	132	47	0	3	134	1	132	1.266E-48	169
NP_000591.1	mlXP_006088874.1	0.571	210	88	0	1	210	1	207	8.640E-73	243
NP_000871.1	mlXP_023607687.1	0.655	177	60	0	1	177	1	176	2.194E-71	237
NP_001186815.1	mlXP_023607689.1	0.669	133	43	0	1	133	1	132	6.093E-56	190
NP_000581.1	mlXP_006086689.1	0.676	139	45	0	1	139	1	139	1.260E-61	207
NP_002183.1	mlXP_014308272.1	0.931	426	29	0	1	426	1	426	1.628E-276	843
NP_758525.1	mlXP_014320984.1	0.738	164	42	0	1	160	1	164	2.667E-78	256
NP_000579.2	mlXP_014321052.1	0.323	139	65	0	1	139	8	104	3.755E-06	47
NP_001166243.1	mlXP_014306740.1	0.649	137	46	0	78	209	19	155	9.723E-49	175
NP_000580.1	mlXP_006100237.1	0.584	153	56	0	1	153	1	136	3.964E-45	160
NP_001007538.1	mlXP_006092178.1	0.870	332	43	0	1	332	1	332	2.487E-207	638
NP_872317.1	mlXP_023611383.1	0.950	224	11	0	1	224	1	224	2.082E-137	430
XP_006722456.1	mlXP_014305955.2	0.854	233	33	0	178	406	2	234	1.600E-132	426
NP_001276956.1	mlXP_023606275.1	0.815	239	44	0	48	286	10	248	4.783E-133	421
NP_996890.1	mlXP_006101969.1	0.847	92	14	0	1	92	1	92	3.482E-50	171
NP_001257921.1	mlXP_014316098.1	0.699	103	30	0	1	103	1	100	5.993E-42	148
XP_006724879.1	mlXP_014310345.1	0.922	2094	162	0	1	2079	1	2094	0.000E+00	3887
XP_006724878.1	mlXP_006087734.1	0.922	2095	162	0	1	2080	1	2095	0.000E+00	3889
NP_037452.1	mlXP_006084121.1	0.936	792	51	0	1	792	1	792	0.000E+00	1575
NP_000592.3	mlXP_006088747.1	0.927	730	53	0	1	728	1	730	0.000E+00	1534
NP_001010932.1	mlXP_006088748.1	0.926	725	53	0	1	723	1	725	0.000E+00	1525
XP_006716019.1	mlXP_006088747.1	0.927	730	53	0	1	728	1	730	0.000E+00	1534
NP_036407.1	mlXP_006103070.1	0.806	155	30	0	1	155	1	155	1.243E-83	271
NP_775262.1	mlXP_006103070.1	0.806	155	30	0	1	155	1	155	1.243E-83	271
NP_060525.3	mlXP_023619354.1	0.821	351	62	0	1	347	1	351	6.452E-195	603
NP_005439.2	mlXP_006097275.3	0.731	395	105	0	1	392	10	404	1.108E-193	602
NP_001191.1	mlXP_014319507.1	0.946	396	21	0	1	396	46	440	1.138E-256	784
NP_001192.2	mlXP_023606071.1	0.886	386	44	0	87	472	7	392	2.947E-231	715
NP_001193.2	mlXP_006097025.1	0.968	409	13	0	1	408	1	409	3.803E-275	838
NP_001193.2	mlXP_006097026.1	0.968	409	13	0	1	408	1	409	3.803E-275	838
NP_001193.2	mlXP_014318314.1	0.968	409	13	0	1	408	1	409	3.803E-275	838
NP_570911.2	mlXP_006097025.1	0.968	409	13	0	1	408	1	409	3.803E-275	838
NP_570911.2	mlXP_006097026.1	0.968	409	13	0	1	408	1	409	3.803E-275	838
NP_570911.2	mlXP_014318314.1	0.968	409	13	0	1	408	1	409	3.803E-275	838
NP_066551.1	mlXP_006090771.1	0.973	454	12	0	1	454	1	454	3.829E-307	933
NP_001709.1	mlXP_014301707.1	0.965	292	10	0	222	513	51	342	2.004E-192	605
NP_001710.1	mlXP_006095477.1	0.978	414	9	0	18	431	1	414	2.633E-282	860
NP_003801.1	mlXP_006088898.1	0.690	274	84	0	11	281	11	284	8.676E-124	394
NP_003692.1	mlXP_006083572.1	0.900	321	32	0	1	317	1	321	1.767E-194	600
NP_003799.1	mlXP_006105563.1	0.824	250	44	0	1	250	1	250	3.153E-137	431
NP_000939.1	mlXP_006093806.1	0.620	232	86	0	1	227	1	232	6.523E-92	299
NP_000568.1	mlXP_006103073.1	0.803	158	31	0	1	158	1	158	2.503E-86	279
NP_776214.1	mlXP_006103072.1	0.795	176	36	0	1	176	1	176	6.033E-94	302
NP_000577.2	mlXP_006081721.1	0.653	153	52	0	1	153	1	150	1.732E-62	210
NP_061194.2	mlXP_006108821.1	0.712	174	50	0	1	174	1	173	1.436E-75	249
NP_061194.2	mlXP_014316385.1	0.712	174	50	0	1	174	1	173	1.436E-75	249
NP_061194.2	mlXP_014306210.1	0.712	174	50	0	1	174	1	173	1.436E-75	249
NP_061194.2	mlXP_006094955.1	0.712	174	50	0	1	174	1	173	1.436E-75	249
NP_065386.1	mlXP_006097945.1	0.731	179	48	0	1	179	1	179	8.480E-83	270
NP_002973.1	mlXP_006102115.1	0.622	98	37	0	1	98	1	98	6.725E-39	139
NP_001123518.1	mlXP_014318903.1	0.619	92	35	0	4	95	5	96	3.391E-36	131
NP_004582.1	mlXP_014318897.1	0.623	93	35	0	4	96	5	97	1.595E-36	132
NP_002980.1	mlXP_006108910.1	0.783	134	28	0	1	134	1	130	6.494E-64	213
NP_002981.2	mlXP_023603202.1	0.709	93	27	0	1	93	1	93	9.158E-41	144
NP_665905.2	mlXP_014301801.1	0.471	117	61	0	1	116	1	117	3.228E-24	98
NP_005614.2	mlXP_006102118.1	0.646	99	35	0	1	99	1	99	6.725E-39	139
NP_115934.1	mlXP_023607075.1	0.633	160	58	0	13	172	2	160	1.281E-64	220
NP_003732.2	mlXP_023606274.1	0.749	753	161	0	105	857	12	652	0.000E+00	1138
XP_005247907.1	mlXP_023606274.1	0.749	753	161	0	105	857	12	652	0.000E+00	1138
NP_001137453.1	mlXP_006082296.3	0.958	459	19	0	1	458	1	459	9.881E-324	981
NP_001137453.1	mlXP_014314853.2	0.958	459	19	0	1	458	42	500	9.881E-324	981
NP_001137454.1	mlXP_023614372.1	0.958	458	19	0	1	457	42	499	4.941E-323	979
XP_005248023.1	mlXP_023608941.1	0.408	599	337	0	83	652	18	616	1.552E-148	485
NP_071920.1	mlXP_006081794.1	0.951	700	34	0	1	700	1	700	0.000E+00	1441
NP_597716.1	mlXP_014305955.2	0.854	233	33	0	178	406	2	234	1.600E-132	426
XP_005266705.1	mlXP_014305955.2	0.854	233	33	0	178	406	2	234	1.600E-132	426
NP_002623.2	mlXP_006109704.2	0.748	159	40	0	1	159	1	159	7.444E-80	261
NP_443112.2	mlXP_006105602.1	0.768	263	61	0	1	263	6	267	9.114E-132	416
NP_002695.1	mlXP_014306673.1	0.593	118	46	0	14	127	7	124	2.837E-37	136
NP_795372.1	mlXP_006098181.1	0.671	189	62	0	1	189	1	189	3.470E-81	267
NP_000610.2	mlXP_006097942.1	0.578	166	69	0	1	166	1	165	2.730E-55	190
NP_064509.2	mlXP_006101292.1	0.612	208	80	0	1	207	1	208	1.494E-81	268
NP_002168.1	mlXP_006098178.1	0.639	194	70	0	1	194	1	194	1.389E-76	253
NP_000609.1	mlXP_006084136.1	0.928	153	11	0	1	153	1	153	3.551E-96	307
NP_001104755.1	mlXP_006084133.1	0.887	187	21	0	1	186	1	187	5.642E-112	355
XP_005250572.1	mlXP_006088447.2	0.902	164	16	0	1	164	1	164	4.492E-101	322
NP_062427.1	mlXP_006095222.1	0.900	101	10	0	1	101	1	101	1.084E-58	196
NP_002953.2	mlXP_006095225.1	0.956	92	4	0	1	92	1	92	5.173E-54	182
NP_000585.2	mlXP_014302388.1	0.814	237	43	0	1	233	1	237	5.298E-123	389
NP_003800.1	mlXP_006105562.3	0.883	249	29	0	1	249	1	248	2.073E-141	443
NP_000563.1	mlXP_006094927.1	0.836	177	29	0	1	177	1	177	1.162E-95	307
NP_000632.1	mlXP_006097748.3	0.309	141	86	0	10	150	28	153	4.012E-04	42
NP_476509.1	mlXP_006098766.1	0.908	337	31	0	29	365	16	348	6.725E-221	679
NP_001188288.1	mlXP_023599119.1	0.578	149	62	0	1	149	1	147	1.019E-49	173
NP_006063.1	mlXP_006088314.1	0.584	89	36	0	1	89	1	88	1.343E-29	112
NP_006655.1	mlXP_006098794.1	0.714	112	32	0	1	112	1	112	2.490E-47	164
NP_006655.1	mlXP_014319826.1	0.714	112	32	0	1	112	1	112	2.490E-47	164
NP_006655.1	mlXP_023618260.1	0.714	112	32	0	1	112	1	112	2.490E-47	164
NP_683513.1	mlXP_006095441.1	0.725	120	33	0	1	120	1	120	2.281E-55	188
NP_001001437.2	mlXP_006101970.1	0.784	93	20	0	1	93	1	93	2.464E-46	160
NP_066286.1	mlXP_006101970.1	0.784	93	20	0	1	93	1	93	2.464E-46	160
NP_002975.1	mlXP_006101969.1	0.836	92	15	0	1	92	1	92	3.482E-50	171
NP_001244138.1	mlXP_006086476.1	0.954	155	7	0	1	155	1	155	5.911E-100	318
NP_001244138.1	mlXP_006086477.1	0.954	155	7	0	1	155	1	155	5.911E-100	318
NP_001244138.1	mlXP_006086478.1	0.954	155	7	0	1	155	1	155	5.911E-100	318
NP_001244138.1	mlXP_006086480.1	0.954	155	7	0	1	155	1	155	5.911E-100	318
NP_001244139.1	mlXP_006086476.1	0.954	155	7	0	1	155	1	155	5.911E-100	318
NP_001244139.1	mlXP_006086477.1	0.954	155	7	0	1	155	1	155	5.911E-100	318
NP_001244139.1	mlXP_006086478.1	0.954	155	7	0	1	155	1	155	5.911E-100	318
NP_001244139.1	mlXP_006086480.1	0.954	155	7	0	1	155	1	155	5.911E-100	318
NP_004456.1	mlXP_006095446.1	0.892	224	22	0	1	208	1	224	6.413E-134	419
XP_005248321.1	mlXP_006095446.1	0.892	224	22	0	1	208	1	224	6.413E-134	419
NP_004103.1	mlXP_006105554.1	0.964	225	8	0	1	225	1	225	1.129E-144	451
NP_001450.2	mlXP_014302420.1	0.534	42	19	0	185	225	153	194	2.296E-02	37
XP_006723180.1	mlXP_014302420.1	0.534	42	19	0	167	207	153	194	1.964E-02	37
NP_001454.2	mlXP_006083094.1	0.978	325	7	0	1	325	132	456	1.039E-221	679
NP_037541.1	mlXP_006106703.1	0.892	344	37	0	1	344	1	344	4.676E-223	684
NP_009016.1	mlXP_023611571.1	0.979	288	6	0	21	308	27	314	3.955E-198	610
NP_005851.1	mlXP_006101876.1	0.882	263	31	0	1	263	1	263	1.442E-169	525
NP_001483.3	mlXP_006100488.1	0.854	193	28	0	180	372	1	193	3.145E-107	351
NP_002955.2	mlXP_014316859.1	0.584	89	37	0	1	89	1	89	4.205E-33	122
NP_002955.2	mlXP_006095368.1	0.584	89	37	0	1	89	1	89	4.205E-33	122
NP_002956.1	mlXP_023615040.1	0.610	113	43	0	5	114	1	113	2.739E-39	141
NP_002956.1	mlXP_006095366.1	0.610	113	43	0	5	114	1	113	2.739E-39	141
NP_006263.1	mlXP_006104855.1	0.945	92	5	0	1	92	1	92	9.418E-56	187
NP_570128.2	mlXP_006081369.1	0.691	94	28	0	9	99	1	94	1.840E-36	132
NP_002184.2	mlXP_006098864.1	0.968	407	13	0	1	407	1	407	1.359E-277	845
NP_002300.1	mlXP_006099362.1	0.788	118	25	0	85	202	1	118	1.827E-59	204
XP_006724303.1	mlXP_006099362.1	0.788	118	25	0	85	202	1	118	1.827E-59	204
NP_001153212.1	mlXP_006104713.1	0.673	205	65	0	1	205	1	201	2.520E-83	273
NP_001153212.1	mlXP_023601598.1	0.673	205	65	0	1	205	24	224	2.520E-83	273
NP_002332.1	mlXP_023601614.1	0.516	244	88	0	1	244	1	182	2.932E-55	194
NP_001012333.1	mlXP_014313952.1	0.919	124	10	0	20	143	8	131	3.834E-82	266
NP_001012334.1	mlXP_014313952.1	0.919	124	10	0	20	143	8	131	3.834E-82	266
NP_001257479.1	mlXP_014313952.1	0.919	124	10	0	20	143	8	131	3.834E-82	266
NP_001257480.1	mlXP_014313952.1	0.919	124	10	0	20	143	8	131	3.834E-82	266
NP_002382.1	mlXP_014313952.1	0.919	124	10	0	20	143	8	131	3.834E-82	266
NP_001243474.1	mlXP_023610590.1	0.945	1142	62	0	1	1136	1	1142	0.000E+00	2553
NP_115822.1	mlXP_023610590.1	0.945	1142	62	0	1	1136	1	1142	0.000E+00	2553
NP_115821.2	mlXP_023613568.1	0.951	1044	51	0	1	1044	1	1044	0.000E+00	2363
NP_001400.3	mlXP_023609681.1	0.381	1136	602	0	161	1296	71	1043	2.847E-268	873
NP_001258867.1	mlXP_006103654.1	0.935	2845	181	0	1	2845	1	2789	0.000E+00	5921
NP_148983.1	mlXP_014305981.1	0.734	147	35	0	64	196	5	151	8.943E-65	219
NP_002599.1	mlXP_006105711.1	0.850	241	36	0	1	241	1	241	1.890E-138	434
NP_057289.1	mlXP_006081928.1	0.939	345	21	0	1	345	1	344	4.073E-225	690
NP_079484.1	mlXP_006093578.1	0.756	329	73	0	42	370	26	326	1.134E-164	517
NP_002610.1	mlXP_014316089.1	0.698	106	30	0	1	101	1	106	6.032E-41	145
NP_002972.1	mlXP_006102909.2	0.500	92	45	0	1	91	113	204	1.237E-23	95
XP_005245491.1	mlXP_014316679.1	0.787	94	20	0	1	94	1	94	3.141E-46	160
XP_005245491.1	mlXP_023614984.1	0.787	94	20	0	1	94	1	94	3.141E-46	160
XP_005245491.1	mlXP_006095211.1	0.787	94	20	0	1	94	1	94	3.141E-46	160
XP_005245491.1	mlXP_023614985.1	0.787	94	20	0	1	94	1	94	3.141E-46	160
XP_005245491.1	mlXP_006095212.1	0.787	94	20	0	1	94	1	94	3.141E-46	160
NP_065723.1	mlXP_014316683.1	0.922	103	8	0	1	103	1	103	1.027E-60	202
NP_065723.1	mlXP_006095214.1	0.922	103	8	0	1	103	1	103	1.027E-60	202
XP_005245419.1	mlXP_014316683.1	0.922	103	8	0	1	103	1	103	1.027E-60	202
XP_005245419.1	mlXP_006095214.1	0.922	103	8	0	1	103	1	103	1.027E-60	202
XP_006711531.1	mlXP_014316683.1	0.922	103	8	0	1	103	1	103	1.027E-60	202
XP_006711531.1	mlXP_006095214.1	0.922	103	8	0	1	103	1	103	1.027E-60	202
NP_525127.1	mlXP_006095217.1	0.922	103	8	0	1	103	1	103	2.408E-59	198
NP_525127.1	mlXP_006095216.1	0.922	103	8	0	1	103	13	115	2.408E-59	198
XP_005244962.1	mlXP_006095217.1	0.922	103	8	0	1	103	1	103	2.408E-59	198
XP_005244962.1	mlXP_006095216.1	0.922	103	8	0	1	103	13	115	2.408E-59	198
XP_005244963.1	mlXP_006095217.1	0.922	103	8	0	1	103	1	103	2.408E-59	198
XP_005244963.1	mlXP_006095216.1	0.922	103	8	0	1	103	13	115	2.408E-59	198
NP_005969.1	mlXP_023614986.1	0.886	97	11	0	1	97	1	97	6.613E-54	182
NP_005969.1	mlXP_006095220.1	0.886	97	11	0	1	97	1	97	6.613E-54	182
NP_002951.1	mlXP_023614977.1	0.920	101	8	0	1	101	1	101	6.572E-64	211
NP_002951.1	mlXP_014316696.1	0.920	101	8	0	1	101	1	101	6.572E-64	211
NP_002951.1	mlXP_014316699.1	0.920	101	8	0	1	101	1	101	6.572E-64	211
NP_002951.1	mlXP_014316700.1	0.920	101	8	0	1	101	1	101	6.572E-64	211
NP_002951.1	mlXP_014316701.1	0.920	101	8	0	1	101	1	101	6.572E-64	211
NP_002951.1	mlXP_023614976.1	0.920	101	8	0	1	101	7	107	6.572E-64	211
NP_002951.1	mlXP_014316698.1	0.920	101	8	0	1	101	11	111	6.572E-64	211
NP_002951.1	mlXP_023614975.1	0.920	101	8	0	1	101	14	114	6.572E-64	211
NP_002951.1	mlXP_006095221.2	0.920	101	8	0	1	101	31	131	6.572E-64	211
NP_002952.1	mlXP_006095222.1	0.900	101	10	0	1	101	1	101	1.084E-58	196
NP_057070.3	mlXP_014322915.1	0.970	400	12	0	43	442	26	425	7.106E-268	819
NP_000748.3	mlXP_023612850.1	0.660	541	182	0	14	554	37	573	8.173E-224	698
NP_757351.1	mlXP_023612850.1	0.660	541	182	0	14	554	37	573	8.173E-224	698
NP_000749.2	mlXP_006100205.1	0.701	144	43	0	1	144	1	144	2.095E-64	215
NP_002954.2	mlXP_006093812.1	0.663	101	34	0	1	101	1	101	1.995E-44	155
XP_005245488.1	mlXP_006093812.1	0.663	101	34	0	1	101	1	101	1.995E-44	155
XP_005245487.1	mlXP_006095225.1	0.956	92	4	0	19	110	1	92	1.241E-53	182
NP_006564.1	mlXP_023608237.1	0.727	294	78	0	1	285	1	294	3.248E-128	407
NP_000586.2	mlXP_006104713.1	0.673	205	65	0	1	205	1	201	2.520E-83	273
NP_000586.2	mlXP_023601598.1	0.673	205	65	0	1	205	24	224	2.520E-83	273
NP_001104754.1	mlXP_006084137.1	0.927	137	10	0	1	137	1	137	4.780E-85	274
XP_005263695.1	mlXP_006103070.1	0.806	155	30	0	1	155	1	155	1.243E-83	271
NP_055254.2	mlXP_023600126.1	0.464	207	94	0	42	218	3	209	3.821E-49	175
NP_001167607.1	mlXP_006106810.1	0.764	170	39	0	1	170	1	167	4.187E-87	282
NP_001167607.1	mlXP_006106810.1	0.764	170	39	0	1	170	1	167	4.187E-87	282
NP_001165095.1	mlXP_006100653.1	0.930	215	15	0	1	215	1	214	9.327E-142	442
NP_001165096.1	mlXP_006100654.1	0.937	209	13	0	1	209	1	208	4.605E-138	431
NP_001165097.1	mlXP_006100655.1	0.931	191	13	0	1	191	1	190	2.745E-126	396
NP_066360.1	mlXP_023606244.1	0.991	243	2	0	1	243	1	243	2.900E-160	497
NP_001132970.1	mlXP_014313498.1	0.989	199	2	0	1	199	1	199	1.236E-130	409
NP_001132972.1	mlXP_006082095.1	0.992	255	2	0	1	255	1	255	1.822E-171	530
NP_004105.1	mlXP_006082096.1	0.991	245	2	0	1	245	1	245	1.306E-161	501
XP_005262456.1	mlXP_006082095.1	0.992	255	2	0	1	255	1	255	1.822E-171	530
NP_787125.1	mlXP_006086990.1	0.992	252	2	0	1	252	1	252	7.113E-172	531
NP_005109.2	mlXP_006099421.2	0.809	256	48	0	1	251	20	275	7.338E-137	430
NP_005083.2	mlXP_023609690.1	0.666	177	59	0	23	199	1	177	1.043E-81	268
NP_003317.1	mlXP_006089063.2	0.679	181	58	0	1	181	138	318	3.635E-77	254
NP_001235.1	mlXP_006099422.1	0.799	234	47	0	1	234	1	234	4.192E-126	398
NP_003802.1	mlXP_014321935.2	0.594	231	85	0	1	231	1	210	8.593E-66	225
XP_006722994.1	mlXP_014321935.2	0.594	231	85	0	1	231	1	210	8.593E-66	225
NP_000538.3	mlXP_006095697.1	0.460	731	382	0	3	733	22	729	8.875E-197	638
NP_001193673.1	mlXP_006095697.1	0.460	731	382	0	3	733	22	729	8.875E-197	638
NP_783652.1	mlXP_006095697.1	0.460	731	382	0	3	733	22	729	1.912E-197	638
NP_001020538.2	mlXP_006100654.1	0.937	209	13	0	181	389	1	208	1.471E-134	431
NP_001020539.2	mlXP_006100655.1	0.931	191	13	0	181	371	1	190	8.648E-123	396
NP_004741.1	mlXP_006100439.1	0.968	383	12	0	40	422	21	403	9.888E-263	803
NP_001138364.1	mlXP_006086476.1	0.954	155	7	0	1	155	1	155	5.911E-100	318
NP_001138364.1	mlXP_006086477.1	0.954	155	7	0	1	155	1	155	5.911E-100	318
NP_001138364.1	mlXP_006086478.1	0.954	155	7	0	1	155	1	155	5.911E-100	318
NP_001138364.1	mlXP_006086480.1	0.954	155	7	0	1	155	1	155	5.911E-100	318
NP_001138406.1	mlXP_006086476.1	0.954	155	7	0	1	155	1	155	5.911E-100	318
NP_001138406.1	mlXP_006086477.1	0.954	155	7	0	1	155	1	155	5.911E-100	318
NP_001138406.1	mlXP_006086478.1	0.954	155	7	0	1	155	1	155	5.911E-100	318
NP_001138406.1	mlXP_006086480.1	0.954	155	7	0	1	155	1	155	5.911E-100	318
NP_001138407.1	mlXP_006086476.1	0.954	155	7	0	1	155	1	155	5.911E-100	318
NP_001138407.1	mlXP_006086477.1	0.954	155	7	0	1	155	1	155	5.911E-100	318
NP_001138407.1	mlXP_006086478.1	0.954	155	7	0	1	155	1	155	5.911E-100	318
NP_001138407.1	mlXP_006086480.1	0.954	155	7	0	1	155	1	155	5.911E-100	318
NP_001244134.1	mlXP_006086476.1	0.954	155	7	0	1	155	1	155	5.911E-100	318
NP_001244134.1	mlXP_006086477.1	0.954	155	7	0	1	155	1	155	5.911E-100	318
NP_001244134.1	mlXP_006086478.1	0.954	155	7	0	1	155	1	155	5.911E-100	318
NP_001244134.1	mlXP_006086480.1	0.954	155	7	0	1	155	1	155	5.911E-100	318
NP_001244136.1	mlXP_006086476.1	0.954	155	7	0	1	155	1	155	5.911E-100	318
NP_001244136.1	mlXP_006086477.1	0.954	155	7	0	1	155	1	155	5.911E-100	318
NP_001244136.1	mlXP_006086478.1	0.954	155	7	0	1	155	1	155	5.911E-100	318
NP_001244136.1	mlXP_006086480.1	0.954	155	7	0	1	155	1	155	5.911E-100	318
NP_001244137.1	mlXP_006086476.1	0.954	155	7	0	1	155	1	155	5.911E-100	318
NP_001244137.1	mlXP_006086477.1	0.954	155	7	0	1	155	1	155	5.911E-100	318
NP_001244137.1	mlXP_006086478.1	0.954	155	7	0	1	155	1	155	5.911E-100	318
NP_001244137.1	mlXP_006086480.1	0.954	155	7	0	1	155	1	155	5.911E-100	318
NP_612141.1	mlXP_023607069.1	0.731	108	29	0	81	188	1	107	2.003E-49	175
NP_001553.1	mlXP_006093548.1	0.678	193	62	0	1	193	1	193	1.214E-85	279
NP_001553.1	mlXP_023613659.1	0.678	193	62	0	1	193	15	207	1.214E-85	279
NP_001553.1	mlXP_014315349.1	0.678	193	62	0	1	193	45	237	1.214E-85	279
NP_037503.2	mlXP_014316384.1	0.773	172	39	0	1	172	1	172	1.293E-85	278
NP_037503.2	mlXP_006094954.1	0.773	172	39	0	1	172	1	172	1.293E-85	278
NP_003383.2	mlXP_023611518.1	0.868	380	44	0	1	380	1	334	1.889E-225	693
NP_055310.1	mlXP_006089824.1	0.866	457	61	0	1	456	1	457	1.911E-274	839
NP_647475.1	mlXP_014302714.2	0.801	302	60	0	105	406	1	302	5.038E-165	520
NP_835228.2	mlXP_006094739.2	0.903	384	37	0	5	388	4	387	4.368E-246	753
NP_114123.2	mlXP_006104132.1	0.909	277	25	0	194	470	7	281	5.219E-178	561
NP_066969.1	mlXP_006103778.1	0.921	346	27	0	1	346	1	344	8.646E-226	692
NP_002001.1	mlXP_006085580.1	1.000	208	0	0	1	208	1	208	6.684E-142	442
NP_005121.1	mlXP_023620783.1	0.563	243	102	0	1	234	1	243	2.418E-80	266
NP_689642.3	mlXP_023610606.1	0.682	170	53	0	90	258	1	170	1.041E-74	251
NP_004460.1	mlXP_006088643.1	0.824	354	62	0	1	354	1	351	2.053E-211	651
NP_001014364.1	mlXP_023615085.1	0.524	770	312	0	1	770	1	656	3.584E-202	696
NP_001191431.1	mlXP_014302420.1	0.534	42	19	0	185	225	153	194	2.296E-02	37
NP_001191432.1	mlXP_014302420.1	0.534	42	19	0	185	225	153	194	2.296E-02	37
NP_004953.1	mlXP_006105220.1	0.843	478	75	0	1	478	1	477	5.724E-271	830
NP_005802.1	mlXP_006093760.2	0.996	296	1	0	112	407	4	299	1.251E-208	646
XP_006719256.1	mlXP_006093760.2	0.996	296	1	0	112	407	4	299	1.251E-208	646
XP_006719257.1	mlXP_006093760.2	0.996	296	1	0	112	407	4	299	1.251E-208	646
NP_004855.2	mlXP_014321348.2	0.664	295	99	0	14	308	113	407	2.192E-126	403
NP_057288.1	mlXP_006105219.1	0.794	429	88	0	1	429	1	427	2.744E-228	704
NP_065685.1	mlXP_006084272.1	0.839	361	58	0	5	364	5	365	2.972E-212	654
NP_000548.2	mlXP_006089519.1	0.956	501	22	0	1	501	1	499	0.000E+00	1008
NP_001275753.1	mlXP_014321048.1	0.797	366	74	0	1	366	1	365	8.310E-193	598
NP_005251.1	mlXP_023619564.1	0.777	454	101	0	1	454	1	453	2.668E-232	717
NP_000505.1	mlXP_006090191.1	0.948	211	11	0	1	211	1	211	1.807E-132	415
NP_001177397.1	mlXP_006090191.1	0.948	211	11	0	18	228	1	211	4.018E-132	415
NP_001177398.1	mlXP_014312531.1	0.951	186	9	0	18	202	1	186	2.196E-117	371
NP_954701.1	mlXP_014312531.1	0.951	186	9	0	1	185	1	186	9.826E-118	371
NP_000506.2	mlNP_001303843.1	0.610	217	84	0	1	217	1	216	5.175E-81	267
NP_001936.1	mlXP_006086561.1	0.889	208	23	0	1	208	1	208	2.409E-119	377
NP_005325.2	mlXP_006087736.1	0.922	2050	159	0	1	2035	1	2050	0.000E+00	3810
NP_009110.2	mlXP_006094200.1	0.592	209	84	0	1	208	1	209	4.875E-71	238
NP_543016.1	mlXP_006088052.1	0.902	441	43	0	24	464	46	486	2.249E-283	865
NP_954993.1	mlXP_023608304.1	0.523	565	244	0	7	571	7	519	5.109E-171	546
NP_000890.1	mlXP_006084064.1	0.813	274	51	0	1	273	1	274	1.057E-143	451
NP_066277.1	mlXP_014305077.1	0.839	367	59	0	1	366	1	367	1.044E-207	641
NP_000221.1	mlXP_006090548.1	0.790	167	35	0	1	167	1	167	4.860E-83	270
NP_996890.1	mlXP_006101969.1	0.847	92	14	0	1	92	1	92	3.482E-50	171
NP_003203.1	mlXP_006106810.1	0.764	170	39	0	17	186	1	167	8.786E-87	282
NP_003227.1	mlXP_006093011.1	0.912	160	14	0	1	160	1	160	4.093E-98	313
XP_005264579.1	mlXP_014314856.2	0.879	158	18	0	16	166	7	164	4.354E-92	296
NP_000651.3	mlXP_014323463.1	0.754	419	96	0	1	390	1	419	6.338E-208	643
NP_001129071.1	mlXP_006094373.1	0.981	442	8	0	1	442	1	442	1.557E-302	919
NP_003229.1	mlXP_006094374.1	0.983	414	7	0	1	414	1	414	2.411E-283	862
NP_003230.1	mlXP_006098479.1	0.919	412	33	0	1	412	1	408	1.260E-263	805
XP_005262278.1	mlXP_006082296.3	0.958	459	19	0	1	458	1	459	9.881E-324	981
XP_005262278.1	mlXP_014314853.2	0.958	459	19	0	1	458	42	500	9.881E-324	981
XP_005262279.1	mlXP_023614372.1	0.958	458	19	0	1	457	42	499	4.941E-323	979
NP_001265402.1	mlXP_006100508.1	0.888	429	48	0	1	429	1	429	1.996E-284	866
NP_056239.3	mlXP_006100507.1	0.887	452	51	0	1	451	1	452	1.851E-296	902
NP_001159684.1	mlXP_023599606.1	0.976	215	5	0	1	215	1	215	1.292E-146	456
NP_001159684.1	mlXP_023599607.1	0.976	215	5	0	1	215	1	215	1.292E-146	456
NP_037378.1	mlXP_006102566.1	0.977	225	5	0	1	225	1	225	2.172E-154	479
NP_000605.1	mlXP_006091908.1	0.834	199	33	0	1	199	1	199	4.683E-108	344
NP_001873.2	mlXP_006081368.2	0.906	322	30	0	1	322	33	354	1.167E-201	621
NP_001873.2	mlXP_023606291.1	0.906	322	30	0	1	322	55	376	1.167E-201	621
NP_715639.1	mlXP_014316384.1	0.773	172	39	0	39	210	1	172	7.280E-85	278
NP_715639.1	mlXP_006094954.1	0.773	172	39	0	39	210	1	172	7.280E-85	278
NP_000566.3	mlXP_006103068.1	0.683	271	85	0	1	271	1	269	2.794E-114	366
NP_000567.1	mlXP_006103069.1	0.650	268	93	0	1	268	1	267	3.066E-112	360
NP_001244064.1	mlXP_014309985.1	0.329	77	48	0	7	83	362	433	3.020E-04	39
NP_001244064.1	mlXP_023608464.1	0.329	77	48	0	7	83	375	446	3.020E-04	39
NP_001244064.1	mlXP_006087299.1	0.329	77	48	0	7	83	396	467	3.020E-04	39
XP_005268072.1	mlXP_006097025.1	0.968	409	13	0	1	408	1	409	3.803E-275	838
XP_005268072.1	mlXP_006097026.1	0.968	409	13	0	1	408	1	409	3.803E-275	838
XP_005268072.1	mlXP_014318314.1	0.968	409	13	0	1	408	1	409	3.803E-275	838
NP_001276926.1	mlXP_023606275.1	0.815	239	44	0	48	286	10	248	4.783E-133	421
NP_002167.1	mlXP_014319257.1	0.540	187	85	0	1	187	1	186	4.726E-59	202
NP_002977.1	mlXP_006102116.1	0.670	97	32	0	1	97	1	97	2.475E-40	143
NP_005399.1	mlXP_006102124.1	0.626	99	36	0	1	97	1	99	4.335E-35	128
NP_004581.1	mlXP_006101972.2	0.685	108	33	0	1	107	1	108	6.587E-41	146
XP_005258077.1	mlXP_006101972.2	0.685	108	33	0	1	107	1	108	6.587E-41	146
XP_006725397.1	mlXP_006101972.2	0.685	108	33	0	1	107	1	108	6.587E-41	146
NP_006265.1	mlXP_006098793.1	0.742	97	24	0	2	98	6	100	2.117E-42	149
NP_001137285.1	mlXP_023612143.1	0.975	247	6	0	1	247	1	247	2.644E-163	506
NP_001137285.1	mlXP_023612144.1	0.975	247	6	0	1	247	1	247	2.644E-163	506
NP_001137286.1	mlXP_023612143.1	0.975	247	6	0	1	247	1	247	2.644E-163	506
NP_001137286.1	mlXP_023612144.1	0.975	247	6	0	1	247	1	247	2.644E-163	506
NP_001137288.1	mlXP_023612143.1	0.975	247	6	0	1	247	1	247	2.644E-163	506
NP_001137288.1	mlXP_023612144.1	0.975	247	6	0	1	247	1	247	2.644E-163	506
NP_001700.2	mlXP_023612143.1	0.975	247	6	0	1	247	1	247	2.644E-163	506
NP_001700.2	mlXP_023612144.1	0.975	247	6	0	1	247	1	247	2.644E-163	506
NP_733927.1	mlXP_023612142.1	0.976	255	6	0	1	255	1	255	4.886E-169	523
NP_733928.1	mlXP_023612143.1	0.975	247	6	0	1	247	1	247	2.644E-163	506
NP_733928.1	mlXP_023612144.1	0.975	247	6	0	1	247	1	247	2.644E-163	506
NP_055258.1	mlXP_006097491.1	0.916	180	15	0	1	180	1	180	2.523E-113	358
NP_037410.1	mlXP_006097403.1	0.791	197	41	0	3	197	2	198	8.671E-100	320
NP_783165.1	mlXP_006102920.1	0.904	576	55	0	1	576	1	574	0.000E+00	1141
NP_009122.2	mlXP_006096916.1	0.952	380	18	0	1	379	1	380	4.971E-266	810
NP_005421.1	mlXP_006091638.1	0.992	278	2	0	1	278	1	278	6.451E-189	587
NP_079492.2	mlXP_006082593.1	0.952	418	20	0	1	417	1	418	1.249E-283	863
NP_003385.2	mlXP_006091572.1	0.969	391	12	0	1	389	1	391	5.497E-270	822
NP_004617.2	mlXP_006091133.3	0.972	251	7	0	104	354	6	256	2.960E-172	538
XP_005274288.1	mlXP_006091133.3	0.972	251	7	0	104	354	6	256	2.960E-172	538
NP_001153480.1	mlXP_023607628.1	0.945	420	23	0	1	420	1	420	9.615E-271	826
NP_039251.2	mlXP_006086259.1	0.935	637	41	0	1	637	1	636	0.000E+00	1230
NP_039254.1	mlXP_006086267.1	0.950	462	23	0	1	462	1	462	1.157E-298	909
NP_039254.1	mlXP_023607626.1	0.950	462	23	0	1	462	1	462	1.157E-298	909
NP_039258.1	mlXP_006086258.1	0.935	640	41	0	1	640	1	639	0.000E+00	1235
XP_006714873.1	mlXP_023607934.1	0.646	366	126	0	64	420	90	455	5.579E-144	460
NP_005529.1	mlXP_006093640.1	0.829	352	60	0	1	352	1	352	1.170E-190	591
NP_001193941.1	mlXP_014319565.1	0.737	141	37	0	1	141	1	141	8.068E-69	228
NP_001157030.1	mlXP_006093806.1	0.620	232	86	0	1	227	1	232	6.523E-92	299
NP_004149.1	mlXP_014321973.1	0.704	156	45	0	1	156	1	153	6.698E-66	220
NP_002816.1	mlXP_006088447.2	0.902	164	16	0	1	164	1	164	4.492E-101	322
XP_005268085.1	mlXP_006098479.1	0.919	412	33	0	1	412	1	408	1.260E-263	805
NP_001276926.1	mlXP_023606275.1	0.815	239	44	0	48	286	10	248	4.783E-133	421
NP_733929.1	mlXP_023612143.1	0.975	247	6	0	1	247	1	247	2.644E-163	506
NP_733929.1	mlXP_023612144.1	0.975	247	6	0	1	247	1	247	2.644E-163	506
NP_733931.1	mlXP_023612143.1	0.975	247	6	0	1	247	1	247	2.644E-163	506
NP_733931.1	mlXP_023612144.1	0.975	247	6	0	1	247	1	247	2.644E-163	506
NP_055297.1	mlXP_006093042.1	0.903	424	41	0	1	424	1	424	2.893E-260	796
NP_003382.1	mlXP_006100253.1	0.933	360	24	0	1	360	1	360	5.824E-246	751
NP_078613.1	mlXP_006092581.1	0.964	392	14	0	1	391	1	392	6.623E-269	819
NP_110380.1	mlXP_014314153.1	0.996	328	1	0	28	355	4	331	1.956E-238	729
NP_003367.4	mlXP_006100653.1	0.930	215	15	0	181	395	1	214	2.985E-138	442
NP_001230662.1	mlXP_006106611.1	0.930	188	13	0	1	188	1	188	3.166E-123	387
NP_003368.1	mlXP_006106610.1	0.917	207	17	0	1	207	1	207	4.853E-128	402
NP_005420.1	mlXP_023619702.1	0.864	368	50	0	50	417	8	375	6.414E-240	737
NP_001073969.1	mlXP_006082547.1	0.990	222	2	0	1	222	1	222	6.057E-167	515
NP_444514.1	mlXP_006103718.1	0.870	548	71	0	1	548	1	547	0.000E+00	1032
NP_006513.1	mlXP_023619110.1	0.917	340	28	0	26	365	11	350	3.319E-220	677
NP_004616.2	mlXP_023607148.1	0.984	325	5	0	25	349	73	397	1.527E-229	703
NP_490645.1	mlXP_014309363.1	0.900	350	35	0	1	350	1	350	1.441E-222	683
XP_005272133.1	mlXP_006086607.1	0.880	368	44	0	1	368	1	368	8.621E-229	702
NP_003384.2	mlXP_023599010.1	0.993	328	2	0	24	351	54	381	1.394E-231	709
NP_003386.1	mlXP_023619589.1	0.978	333	7	0	33	365	48	379	1.450E-229	704
NP_003387.1	mlXP_006092321.2	0.963	331	12	0	27	357	46	376	1.584E-224	689
NP_002986.1	mlXP_006099665.1	0.663	110	36	0	1	110	1	108	4.515E-42	149
NP_001183980.1	mlXP_006091909.1	0.951	572	28	0	1	569	1	572	0.000E+00	1125
NP_001711.2	mlXP_006109850.2	0.812	313	57	0	90	402	65	366	2.084E-164	518
NP_066988.1	mlXP_023609788.1	0.947	783	41	0	1	783	1	783	0.000E+00	1570
XP_005245436.1	mlXP_023609788.1	0.947	783	41	0	1	783	1	783	0.000E+00	1570
