XP_005273733.1	mmXP_036169643.1	0.965	205	7	0	1	205	1	205	1.144E-131	413
NP_005108.1	mmXP_036179848.1	0.748	211	53	0	6	216	9	219	4.926E-104	334
NP_001997.5	mmXP_036168677.1	0.948	155	8	0	134	288	1	155	2.051E-96	316
NP_062825.1	mmXP_036155956.1	0.952	211	10	0	1	211	1	210	2.316E-135	424
NP_061986.1	mmXP_036163162.1	0.819	198	35	0	12	209	12	204	1.268E-98	318
XP_005258788.1	mmXP_036163162.1	0.819	198	35	0	12	209	12	204	1.268E-98	318
NP_065688.1	mmXP_036168544.1	0.788	170	36	0	1	170	1	170	5.363E-89	288
NP_065689.1	mmXP_036156257.1	0.813	245	45	0	1	245	1	243	4.849E-130	411
NP_000577.2	mmXP_036170214.1	0.633	153	55	0	1	153	1	150	7.953E-60	203
NP_061194.2	mmXP_036200699.1	0.712	174	50	0	1	174	1	173	5.435E-75	248
NP_061194.2	mmXP_036200700.1	0.712	174	50	0	1	174	1	173	5.435E-75	248
XP_006722456.1	mmXP_036178878.1	0.887	409	46	0	1	406	1	409	1.480E-264	808
NP_000790.2	mmXP_036166871.1	0.841	188	30	0	6	193	51	238	6.663E-98	315
NP_001423.1	mmXP_036192196.1	0.782	156	34	0	14	169	10	165	1.100E-80	264
NP_000630.1	mmXP_036200609.1	0.854	281	41	0	1	281	1	280	1.675E-165	515
NP_000791.1	mmXP_036170249.1	0.954	155	7	0	1	155	1	155	1.006E-99	318
NP_000791.1	mmXP_036170250.1	0.954	155	7	0	1	155	1	155	1.006E-99	318
NP_000791.1	mmXP_036170251.1	0.954	155	7	0	1	155	1	155	1.006E-99	318
NP_000791.1	mmXP_036170252.1	0.954	155	7	0	1	155	1	155	1.006E-99	318
NP_001138364.1	mmXP_036170249.1	0.954	155	7	0	1	155	1	155	1.006E-99	318
NP_001138364.1	mmXP_036170250.1	0.954	155	7	0	1	155	1	155	1.006E-99	318
NP_001138364.1	mmXP_036170251.1	0.954	155	7	0	1	155	1	155	1.006E-99	318
NP_001138364.1	mmXP_036170252.1	0.954	155	7	0	1	155	1	155	1.006E-99	318
NP_001138406.1	mmXP_036170249.1	0.954	155	7	0	1	155	1	155	1.006E-99	318
NP_001138406.1	mmXP_036170250.1	0.954	155	7	0	1	155	1	155	1.006E-99	318
NP_001138406.1	mmXP_036170251.1	0.954	155	7	0	1	155	1	155	1.006E-99	318
NP_001138406.1	mmXP_036170252.1	0.954	155	7	0	1	155	1	155	1.006E-99	318
NP_001138407.1	mmXP_036170249.1	0.954	155	7	0	1	155	1	155	1.006E-99	318
NP_001138407.1	mmXP_036170250.1	0.954	155	7	0	1	155	1	155	1.006E-99	318
NP_001138407.1	mmXP_036170251.1	0.954	155	7	0	1	155	1	155	1.006E-99	318
NP_001138407.1	mmXP_036170252.1	0.954	155	7	0	1	155	1	155	1.006E-99	318
NP_001244134.1	mmXP_036170249.1	0.954	155	7	0	1	155	1	155	1.006E-99	318
NP_001244134.1	mmXP_036170250.1	0.954	155	7	0	1	155	1	155	1.006E-99	318
NP_001244134.1	mmXP_036170251.1	0.954	155	7	0	1	155	1	155	1.006E-99	318
NP_001244134.1	mmXP_036170252.1	0.954	155	7	0	1	155	1	155	1.006E-99	318
NP_757366.2	mmXP_036211308.1	0.607	1331	496	0	1	1331	46	1307	0.000E+00	1503
NP_002181.1	mmXP_036172306.1	0.780	155	33	0	1	155	1	153	5.712E-81	264
NP_055258.1	mmXP_036168450.1	0.916	180	15	0	1	180	1	180	4.295E-113	358
NP_037410.1	mmXP_036201930.1	0.796	197	40	0	3	197	2	198	1.343E-100	323
NP_037410.1	mmXP_036201929.1	0.796	197	40	0	3	197	33	229	1.343E-100	323
NP_037410.1	mmXP_036201928.1	0.796	197	40	0	3	197	52	248	1.343E-100	323
NP_003799.1	mmXP_036197326.1	0.820	250	45	0	1	250	1	250	7.096E-134	422
NP_001139117.1	mmXP_036154197.1	0.767	271	62	0	1	266	1	271	9.630E-130	411
NP_065386.1	mmXP_036152672.1	0.715	179	50	0	1	178	1	179	9.488E-79	259
XP_005268986.1	mmXP_036152672.1	0.715	179	50	0	1	178	1	179	9.488E-79	259
XP_005249000.1	mmXP_036173747.1	0.965	1009	35	0	1	1009	1	1009	0.000E+00	2186
NP_009044.2	mmXP_036199039.1	0.463	1943	783	0	1	1943	1	1459	0.000E+00	1313
NP_009044.2	mmXP_036199040.1	0.463	1943	783	0	1	1943	1	1459	0.000E+00	1313
NP_000470.2	mmXP_036168778.1	0.757	572	136	0	1	560	1	572	9.471E-277	852
NP_004664.1	mmXP_036198141.1	0.940	491	29	0	1	491	1	490	1.482E-323	983
NP_004664.1	mmXP_036198142.1	0.940	491	29	0	1	491	1	490	1.482E-323	983
NP_036230.1	mmXP_036185519.1	0.963	493	18	0	1	493	1	493	0.000E+00	1030
NP_055310.1	mmXP_036208818.1	0.870	457	59	0	1	456	1	457	2.971E-275	842
NP_110402.2	mmXP_036154367.1	0.935	359	23	0	1	359	26	383	1.502E-240	736
NP_116031.1	mmXP_036154367.1	0.935	359	23	0	1	359	26	383	1.502E-240	736
NP_006513.1	mmXP_036176730.1	0.958	365	15	0	1	365	1	365	4.691E-248	758
NP_004616.2	mmXP_036208312.1	0.985	349	5	0	1	349	1	349	5.908E-246	751
NP_478679.1	mmXP_036154356.1	0.991	349	3	0	1	349	1	349	2.209E-248	758
NP_490645.1	mmXP_036170616.1	0.897	350	36	0	1	350	1	350	1.211E-221	681
NP_003384.2	mmXP_036192211.1	0.993	322	2	0	30	351	1	322	3.435E-227	697
NP_149354.1	mmXP_036193244.1	0.978	232	5	0	1	232	1	232	7.172E-151	470
NP_002001.1	mmXP_036157565.1	1.000	208	0	0	1	208	1	208	1.138E-141	442
NP_005121.1	mmXP_036185203.1	0.567	243	101	0	1	234	1	243	1.854E-80	267
NP_004455.2	mmXP_036160921.1	0.881	268	32	0	1	268	1	266	1.043E-155	486
NP_116741.2	mmXP_036196284.1	0.500	112	54	0	1	109	1	112	3.003E-27	107
NP_683513.1	mmXP_036166382.1	0.725	120	33	0	1	120	1	120	3.883E-55	188
NP_065685.1	mmXP_036152623.1	0.835	365	60	0	1	364	1	365	1.025E-212	656
NP_715639.1	mmXP_036200387.1	0.779	172	38	0	39	210	1	172	1.130E-85	281
NP_000567.1	mmXP_036167552.1	0.665	268	89	0	1	268	1	267	1.960E-114	367
NP_066277.1	mmXP_036210925.1	0.839	367	59	0	1	366	1	367	1.622E-208	644
NP_003231.2	mmXP_036211116.1	0.839	367	59	0	1	366	1	367	1.622E-208	644
NP_003231.2	mmXP_036211117.1	0.839	367	59	0	1	366	1	367	1.622E-208	644
NP_003231.2	mmXP_036211118.1	0.839	367	59	0	1	366	1	367	1.622E-208	644
NP_003231.2	mmXP_036211120.1	0.839	367	59	0	1	366	1	367	1.622E-208	644
NP_000221.1	mmXP_036182935.1	0.808	167	32	0	1	167	1	167	1.520E-84	275
NP_001244064.1	mmXP_036151669.1	0.379	79	48	0	10	88	118	196	8.292E-07	47
NP_002300.1	mmXP_036209700.1	0.856	202	29	0	1	202	1	202	3.401E-118	374
XP_006724303.1	mmXP_036209700.1	0.856	202	29	0	1	202	1	202	3.401E-118	374
NP_003387.1	mmXP_036195516.1	0.834	409	59	0	1	357	1	409	7.656E-230	705
NP_001191432.1	mmXP_036162976.1	0.767	227	52	0	1	226	1	227	2.368E-104	336
NP_001191432.1	mmXP_036162975.1	0.767	227	52	0	1	226	58	284	2.368E-104	336
NP_037541.1	mmXP_036165248.1	0.953	344	16	0	1	344	1	344	1.370E-242	741
NP_005851.1	mmXP_036169319.1	0.802	292	52	0	1	263	1	292	6.579E-167	518
NP_001483.3	mmXP_036167870.1	0.802	372	73	0	1	372	1	371	1.415E-195	607
NP_004953.1	mmXP_036211899.1	0.826	478	82	0	1	478	1	474	8.262E-264	810
NP_005802.1	mmXP_036157275.1	0.980	407	8	0	1	407	1	404	5.139E-277	844
XP_006719256.1	mmXP_036157275.1	0.980	407	8	0	1	407	1	404	5.139E-277	844
XP_006719257.1	mmXP_036157275.1	0.980	407	8	0	1	407	1	404	5.139E-277	844
NP_057288.1	mmXP_036211863.1	0.804	429	83	0	1	429	1	427	7.909E-231	712
NP_001157030.1	mmXP_036203100.1	0.562	261	99	0	1	227	6	266	4.560E-93	303
NP_004149.1	mmXP_036169184.1	0.705	156	45	0	1	156	1	153	1.036E-66	223
NP_002816.1	mmXP_036184463.1	0.976	168	4	0	1	168	1	168	5.382E-113	357
XP_005250572.1	mmXP_036184463.1	0.976	168	4	0	1	168	1	168	5.382E-113	357
NP_001116437.1	mmXP_036199055.1	0.619	829	295	0	1	776	1	829	0.000E+00	1004
NP_006262.1	mmXP_036200120.1	0.968	94	3	0	1	94	1	94	1.600E-56	190
NP_006262.1	mmXP_036200121.1	0.968	94	3	0	1	94	1	94	1.600E-56	190
NP_006262.1	mmXP_036200122.1	0.968	94	3	0	1	94	1	94	1.600E-56	190
NP_001244137.1	mmXP_036170249.1	0.954	155	7	0	1	155	1	155	1.006E-99	318
NP_001244137.1	mmXP_036170250.1	0.954	155	7	0	1	155	1	155	1.006E-99	318
NP_001244137.1	mmXP_036170251.1	0.954	155	7	0	1	155	1	155	1.006E-99	318
NP_001244137.1	mmXP_036170252.1	0.954	155	7	0	1	155	1	155	1.006E-99	318
NP_001137278.1	mmXP_036181584.1	0.975	247	6	0	1	247	1	247	4.501E-163	506
NP_001001557.1	mmXP_036193448.1	0.886	463	52	0	1	455	1	463	3.720E-270	827
NP_878248.2	mmXP_036190313.1	0.832	452	75	0	1	450	1	452	9.808E-248	762
NP_001275753.1	mmXP_036170044.1	0.772	366	83	0	1	366	1	364	2.228E-187	583
NP_001275753.1	mmXP_036170045.1	0.772	366	83	0	1	366	1	364	2.228E-187	583
NP_005251.1	mmXP_036170042.1	0.763	454	107	0	1	454	1	452	2.678E-229	709
NP_000505.1	mmXP_036166797.1	0.957	211	9	0	1	211	1	211	4.685E-136	426
NP_000506.2	mmXP_036195508.1	0.596	217	87	0	1	217	18	233	2.145E-79	263
NP_783165.1	mmXP_036198097.1	0.899	576	58	0	1	576	162	735	0.000E+00	1131
NP_000651.3	mmXP_036201733.1	0.887	390	44	0	1	390	1	390	5.815E-241	739
NP_001191431.1	mmXP_036162976.1	0.767	227	52	0	1	226	1	227	2.368E-104	336
NP_001191431.1	mmXP_036162975.1	0.767	227	52	0	1	226	58	284	2.368E-104	336
NP_612141.1	mmXP_036155413.1	0.755	187	45	0	2	188	8	190	2.833E-86	282
NP_612141.1	mmXP_036155412.1	0.755	187	45	0	2	188	82	264	2.833E-86	282
NP_037503.2	mmXP_036200387.1	0.779	172	38	0	1	172	1	172	2.001E-86	281
NP_004549.1	mmXP_036170353.1	0.908	197	18	0	1	197	1	197	5.434E-119	376
NP_001096124.1	mmXP_036157371.1	0.970	270	8	0	1	270	1	270	4.331E-175	542
NP_001159445.1	mmXP_036193281.1	0.928	445	32	0	55	499	45	489	5.549E-279	855
XP_005269501.1	mmXP_036193281.1	0.928	445	32	0	276	720	45	489	8.968E-275	855
NP_001137.2	mmXP_036193957.1	0.927	498	36	0	1	498	1	496	4.941E-324	985
NP_476432.2	mmXP_036208611.1	0.761	226	52	0	1	220	1	226	4.072E-108	346
NP_001137277.1	mmXP_036181584.1	0.975	247	6	0	1	247	1	247	4.501E-163	506
NP_006655.1	mmXP_036186401.1	0.696	112	34	0	1	112	1	112	2.104E-46	162
XP_005262279.1	mmXP_036161709.1	0.958	458	19	0	1	457	69	526	8.399E-323	979
NP_001010932.1	mmXP_036184241.1	0.924	725	55	0	1	723	1	725	0.000E+00	1521
XP_006716019.1	mmXP_036184239.1	0.924	730	55	0	1	728	1	730	0.000E+00	1531
NP_001519.1	mmXP_036183558.1	0.846	650	100	0	1	650	1	648	0.000E+00	1212
NP_000568.1	mmXP_036167564.1	0.835	158	26	0	1	158	1	158	1.580E-88	286
NP_001166242.1	mmXP_036201486.1	0.716	208	59	0	1	208	30	237	9.953E-100	323
NP_001166243.1	mmXP_036201487.1	0.717	209	59	0	1	209	30	238	2.109E-100	325
NP_001166243.1	mmXP_036201489.1	0.717	209	59	0	1	209	30	238	2.109E-100	325
NP_001166243.1	mmXP_036201490.1	0.717	209	59	0	1	209	30	238	2.109E-100	325
NP_001166243.1	mmXP_036201491.1	0.717	209	59	0	1	209	30	238	2.109E-100	325
NP_001166243.1	mmXP_036201492.1	0.717	209	59	0	1	209	30	238	2.109E-100	325
NP_001166243.1	mmXP_036201493.1	0.717	209	59	0	1	209	30	238	2.109E-100	325
NP_001166243.1	mmXP_036201494.1	0.717	209	59	0	1	209	30	238	2.109E-100	325
NP_001166243.1	mmXP_036201495.1	0.717	209	59	0	1	209	30	238	2.109E-100	325
NP_001166243.1	mmXP_036201496.1	0.717	209	59	0	1	209	30	238	2.109E-100	325
NP_001166243.1	mmXP_036201497.1	0.717	209	59	0	1	209	30	238	2.109E-100	325
NP_689669.2	mmXP_036201487.1	0.717	209	59	0	1	209	30	238	2.109E-100	325
NP_689669.2	mmXP_036201489.1	0.717	209	59	0	1	209	30	238	2.109E-100	325
NP_689669.2	mmXP_036201490.1	0.717	209	59	0	1	209	30	238	2.109E-100	325
NP_689669.2	mmXP_036201491.1	0.717	209	59	0	1	209	30	238	2.109E-100	325
NP_689669.2	mmXP_036201492.1	0.717	209	59	0	1	209	30	238	2.109E-100	325
NP_689669.2	mmXP_036201493.1	0.717	209	59	0	1	209	30	238	2.109E-100	325
NP_689669.2	mmXP_036201494.1	0.717	209	59	0	1	209	30	238	2.109E-100	325
NP_689669.2	mmXP_036201495.1	0.717	209	59	0	1	209	30	238	2.109E-100	325
NP_689669.2	mmXP_036201496.1	0.717	209	59	0	1	209	30	238	2.109E-100	325
NP_689669.2	mmXP_036201497.1	0.717	209	59	0	1	209	30	238	2.109E-100	325
NP_000580.1	mmXP_036168497.1	0.590	153	55	0	1	153	1	136	1.365E-45	162
NP_000870.1	mmXP_036169882.1	0.636	132	48	0	3	134	1	132	5.292E-47	165
NP_001153471.1	mmXP_036157949.1	0.936	612	39	0	13	624	247	857	0.000E+00	1184
NP_001153480.1	mmXP_036157958.1	0.940	420	25	0	1	420	1	420	8.854E-269	821
NP_039250.2	mmXP_036157951.1	0.933	645	43	0	1	645	1	644	0.000E+00	1242
NP_775270.1	mmXP_036167546.1	0.587	155	63	0	3	157	47	199	1.539E-54	188
XP_005245634.1	mmXP_036198141.1	0.940	491	29	0	1	491	1	490	1.482E-323	983
XP_005245634.1	mmXP_036198142.1	0.940	491	29	0	1	491	1	490	1.482E-323	983
NP_066969.1	mmXP_036203778.1	0.924	346	26	0	1	346	1	344	7.267E-225	690
NP_001648.1	mmXP_036192277.1	0.743	252	63	0	1	252	1	246	6.323E-119	379
NP_001648.1	mmXP_036192284.1	0.743	252	63	0	1	252	1	246	6.323E-119	379
NP_006063.1	mmXP_036165463.1	0.582	79	33	0	11	89	10	88	2.538E-28	109
NP_001104753.1	mmXP_036155907.1	0.918	159	13	0	1	158	1	159	3.135E-97	311
NP_001001437.2	mmXP_036197844.1	0.763	93	22	0	1	93	1	93	2.084E-45	158
NP_066286.1	mmXP_036197844.1	0.763	93	22	0	1	93	1	93	2.084E-45	158
NP_002975.1	mmXP_036196387.1	0.847	92	14	0	1	92	1	92	2.660E-50	172
XP_005262278.1	mmXP_036161708.1	0.958	459	19	0	1	458	69	527	1.976E-323	981
NP_001137286.1	mmXP_036181584.1	0.975	247	6	0	1	247	1	247	4.501E-163	506
NP_002332.1	mmXP_036212485.1	0.715	244	68	0	1	244	1	239	3.892E-103	333
NP_033666.1	mmXP_036212486.1	0.740	77	20	0	1	77	1	76	2.794E-27	105
NP_001012333.1	mmXP_036181960.1	0.909	143	13	0	1	143	1	143	2.473E-92	296
NP_001012333.1	mmXP_036181961.1	0.909	143	13	0	1	143	1	143	2.473E-92	296
NP_001012333.1	mmXP_036181962.1	0.909	143	13	0	1	143	1	143	2.473E-92	296
NP_001012333.1	mmXP_036181963.1	0.909	143	13	0	1	143	1	143	2.473E-92	296
NP_001012333.1	mmXP_036181964.1	0.909	143	13	0	1	143	1	143	2.473E-92	296
NP_001012333.1	mmXP_036181965.1	0.909	143	13	0	1	143	1	143	2.473E-92	296
NP_001012334.1	mmXP_036181960.1	0.909	143	13	0	1	143	1	143	2.473E-92	296
NP_001012334.1	mmXP_036181961.1	0.909	143	13	0	1	143	1	143	2.473E-92	296
NP_001012334.1	mmXP_036181962.1	0.909	143	13	0	1	143	1	143	2.473E-92	296
NP_001012334.1	mmXP_036181963.1	0.909	143	13	0	1	143	1	143	2.473E-92	296
NP_001012334.1	mmXP_036181964.1	0.909	143	13	0	1	143	1	143	2.473E-92	296
NP_001012334.1	mmXP_036181965.1	0.909	143	13	0	1	143	1	143	2.473E-92	296
NP_001257479.1	mmXP_036181960.1	0.909	143	13	0	1	143	1	143	2.473E-92	296
NP_001257479.1	mmXP_036181961.1	0.909	143	13	0	1	143	1	143	2.473E-92	296
NP_001257479.1	mmXP_036181962.1	0.909	143	13	0	1	143	1	143	2.473E-92	296
NP_001257479.1	mmXP_036181963.1	0.909	143	13	0	1	143	1	143	2.473E-92	296
NP_001257479.1	mmXP_036181964.1	0.909	143	13	0	1	143	1	143	2.473E-92	296
NP_001257479.1	mmXP_036181965.1	0.909	143	13	0	1	143	1	143	2.473E-92	296
NP_001257480.1	mmXP_036181960.1	0.909	143	13	0	1	143	1	143	2.473E-92	296
NP_001257480.1	mmXP_036181961.1	0.909	143	13	0	1	143	1	143	2.473E-92	296
NP_001257480.1	mmXP_036181962.1	0.909	143	13	0	1	143	1	143	2.473E-92	296
NP_001257480.1	mmXP_036181963.1	0.909	143	13	0	1	143	1	143	2.473E-92	296
NP_001257480.1	mmXP_036181964.1	0.909	143	13	0	1	143	1	143	2.473E-92	296
NP_001257480.1	mmXP_036181965.1	0.909	143	13	0	1	143	1	143	2.473E-92	296
NP_002382.1	mmXP_036181960.1	0.909	143	13	0	1	143	1	143	2.473E-92	296
NP_002382.1	mmXP_036181961.1	0.909	143	13	0	1	143	1	143	2.473E-92	296
NP_002382.1	mmXP_036181962.1	0.909	143	13	0	1	143	1	143	2.473E-92	296
NP_002382.1	mmXP_036181963.1	0.909	143	13	0	1	143	1	143	2.473E-92	296
NP_002382.1	mmXP_036181964.1	0.909	143	13	0	1	143	1	143	2.473E-92	296
NP_002382.1	mmXP_036181965.1	0.909	143	13	0	1	143	1	143	2.473E-92	296
NP_001243474.1	mmXP_036166643.1	0.954	1135	52	0	1	1135	1	1135	0.000E+00	2565
NP_115822.1	mmXP_036166643.1	0.954	1135	52	0	1	1135	1	1135	0.000E+00	2565
NP_776214.1	mmXP_036167562.1	0.823	176	31	0	1	176	1	176	3.817E-96	309
NP_005614.2	mmXP_036196386.1	0.686	99	31	0	1	99	31	129	1.879E-41	147
NP_001257349.1	mmXP_036178049.1	0.355	90	53	0	91	173	55	144	5.316E-02	36
NP_003732.2	mmXP_036208317.1	0.904	958	92	0	1	955	1	958	0.000E+00	1851
XP_005247907.1	mmXP_036208317.1	0.902	958	93	0	1	954	1	958	0.000E+00	1851
NP_001137453.1	mmXP_036161708.1	0.958	459	19	0	1	458	69	527	1.976E-323	981
NP_001137454.1	mmXP_036161709.1	0.958	458	19	0	1	457	69	526	8.399E-323	979
NP_001009931.1	mmXP_036199046.1	0.533	1611	669	0	1	1611	1	1433	0.000E+00	1400
NP_001129383.1	mmXP_036209113.1	0.755	172	42	0	1	172	6	177	8.218E-86	279
NP_002957.1	mmXP_036198995.1	0.979	97	2	0	1	97	1	97	1.122E-61	205
NP_002957.1	mmXP_036198997.1	0.979	97	2	0	1	97	1	97	1.122E-61	205
NP_005611.1	mmXP_036161821.1	0.846	98	15	0	1	98	1	98	1.837E-52	179
NP_005611.1	mmXP_036199486.1	0.846	98	15	0	1	98	1	98	1.837E-52	179
NP_005612.1	mmXP_036199978.1	0.695	92	28	0	1	92	1	92	4.511E-37	134
NP_001019381.1	mmXP_036200118.1	0.684	92	29	0	1	92	1	92	6.010E-37	134
NP_001019381.1	mmXP_036200119.1	0.684	92	29	0	1	92	1	92	6.010E-37	134
NP_001019381.1	mmXP_036200116.1	0.684	92	29	0	1	92	26	117	6.010E-37	134
NP_001019382.1	mmXP_036200118.1	0.684	92	29	0	1	92	1	92	6.010E-37	134
NP_001019382.1	mmXP_036200119.1	0.684	92	29	0	1	92	1	92	6.010E-37	134
NP_001019382.1	mmXP_036200116.1	0.684	92	29	0	1	92	26	117	6.010E-37	134
NP_001019383.1	mmXP_036200118.1	0.684	92	29	0	1	92	1	92	6.010E-37	134
NP_001019383.1	mmXP_036200119.1	0.684	92	29	0	1	92	1	92	6.010E-37	134
NP_001019383.1	mmXP_036200116.1	0.684	92	29	0	1	92	26	117	6.010E-37	134
NP_001019384.1	mmXP_036200118.1	0.684	92	29	0	1	92	1	92	6.010E-37	134
NP_001019384.1	mmXP_036200119.1	0.684	92	29	0	1	92	1	92	6.010E-37	134
NP_001019384.1	mmXP_036200116.1	0.684	92	29	0	1	92	26	117	6.010E-37	134
NP_005970.1	mmXP_036200118.1	0.684	92	29	0	1	92	1	92	6.010E-37	134
NP_005970.1	mmXP_036200119.1	0.684	92	29	0	1	92	1	92	6.010E-37	134
NP_005970.1	mmXP_036200116.1	0.684	92	29	0	1	92	26	117	6.010E-37	134
NP_001136016.1	mmXP_036166939.1	0.808	204	38	0	1	200	95	298	8.383E-99	318
NP_001321.1	mmXP_036166938.1	0.809	205	38	0	1	201	95	299	1.776E-99	320
NP_002987.1	mmXP_036202741.1	0.439	409	222	0	1	397	1	409	4.586E-91	306
NP_001502.1	mmXP_036192100.1	0.713	115	30	0	1	107	1	115	2.030E-44	156
NP_001556.2	mmXP_036192881.1	0.773	97	22	0	1	97	1	97	1.319E-44	156
NP_001257919.1	mmXP_036192245.1	0.723	112	30	0	1	112	1	109	1.722E-48	168
NP_006265.1	mmXP_036186397.1	0.752	97	23	0	2	98	6	100	1.617E-42	150
NP_005109.2	mmXP_036187408.1	0.801	256	50	0	1	251	20	275	3.047E-135	426
NP_689642.3	mmXP_036193245.1	0.732	258	69	0	1	258	1	258	8.821E-127	402
NP_002000.1	mmXP_036156923.1	0.953	194	9	0	1	194	1	194	9.915E-128	401
NP_149353.1	mmXP_036193243.1	0.979	243	5	0	1	243	1	243	2.810E-158	492
NP_001137282.1	mmXP_036181585.1	0.972	255	7	0	75	329	4	258	1.264E-166	521
NP_001265402.1	mmXP_036177558.1	0.892	429	46	0	1	429	1	429	1.396E-285	870
NP_002167.1	mmXP_036185013.1	0.545	187	84	0	1	187	1	186	1.630E-59	204
NP_000610.2	mmXP_036156165.1	0.578	166	69	0	1	166	1	165	4.649E-55	190
NP_064509.2	mmXP_036187206.1	0.626	208	77	0	1	207	1	208	1.925E-84	277
NP_002168.1	mmXP_036185018.1	0.659	194	66	0	1	194	1	194	8.042E-80	263
NP_001132972.1	mmXP_036160365.1	0.992	255	2	0	1	255	1	255	3.103E-171	530
NP_001132972.1	mmXP_036160366.1	0.992	255	2	0	1	255	1	255	3.103E-171	530
NP_004103.1	mmXP_036197308.1	0.968	225	7	0	1	225	1	225	8.643E-145	452
NP_004104.3	mmXP_036208291.1	1.000	181	0	0	1	181	1	181	2.309E-120	379
NP_066360.1	mmXP_036208290.1	1.000	243	0	0	1	243	1	243	2.022E-161	501
NP_001132970.1	mmXP_036160368.1	0.989	199	2	0	1	199	1	199	2.104E-130	409
NP_036407.1	mmXP_036167553.1	0.812	155	29	0	1	155	1	155	4.277E-84	273
NP_036407.1	mmXP_036167554.1	0.812	155	29	0	1	155	1	155	4.277E-84	273
NP_775262.1	mmXP_036167553.1	0.812	155	29	0	1	155	1	155	4.277E-84	273
NP_775262.1	mmXP_036167554.1	0.812	155	29	0	1	155	1	155	4.277E-84	273
XP_005263695.1	mmXP_036167553.1	0.812	155	29	0	1	155	1	155	4.277E-84	273
XP_005263695.1	mmXP_036167554.1	0.812	155	29	0	1	155	1	155	4.277E-84	273
NP_055254.2	mmXP_036167556.1	0.500	218	108	0	1	218	2	217	2.517E-60	208
NP_006564.1	mmXP_036154196.1	0.768	290	66	0	1	285	1	290	9.112E-140	441
NP_003798.2	mmXP_036171397.1	0.768	241	55	0	1	240	1	241	6.750E-121	384
NP_005746.2	mmXP_036167709.1	0.733	229	60	0	1	229	1	225	4.651E-111	355
NP_001005612.2	mmXP_036161018.1	0.932	386	26	0	1	386	1	386	2.111E-250	766
NP_001390.1	mmXP_036161015.1	0.933	391	26	0	1	391	1	391	2.022E-253	775
XP_005264579.1	mmXP_036190096.1	0.879	158	18	0	16	166	50	207	7.414E-92	296
NP_003229.1	mmXP_036210825.1	0.983	414	7	0	1	414	1	414	4.105E-283	862
NP_003230.1	mmXP_036169687.1	0.915	412	35	0	1	412	1	408	2.145E-263	805
NP_057289.1	mmXP_036169983.1	0.936	345	22	0	1	345	1	344	3.423E-224	688
NP_057289.1	mmXP_036169984.1	0.936	345	22	0	1	345	1	344	3.423E-224	688
NP_079484.1	mmXP_036180315.1	0.900	370	37	0	1	370	1	370	1.967E-234	719
NP_149126.1	mmXP_036180316.1	0.898	364	37	0	1	364	1	364	4.776E-230	706
NP_002610.1	mmXP_036192077.1	0.669	106	33	0	1	101	1	106	3.108E-37	135
NP_542184.1	mmXP_036178734.1	0.980	201	4	0	1	201	1	201	6.838E-127	399
NP_542184.1	mmXP_036178735.1	0.980	201	4	0	1	201	1	201	6.838E-127	399
NP_001276932.1	mmXP_036208324.1	0.714	452	128	0	44	492	31	482	6.692E-202	632
NP_003383.2	mmXP_036187771.1	0.989	380	4	0	1	380	1	380	3.993E-266	811
NP_002973.1	mmXP_036197850.1	0.632	98	36	0	1	98	1	98	5.136E-39	140
NP_001123518.1	mmXP_036176532.1	0.619	92	35	0	4	95	5	96	5.774E-36	131
NP_004582.1	mmXP_036176531.1	0.623	93	35	0	4	96	5	97	2.716E-36	132
NP_002980.1	mmXP_036186396.1	0.776	134	29	0	1	134	1	130	2.461E-63	212
NP_002981.2	mmXP_036202553.1	0.736	91	24	0	1	91	1	91	3.476E-40	143
XP_005258077.1	mmXP_036195460.1	0.651	109	37	0	1	107	62	170	1.369E-38	140
XP_006725397.1	mmXP_036195460.1	0.651	109	37	0	1	107	62	170	1.369E-38	140
NP_001188288.1	mmXP_036169964.1	0.569	148	62	0	1	148	1	144	5.143E-46	163
NP_001161362.1	mmXP_036161318.1	0.815	368	68	0	1	368	1	367	9.633E-219	684
NP_758525.1	mmXP_036179814.1	0.744	163	41	0	1	160	1	163	1.854E-79	260
NP_060872.1	mmXP_036154686.1	0.831	166	28	0	4	169	4	167	8.237E-85	276
NP_039258.1	mmXP_036157952.1	0.932	640	43	0	1	640	1	639	0.000E+00	1230
NP_004874.1	mmXP_036170663.1	0.945	850	46	0	1	850	1	836	0.000E+00	1653
NP_053586.1	mmXP_036170661.1	0.946	852	45	0	1	852	1	838	0.000E+00	1656
NP_003386.1	mmXP_036169742.1	0.969	365	11	0	1	365	1	364	1.042E-247	757
NP_003317.1	mmXP_036199699.1	0.685	181	57	0	1	181	1	181	3.059E-76	252
XP_005245419.1	mmXP_036200276.1	0.911	102	9	0	1	102	1	102	2.136E-58	196
XP_005245419.1	mmXP_036200277.1	0.911	102	9	0	1	102	1	102	2.136E-58	196
NP_001192.2	mmXP_036193433.1	0.845	474	73	0	1	472	1	474	1.645E-270	829
NP_001193.2	mmXP_036163369.1	0.968	409	13	0	1	408	1	409	6.475E-275	838
NP_001193.2	mmXP_036163379.1	0.968	409	13	0	1	408	1	409	6.475E-275	838
NP_001193.2	mmXP_036163349.1	0.968	409	13	0	1	408	1	409	6.475E-275	838
NP_001193.2	mmXP_036163389.1	0.968	409	13	0	1	408	1	409	6.475E-275	838
NP_001193.2	mmXP_036163358.1	0.968	409	13	0	1	408	1	409	6.475E-275	838
NP_570911.2	mmXP_036163369.1	0.968	409	13	0	1	408	1	409	6.475E-275	838
NP_570911.2	mmXP_036163379.1	0.968	409	13	0	1	408	1	409	6.475E-275	838
NP_570911.2	mmXP_036163349.1	0.968	409	13	0	1	408	1	409	6.475E-275	838
NP_570911.2	mmXP_036163389.1	0.968	409	13	0	1	408	1	409	6.475E-275	838
NP_570911.2	mmXP_036163358.1	0.968	409	13	0	1	408	1	409	6.475E-275	838
NP_570912.2	mmXP_036163369.1	0.968	409	13	0	1	408	1	409	6.475E-275	838
NP_570912.2	mmXP_036163379.1	0.968	409	13	0	1	408	1	409	6.475E-275	838
NP_570912.2	mmXP_036163349.1	0.968	409	13	0	1	408	1	409	6.475E-275	838
NP_570912.2	mmXP_036163389.1	0.968	409	13	0	1	408	1	409	6.475E-275	838
NP_570912.2	mmXP_036163358.1	0.968	409	13	0	1	408	1	409	6.475E-275	838
XP_005268072.1	mmXP_036163369.1	0.968	409	13	0	1	408	1	409	6.475E-275	838
XP_005268072.1	mmXP_036163379.1	0.968	409	13	0	1	408	1	409	6.475E-275	838
XP_005268072.1	mmXP_036163349.1	0.968	409	13	0	1	408	1	409	6.475E-275	838
XP_005268072.1	mmXP_036163389.1	0.968	409	13	0	1	408	1	409	6.475E-275	838
XP_005268072.1	mmXP_036163358.1	0.968	409	13	0	1	408	1	409	6.475E-275	838
NP_066551.1	mmXP_036174246.1	0.975	454	11	0	1	454	1	454	2.935E-307	934
NP_001709.1	mmXP_036207526.1	0.904	513	48	0	1	513	1	503	2.809E-320	975
NP_005469.2	mmXP_036158631.1	0.473	38	19	0	26	63	32	69	4.306E-05	44
NP_148983.1	mmXP_036169299.1	0.882	196	23	0	1	196	138	333	3.099E-116	368
NP_004460.1	mmXP_036161333.1	0.827	354	61	0	1	354	1	351	7.081E-212	653
NP_443104.1	mmXP_036174316.1	0.553	159	68	0	5	163	3	156	1.830E-55	191
NP_001553.1	mmXP_036180265.1	0.678	193	62	0	1	193	1	193	2.494E-83	273
NP_001553.1	mmXP_036180263.1	0.678	193	62	0	1	193	15	207	2.494E-83	273
NP_733928.1	mmXP_036181584.1	0.975	247	6	0	1	247	1	247	4.501E-163	506
NP_066276.2	mmXP_036153004.1	0.942	208	12	0	1	208	1	208	3.896E-128	403
NP_001137280.1	mmXP_036181584.1	0.975	247	6	0	1	247	1	247	4.501E-163	506
NP_647475.1	mmXP_036171258.1	0.769	412	94	0	1	406	1	412	3.447E-211	654
NP_835228.2	mmXP_036179876.1	0.894	387	41	0	2	388	1	387	3.670E-245	751
NP_114123.2	mmXP_036170745.1	0.889	470	51	0	1	470	1	462	1.579E-287	878
NP_001137281.1	mmXP_036181585.1	0.972	255	7	0	22	276	4	258	1.102E-167	521
NP_001137283.1	mmXP_036181584.1	0.975	247	6	0	1	247	1	247	4.501E-163	506
NP_001137284.1	mmXP_036181584.1	0.975	247	6	0	1	247	1	247	4.501E-163	506
NP_002972.1	mmXP_036197998.1	0.521	92	43	0	1	91	24	115	1.709E-25	101
NP_002977.1	mmXP_036197275.1	0.680	97	31	0	1	97	1	97	1.891E-40	144
NP_001167607.1	mmXP_036189749.1	0.755	172	41	0	1	172	1	169	7.129E-87	282
NP_001167607.1	mmXP_036189749.1	0.755	172	41	0	1	172	1	169	7.129E-87	282
NP_003203.1	mmXP_036189749.1	0.755	172	41	0	17	188	1	169	1.496E-86	282
NP_004456.1	mmXP_036166060.1	0.884	225	24	0	1	208	1	225	5.934E-132	414
XP_005245491.1	mmXP_036200118.1	0.684	92	29	0	1	92	1	92	6.010E-37	134
XP_005245491.1	mmXP_036200119.1	0.684	92	29	0	1	92	1	92	6.010E-37	134
XP_005245491.1	mmXP_036200116.1	0.684	92	29	0	1	92	26	117	6.010E-37	134
NP_039251.2	mmXP_036157953.1	0.932	637	43	0	1	637	1	636	0.000E+00	1225
NP_039254.1	mmXP_036157955.1	0.945	462	25	0	1	462	1	462	1.065E-296	904
NP_003382.1	mmXP_036184763.1	0.936	360	23	0	1	360	1	360	4.463E-246	752
NP_110380.1	mmXP_036197665.1	0.997	355	1	0	1	355	1	355	1.159E-258	788
NP_110380.1	mmXP_036197664.1	0.997	355	1	0	1	355	1	355	1.159E-258	788
NP_149122.1	mmXP_036170288.1	0.951	352	17	0	1	352	1	352	1.820E-243	744
NP_110388.2	mmXP_036206852.1	1.000	351	0	0	1	351	1	351	3.517E-244	746
NP_115945.4	mmXP_036167565.1	0.841	151	24	0	1	151	1	151	1.668E-84	274
NP_775184.1	mmXP_036167565.1	0.841	151	24	0	1	151	1	151	1.668E-84	274
NP_001193941.1	mmXP_036169102.1	0.723	141	39	0	1	141	1	141	6.800E-68	226
NP_002623.2	mmXP_036169083.1	0.735	159	42	0	1	159	1	159	6.269E-79	259
NP_002695.1	mmXP_036192044.1	0.583	108	43	0	20	123	13	120	3.543E-32	122
NP_001137285.1	mmXP_036181584.1	0.975	247	6	0	1	247	1	247	4.501E-163	506
NP_149134.1	mmXP_036161002.1	0.813	123	22	0	1	123	1	120	2.166E-59	200
NP_057668.1	mmXP_036155898.1	0.846	195	29	0	1	189	1	195	6.331E-105	335
NP_057668.1	mmXP_036155899.1	0.846	195	29	0	1	189	1	195	6.331E-105	335
NP_057668.1	mmXP_036155900.1	0.846	195	29	0	1	189	1	195	6.331E-105	335
NP_057668.1	mmXP_036155901.1	0.846	195	29	0	1	189	1	195	6.331E-105	335
NP_057668.1	mmXP_036155902.1	0.846	195	29	0	1	189	1	195	6.331E-105	335
NP_057668.1	mmXP_036155903.1	0.846	195	29	0	1	189	1	195	6.331E-105	335
NP_003368.1	mmXP_036182724.1	0.927	207	15	0	1	207	1	207	1.521E-129	407
NP_005420.1	mmXP_036156125.1	0.836	417	68	0	1	417	1	414	6.175E-255	781
NP_940972.2	mmXP_036183100.1	0.862	327	45	0	1	324	1	327	3.198E-206	635
NP_001073969.1	mmXP_036174430.1	0.990	222	2	0	1	222	1	222	1.031E-166	515
NP_444514.1	mmXP_036158919.1	0.872	548	70	0	1	548	1	547	0.000E+00	1034
NP_001244138.1	mmXP_036170249.1	0.954	155	7	0	1	155	1	155	1.006E-99	318
NP_001244138.1	mmXP_036170250.1	0.954	155	7	0	1	155	1	155	1.006E-99	318
NP_001244138.1	mmXP_036170251.1	0.954	155	7	0	1	155	1	155	1.006E-99	318
NP_001244138.1	mmXP_036170252.1	0.954	155	7	0	1	155	1	155	1.006E-99	318
NP_001244139.1	mmXP_036170249.1	0.954	155	7	0	1	155	1	155	1.006E-99	318
NP_001244139.1	mmXP_036170250.1	0.954	155	7	0	1	155	1	155	1.006E-99	318
NP_001244139.1	mmXP_036170251.1	0.954	155	7	0	1	155	1	155	1.006E-99	318
NP_001244139.1	mmXP_036170252.1	0.954	155	7	0	1	155	1	155	1.006E-99	318
XP_005248321.1	mmXP_036166060.1	0.884	225	24	0	1	208	1	225	5.934E-132	414
NP_006170.1	mmXP_036163158.1	0.914	210	18	0	1	210	1	210	9.520E-128	402
NP_006170.1	mmXP_036163159.1	0.914	210	18	0	1	210	1	210	9.520E-128	402
XP_005259019.1	mmXP_036163158.1	0.914	210	18	0	1	210	1	210	9.520E-128	402
XP_005259019.1	mmXP_036163159.1	0.914	210	18	0	1	210	1	210	9.520E-128	402
XP_006723295.1	mmXP_036163158.1	0.914	210	18	0	1	210	1	210	9.520E-128	402
XP_006723295.1	mmXP_036163159.1	0.914	210	18	0	1	210	1	210	9.520E-128	402
NP_065391.1	mmXP_036209694.1	0.525	246	110	0	7	252	7	239	9.592E-70	237
XP_005268085.1	mmXP_036169687.1	0.915	412	35	0	1	412	1	408	2.145E-263	805
NP_000451.1	mmXP_036208320.1	0.775	352	77	0	1	352	1	345	2.600E-170	533
NP_001171068.1	mmXP_036208321.1	0.772	348	78	0	1	348	1	341	2.849E-167	524
NP_001171069.1	mmXP_036208325.1	0.780	319	68	0	1	319	1	312	8.022E-167	521
NP_001276926.1	mmXP_036208322.1	0.800	286	56	0	1	286	1	279	6.409E-153	479
NP_001276927.1	mmXP_036208320.1	0.775	352	77	0	1	352	1	345	2.600E-170	533
NP_001276951.1	mmXP_036208321.1	0.772	348	78	0	1	348	1	341	2.849E-167	524
NP_001276955.1	mmXP_036208325.1	0.780	319	68	0	1	319	1	312	8.022E-167	521
NP_001276956.1	mmXP_036208322.1	0.800	286	56	0	1	286	1	279	6.409E-153	479
NP_996890.1	mmXP_036196387.1	0.858	92	13	0	1	92	1	92	2.660E-50	172
NP_996890.1	mmXP_036196387.1	0.858	92	13	0	1	92	1	92	2.660E-50	172
NP_001121070.1	mmXP_036171735.1	0.809	184	34	0	57	236	1	184	6.213E-94	306
NP_001121070.1	mmXP_036171736.1	0.809	184	34	0	57	236	1	184	6.213E-94	306
NP_001278790.1	mmXP_036171735.1	0.809	184	34	0	1	180	1	184	4.832E-95	306
NP_001278790.1	mmXP_036171736.1	0.809	184	34	0	1	180	1	184	4.832E-95	306
NP_001278791.1	mmXP_036171735.1	0.809	184	34	0	1	180	1	184	4.832E-95	306
NP_001278791.1	mmXP_036171736.1	0.809	184	34	0	1	180	1	184	4.832E-95	306
NP_002172.2	mmXP_036174437.1	0.946	412	22	0	1	411	1	412	1.555E-266	814
NP_000563.1	mmXP_036200641.1	0.824	177	31	0	1	177	1	177	2.176E-94	304
NP_000632.1	mmXP_036162624.1	0.914	199	17	0	1	199	1	199	2.686E-119	377
XP_005247492.1	mmXP_036204470.1	0.796	206	42	0	35	239	1	206	3.738E-101	327
NP_002178.2	mmXP_036170897.1	0.820	329	59	0	1	328	1	329	8.709E-188	582
NP_002178.2	mmXP_036170899.1	0.820	329	59	0	1	328	1	329	8.709E-188	582
NP_005238.1	mmXP_036179817.1	0.909	220	19	0	1	215	1	220	5.641E-131	413
NP_001998.1	mmXP_036179818.1	0.907	206	19	0	1	206	1	206	2.812E-122	386
XP_006718538.1	mmXP_036179818.1	0.907	206	19	0	1	206	1	206	2.812E-122	386
NP_000890.1	mmXP_036153665.1	0.811	271	51	0	4	273	19	289	8.881E-143	449
NP_001186788.1	mmXP_036193958.1	0.927	497	36	0	1	497	1	495	2.470E-323	983
NP_001112359.1	mmXP_036159802.1	0.804	495	97	0	1	495	1	494	2.495E-277	850
NP_001138.1	mmXP_036159803.1	0.804	496	97	0	1	496	1	495	5.297E-278	852
NP_057069.1	mmXP_036167521.1	0.647	501	174	0	1	501	1	493	1.922E-203	637
NP_001137279.1	mmXP_036181584.1	0.975	247	6	0	1	247	1	247	4.501E-163	506
NP_005400.1	mmXP_036192867.1	0.819	94	17	0	1	94	32	125	3.247E-49	169
NP_000600.1	mmXP_036211840.1	0.924	93	7	0	1	93	1	93	3.754E-55	186
NP_002986.1	mmXP_036200827.1	0.684	111	34	0	1	111	1	109	6.291E-44	155
NP_001183980.1	mmXP_036181678.1	0.952	572	27	0	1	569	1	572	0.000E+00	1125
NP_001165095.1	mmXP_036172778.1	0.919	187	15	0	29	215	1	186	1.151E-119	379
NP_000566.3	mmXP_036167549.1	0.700	269	80	0	1	269	1	267	8.810E-116	371
NP_000566.3	mmXP_036167550.1	0.700	269	80	0	1	269	1	267	8.810E-116	371
NP_065723.1	mmXP_036200276.1	0.911	102	9	0	1	102	1	102	2.136E-58	196
NP_065723.1	mmXP_036200277.1	0.911	102	9	0	1	102	1	102	2.136E-58	196
XP_006711531.1	mmXP_036200276.1	0.911	102	9	0	1	102	1	102	2.136E-58	196
XP_006711531.1	mmXP_036200277.1	0.911	102	9	0	1	102	1	102	2.136E-58	196
NP_525127.1	mmXP_036199861.1	0.902	103	10	0	1	103	1	103	1.010E-57	194
NP_525127.1	mmXP_036199862.1	0.902	103	10	0	1	103	1	103	1.010E-57	194
NP_525127.1	mmXP_036199863.1	0.902	103	10	0	1	103	1	103	1.010E-57	194
NP_525127.1	mmXP_036199864.1	0.902	103	10	0	1	103	1	103	1.010E-57	194
NP_525127.1	mmXP_036199865.1	0.902	103	10	0	1	103	23	125	1.010E-57	194
XP_005244962.1	mmXP_036199861.1	0.902	103	10	0	1	103	1	103	1.010E-57	194
XP_005244962.1	mmXP_036199862.1	0.902	103	10	0	1	103	1	103	1.010E-57	194
XP_005244962.1	mmXP_036199863.1	0.902	103	10	0	1	103	1	103	1.010E-57	194
XP_005244962.1	mmXP_036199864.1	0.902	103	10	0	1	103	1	103	1.010E-57	194
XP_005244962.1	mmXP_036199865.1	0.902	103	10	0	1	103	23	125	1.010E-57	194
XP_005244963.1	mmXP_036199861.1	0.902	103	10	0	1	103	1	103	1.010E-57	194
XP_005244963.1	mmXP_036199862.1	0.902	103	10	0	1	103	1	103	1.010E-57	194
XP_005244963.1	mmXP_036199863.1	0.902	103	10	0	1	103	1	103	1.010E-57	194
XP_005244963.1	mmXP_036199864.1	0.902	103	10	0	1	103	1	103	1.010E-57	194
XP_005244963.1	mmXP_036199865.1	0.902	103	10	0	1	103	23	125	1.010E-57	194
NP_005969.1	mmXP_036199975.1	0.855	97	14	0	1	97	1	97	1.524E-50	173
NP_005969.1	mmXP_036199977.1	0.855	97	14	0	1	97	1	97	1.524E-50	173
NP_002951.1	mmXP_036199593.1	0.920	101	8	0	1	101	1	101	1.119E-63	211
NP_002951.1	mmXP_036199592.1	0.920	101	8	0	1	101	11	111	1.119E-63	211
NP_002951.1	mmXP_036199590.1	0.920	101	8	0	1	101	14	114	1.119E-63	211
XP_005245176.1	mmXP_036211102.1	0.943	766	44	0	1	766	1	766	0.000E+00	1545
XP_005245176.1	mmXP_036211103.1	0.943	766	44	0	1	766	1	766	0.000E+00	1545
XP_005245176.1	mmXP_036211104.1	0.943	766	44	0	1	766	1	766	0.000E+00	1545
XP_005245177.1	mmXP_036211102.1	0.943	766	44	0	1	766	1	766	0.000E+00	1545
XP_005245177.1	mmXP_036211103.1	0.943	766	44	0	1	766	1	766	0.000E+00	1545
XP_005245177.1	mmXP_036211104.1	0.943	766	44	0	1	766	1	766	0.000E+00	1545
NP_001720.1	mmXP_036192305.1	0.752	178	42	0	1	178	1	171	1.037E-85	279
NP_001007538.1	mmXP_036157647.1	0.873	332	42	0	1	332	1	332	3.519E-209	644
NP_004343.1	mmXP_036202213.1	0.989	193	2	0	1	193	1	193	2.543E-125	394
NP_872317.1	mmXP_036179694.1	0.950	224	11	0	1	224	1	224	3.544E-137	430
NP_872317.1	mmXP_036179695.1	0.950	224	11	0	1	224	1	224	3.544E-137	430
XP_006722457.1	mmXP_036179694.1	0.950	224	11	0	1	224	1	224	3.544E-137	430
XP_006722457.1	mmXP_036179695.1	0.950	224	11	0	1	224	1	224	3.544E-137	430
NP_001034860.1	mmXP_036210269.1	0.946	205	11	0	1	205	1	205	1.521E-128	404
NP_597716.1	mmXP_036178878.1	0.887	409	46	0	1	406	1	409	1.480E-264	808
XP_005266705.1	mmXP_036178878.1	0.887	409	46	0	1	406	1	409	1.480E-264	808
NP_001936.1	mmXP_036169041.1	0.889	209	23	0	1	208	1	209	4.507E-118	374
NP_005325.2	mmXP_036160489.1	0.923	2050	157	0	1	2035	1	2050	0.000E+00	3811
XP_006724879.1	mmXP_036160484.1	0.923	2094	160	0	1	2079	1	2094	0.000E+00	3889
XP_006724878.1	mmXP_036160483.1	0.923	2095	160	0	1	2080	1	2095	0.000E+00	3890
NP_037452.1	mmXP_036153888.1	0.939	792	48	0	1	792	1	792	0.000E+00	1579
NP_000592.3	mmXP_036184239.1	0.924	730	55	0	1	728	1	730	0.000E+00	1531
NP_001710.1	mmXP_036178712.1	0.979	431	9	0	1	431	1	431	1.631E-293	893
NP_001711.2	mmXP_036204275.1	0.900	402	40	0	1	402	1	402	1.185E-247	759
NP_066988.1	mmXP_036200701.1	0.945	783	43	0	1	783	1	783	0.000E+00	1566
XP_005245436.1	mmXP_036200701.1	0.945	783	43	0	1	783	1	783	0.000E+00	1566
NP_950252.1	mmXP_036211102.1	0.943	766	44	0	1	766	1	766	0.000E+00	1545
NP_950252.1	mmXP_036211103.1	0.943	766	44	0	1	766	1	766	0.000E+00	1545
NP_950252.1	mmXP_036211104.1	0.943	766	44	0	1	766	1	766	0.000E+00	1545
XP_005245174.1	mmXP_036211102.1	0.943	766	44	0	1	766	1	766	0.000E+00	1545
XP_005245174.1	mmXP_036211103.1	0.943	766	44	0	1	766	1	766	0.000E+00	1545
XP_005245174.1	mmXP_036211104.1	0.943	766	44	0	1	766	1	766	0.000E+00	1545
XP_005245175.1	mmXP_036211102.1	0.943	766	44	0	1	766	1	766	0.000E+00	1545
XP_005245175.1	mmXP_036211103.1	0.943	766	44	0	1	766	1	766	0.000E+00	1545
XP_005245175.1	mmXP_036211104.1	0.943	766	44	0	1	766	1	766	0.000E+00	1545
NP_001257918.1	mmXP_036192210.1	0.759	154	36	0	1	154	1	151	1.070E-73	243
NP_001257921.1	mmXP_036192254.1	0.699	103	30	0	1	103	1	100	2.274E-41	147
NP_003227.1	mmXP_036190097.1	0.912	160	14	0	1	160	1	160	6.969E-98	313
NP_002952.1	mmXP_036199594.1	0.900	101	10	0	1	101	1	101	1.845E-58	196
NP_062427.1	mmXP_036199594.1	0.900	101	10	0	1	101	1	101	1.845E-58	196
NP_002953.2	mmXP_036200857.1	0.946	93	5	0	1	92	1	93	2.172E-52	178
XP_005245487.1	mmXP_036200857.1	0.946	93	5	0	19	110	1	93	5.204E-52	178
XP_005245487.1	mmXP_036200857.1	0.946	93	5	0	19	110	1	93	5.204E-52	178
NP_002954.2	mmXP_036207924.1	0.643	101	36	0	1	101	1	101	1.687E-43	153
XP_005245488.1	mmXP_036207924.1	0.643	101	36	0	1	101	1	101	1.687E-43	153
NP_000184.1	mmXP_036212115.1	0.906	462	42	0	1	462	4	452	2.715E-277	848
NP_001008536.1	mmXP_036199056.1	0.535	904	371	0	1	904	1	798	3.334E-272	857
NP_004581.1	mmXP_036195460.1	0.651	109	37	0	1	107	62	170	1.369E-38	140
NP_002978.1	mmXP_036201690.1	0.648	94	33	0	1	94	1	94	4.966E-37	134
NP_795372.1	mmXP_036185054.1	0.698	189	57	0	1	189	1	189	2.209E-83	274
NP_001954.2	mmXP_036199135.1	0.784	1208	260	0	1	1207	4	1211	0.000E+00	2073
NP_009016.1	mmXP_036205648.1	0.980	308	6	0	1	308	2	309	1.832E-212	652
NP_004855.2	mmXP_036167660.1	0.671	295	97	0	14	308	1	295	1.537E-127	407
NP_000548.2	mmXP_036178996.1	0.956	501	22	0	1	501	1	499	0.000E+00	1008
NP_001244136.1	mmXP_036170249.1	0.954	155	7	0	1	155	1	155	1.006E-99	318
NP_001244136.1	mmXP_036170250.1	0.954	155	7	0	1	155	1	155	1.006E-99	318
NP_001244136.1	mmXP_036170251.1	0.954	155	7	0	1	155	1	155	1.006E-99	318
NP_001244136.1	mmXP_036170252.1	0.954	155	7	0	1	155	1	155	1.006E-99	318
NP_006410.1	mmXP_036160158.1	0.473	93	48	0	1	93	1	93	3.772E-23	95
XP_006714126.1	mmXP_036160158.1	0.473	93	48	0	1	93	1	93	3.772E-23	95
NP_004878.2	mmXP_036170741.1	0.959	99	4	0	13	111	1	99	1.103E-60	203
NP_002081.2	mmXP_036192126.1	0.711	111	30	0	4	107	5	115	2.030E-44	156
NP_002985.1	mmXP_036192054.1	0.612	111	42	0	1	109	1	111	4.218E-40	144
NP_000575.1	mmXP_036193871.1	0.701	97	29	0	1	97	1	97	2.081E-40	144
NP_002407.1	mmXP_036192757.1	0.712	125	35	0	1	124	1	125	1.934E-53	183
NP_066382.1	mmXP_036155850.1	0.967	396	13	0	1	396	1	396	1.341E-260	796
NP_000609.1	mmXP_036155908.1	0.928	153	11	0	1	153	1	153	6.045E-96	307
NP_001104754.1	mmXP_036155909.1	0.927	137	10	0	1	137	1	137	8.138E-85	274
NP_001104755.1	mmXP_036155904.1	0.887	187	21	0	1	186	1	187	9.605E-112	355
NP_000603.1	mmXP_036171735.1	0.809	184	34	0	1	180	1	184	4.832E-95	306
NP_000603.1	mmXP_036171736.1	0.809	184	34	0	1	180	1	184	4.832E-95	306
NP_001007140.2	mmXP_036171735.1	0.809	184	34	0	1	180	1	184	4.832E-95	306
NP_001007140.2	mmXP_036171736.1	0.809	184	34	0	1	180	1	184	4.832E-95	306
NP_002179.2	mmXP_036171202.1	0.687	131	40	0	15	145	1	129	2.781E-51	178
NP_000576.1	mmXP_036169801.1	0.802	162	32	0	1	162	1	162	1.323E-83	272
NP_000576.1	mmXP_036169802.1	0.802	162	32	0	1	162	1	162	1.323E-83	272
NP_000576.1	mmXP_036169803.1	0.802	162	32	0	1	162	1	162	1.323E-83	272
NP_000576.1	mmXP_036169804.1	0.802	162	32	0	1	162	1	162	1.323E-83	272
NP_996890.1	mmXP_036196387.1	0.858	92	13	0	1	92	1	92	2.660E-50	172
NP_002976.2	mmXP_036196644.1	0.824	91	16	0	1	91	1	91	3.103E-48	166
NP_001005609.1	mmXP_036161016.1	0.933	389	26	0	1	389	1	389	4.487E-252	771
NP_004105.1	mmXP_036160367.1	0.991	245	2	0	1	245	1	245	2.223E-161	501
XP_005262456.1	mmXP_036160365.1	0.992	255	2	0	1	255	1	255	3.103E-171	530
XP_005262456.1	mmXP_036160366.1	0.992	255	2	0	1	255	1	255	3.103E-171	530
NP_004106.1	mmXP_036155290.1	0.995	247	1	0	1	247	1	247	1.844E-164	510
NP_787125.1	mmXP_036155291.1	0.996	252	1	0	1	252	1	252	2.451E-172	533
NP_003859.1	mmXP_036162028.1	0.980	207	4	0	1	207	1	207	1.312E-139	436
NP_003858.1	mmXP_036169642.1	0.967	216	7	0	1	216	1	216	1.830E-140	439
NP_001450.2	mmXP_036162976.1	0.767	227	52	0	1	226	1	227	2.368E-104	336
NP_001450.2	mmXP_036162975.1	0.767	227	52	0	1	226	58	284	2.368E-104	336
NP_001454.2	mmXP_036176589.1	0.972	325	9	0	1	325	140	464	4.312E-220	675
NP_006341.1	mmXP_036165250.1	0.949	317	16	0	1	317	1	317	4.530E-224	686
NP_078613.1	mmXP_036198888.1	0.966	392	13	0	1	391	1	392	1.128E-268	819
NP_001177397.1	mmXP_036166797.1	0.957	211	9	0	18	228	1	211	1.045E-135	426
NP_009122.2	mmXP_036156048.1	0.955	379	17	0	1	379	1	379	7.035E-268	816
NP_005421.1	mmXP_036155504.1	0.991	370	3	0	1	370	1	370	7.312E-263	801
NP_079492.2	mmXP_036176408.1	0.949	418	21	0	1	417	1	418	1.049E-282	861
NP_003385.2	mmXP_036156988.1	0.969	391	12	0	1	389	1	391	2.080E-269	821
NP_003385.2	mmXP_036156989.1	0.969	391	12	0	1	389	1	391	2.080E-269	821
NP_003385.2	mmXP_036156990.1	0.969	391	12	0	1	389	1	391	2.080E-269	821
NP_004617.2	mmXP_036180810.1	0.985	354	5	0	1	354	1	354	3.068E-247	755
NP_004617.2	mmXP_036180811.1	0.985	354	5	0	1	354	1	354	3.068E-247	755
XP_005274288.1	mmXP_036180810.1	0.985	354	5	0	1	354	1	354	3.068E-247	755
XP_005274288.1	mmXP_036180811.1	0.985	354	5	0	1	354	1	354	3.068E-247	755
NP_476509.1	mmXP_036184743.1	0.915	365	31	0	1	365	1	361	1.814E-241	739
NP_004741.1	mmXP_036167651.1	0.971	422	12	0	1	422	1	421	1.547E-289	881
NP_057070.3	mmXP_036196479.1	0.970	438	13	0	5	442	1	438	6.641E-292	889
NP_057274.1	mmXP_036199345.1	0.575	544	210	0	1	495	1	544	4.047E-181	572
XP_006711409.1	mmXP_036199345.1	0.575	544	210	0	1	495	1	544	4.047E-181	572
NP_000748.3	mmXP_036198683.1	0.669	554	182	0	1	554	73	623	7.616E-231	719
NP_000748.3	mmXP_036198684.1	0.669	554	182	0	1	554	73	623	7.616E-231	719
NP_757350.1	mmXP_036198686.1	0.683	257	81	0	1	256	73	329	1.025E-106	344
NP_757351.1	mmXP_036198683.1	0.669	554	182	0	1	554	73	623	7.616E-231	719
NP_757351.1	mmXP_036198684.1	0.669	554	182	0	1	554	73	623	7.616E-231	719
NP_000749.2	mmXP_036170037.1	0.673	144	47	0	1	144	1	144	2.145E-61	207
NP_071920.1	mmXP_036170362.1	0.948	700	36	0	1	700	1	700	0.000E+00	1437
NP_000591.1	mmXP_036183813.1	0.585	210	85	0	1	210	1	207	5.516E-75	250
NP_000871.1	mmXP_036194648.1	0.666	177	58	0	1	177	1	176	6.875E-73	242
NP_001186815.1	mmXP_036194650.1	0.684	133	41	0	1	133	1	132	4.225E-57	194
NP_000581.1	mmXP_036168495.1	0.683	139	44	0	1	139	1	139	1.946E-62	210
NP_002182.1	mmXP_036175221.1	0.832	364	61	0	3	366	5	367	1.947E-206	638
NP_002183.1	mmXP_036183327.1	0.927	426	31	0	1	426	1	426	3.039E-275	840
NP_002183.1	mmXP_036183328.1	0.927	426	31	0	1	426	1	426	3.039E-275	840
NP_002184.2	mmXP_036176283.1	0.970	407	12	0	1	407	1	407	4.687E-278	847
NP_001073966.2	mmXP_036185742.1	0.855	602	87	0	1	602	1	602	0.000E+00	1106
NP_066278.3	mmXP_036189716.1	0.849	724	109	0	2	725	167	890	0.000E+00	1390
NP_005250.1	mmXP_036176745.1	0.914	375	32	0	1	375	1	375	1.429E-240	737
NP_002497.2	mmXP_036200469.1	0.908	241	22	0	1	241	1	241	3.080E-147	460
XP_006710726.1	mmXP_036200469.1	0.908	241	22	0	1	241	1	241	3.080E-147	460
XP_006710727.1	mmXP_036200469.1	0.908	241	22	0	1	241	1	241	3.080E-147	460
XP_006710728.1	mmXP_036200469.1	0.908	241	22	0	1	241	1	241	3.080E-147	460
NP_060525.3	mmXP_036192873.1	0.830	347	59	0	1	347	1	347	4.117E-197	610
NP_002955.2	mmXP_036200162.1	0.617	89	34	0	1	89	1	89	5.819E-35	128
NP_002955.2	mmXP_036200163.1	0.617	89	34	0	1	89	1	89	5.819E-35	128
NP_002956.1	mmXP_036199544.1	0.633	109	39	0	5	110	1	109	4.663E-39	141
NP_002956.1	mmXP_036199545.1	0.633	109	39	0	5	110	1	109	4.663E-39	141
NP_006263.1	mmXP_036208184.1	0.945	92	5	0	1	92	1	92	1.604E-55	187
NP_004048.1	mmXP_036161156.1	0.822	79	14	0	1	79	1	79	4.809E-38	136
NP_570128.2	mmXP_036163671.1	0.642	95	32	0	9	99	1	95	4.263E-33	123
NP_766638.2	mmXP_036157027.1	0.899	988	100	0	1	988	1	987	0.000E+00	2008
NP_001129071.1	mmXP_036210824.1	0.981	442	8	0	1	442	1	442	2.651E-302	919
NP_005083.2	mmXP_036198121.1	0.649	177	62	0	23	199	1	177	9.629E-80	263
NP_001235.1	mmXP_036185700.1	0.799	234	47	0	1	234	1	234	1.445E-126	400
NP_003802.1	mmXP_036169939.1	0.596	250	96	0	1	250	1	238	2.151E-79	265
XP_006722994.1	mmXP_036169939.1	0.596	250	96	0	1	250	1	238	2.151E-79	265
NP_000538.3	mmXP_036191352.1	0.701	883	258	0	1	883	72	936	0.000E+00	1294
NP_001193673.1	mmXP_036191352.1	0.701	883	258	0	1	883	72	936	0.000E+00	1294
NP_443112.2	mmXP_036209110.1	0.779	263	58	0	1	263	6	268	9.774E-137	431
NP_000939.1	mmXP_036203100.1	0.562	261	99	0	1	227	6	266	4.560E-93	303
NP_001029058.1	mmXP_036211839.1	0.932	119	8	0	1	119	1	119	1.218E-71	235
NP_954637.1	mmXP_036211838.1	0.932	89	6	0	1	89	1	89	8.405E-53	179
NP_056322.2	mmXP_036161318.1	0.815	368	68	0	1	368	1	367	9.229E-219	684
NP_057299.1	mmXP_036162869.1	0.776	272	58	0	1	272	1	262	6.136E-147	461
NP_958854.1	mmXP_036162869.1	0.776	272	58	0	1	272	1	262	6.136E-147	461
NP_085155.1	mmXP_036212266.1	0.832	297	49	0	1	293	1	297	7.549E-172	534
NP_000585.2	mmXP_036212554.1	0.810	237	44	0	1	233	1	237	9.020E-123	389
NP_003801.1	mmXP_036205337.1	0.684	284	88	0	1	281	1	284	5.545E-126	401
NP_003692.1	mmXP_036156693.1	0.903	321	31	0	1	317	1	321	2.742E-195	603
NP_003800.1	mmXP_036197324.1	0.871	249	32	0	1	249	1	248	9.453E-139	436
NP_003367.4	mmXP_036172778.1	0.919	187	15	0	209	395	1	186	2.943E-116	379
NP_001230662.1	mmXP_036182726.1	0.946	188	10	0	1	188	1	188	4.455E-125	393
NP_005529.1	mmXP_036156173.1	0.838	352	57	0	1	352	1	352	1.382E-194	603
NP_113667.1	mmXP_036155988.1	0.831	351	59	0	1	350	1	351	2.332E-196	608
NP_000198.1	mmXP_036171734.1	0.800	110	21	0	1	110	1	106	4.260E-54	184
NP_001172026.1	mmXP_036171734.1	0.800	110	21	0	1	110	1	106	4.260E-54	184
NP_001172027.1	mmXP_036171734.1	0.800	110	21	0	1	110	1	106	4.260E-54	184
NP_001137288.1	mmXP_036181584.1	0.975	247	6	0	1	247	1	247	4.501E-163	506
NP_001700.2	mmXP_036181584.1	0.975	247	6	0	1	247	1	247	4.501E-163	506
NP_733927.1	mmXP_036181585.1	0.976	254	6	0	2	255	5	258	4.110E-168	521
NP_733929.1	mmXP_036181584.1	0.975	247	6	0	1	247	1	247	4.501E-163	506
NP_733930.1	mmXP_036181585.1	0.976	254	6	0	9	262	5	258	5.717E-168	521
NP_733931.1	mmXP_036181584.1	0.975	247	6	0	1	247	1	247	4.501E-163	506
NP_055297.1	mmXP_036190180.1	0.912	424	37	0	1	424	1	424	1.847E-262	803
NP_005439.2	mmXP_036161841.1	0.746	395	99	0	1	392	10	404	5.923E-198	615
NP_001191.1	mmXP_036177711.1	0.952	396	19	0	1	396	1	395	3.581E-258	789
NP_001191.1	mmXP_036177710.1	0.952	396	19	0	1	396	46	440	3.581E-258	789
NP_003853.1	mmXP_036168595.1	0.990	206	2	0	1	206	1	206	7.129E-138	431
NP_001172085.1	mmXP_036200394.1	0.712	181	52	0	27	207	3	183	1.144E-81	269
NP_001172085.1	mmXP_036200395.1	0.712	181	52	0	27	207	3	183	1.144E-81	269
NP_001172085.1	mmXP_036200396.1	0.712	181	52	0	27	207	3	183	1.144E-81	269
NP_001172085.1	mmXP_036200397.1	0.712	181	52	0	27	207	3	183	1.144E-81	269
NP_006841.1	mmXP_036200394.1	0.712	181	52	0	26	206	3	183	1.094E-81	269
NP_006841.1	mmXP_036200395.1	0.712	181	52	0	26	206	3	183	1.094E-81	269
NP_006841.1	mmXP_036200396.1	0.712	181	52	0	26	206	3	183	1.094E-81	269
NP_006841.1	mmXP_036200397.1	0.712	181	52	0	26	206	3	183	1.094E-81	269
NP_009110.2	mmXP_036186968.1	0.578	209	87	0	1	208	1	209	9.090E-70	235
NP_543016.1	mmXP_036177158.1	0.935	464	30	0	1	464	1	464	3.896E-309	940
NP_954993.1	mmXP_036170049.1	0.516	565	227	0	7	571	7	477	2.251E-168	539
NP_003985.2	mmXP_036153669.1	0.794	243	50	0	4	245	19	261	2.635E-125	397
NP_115821.2	mmXP_036161316.1	0.871	1140	135	0	1	1044	1	1140	0.000E+00	2316
NP_001400.3	mmXP_036203864.1	0.769	1531	341	0	1	1531	1	1479	0.000E+00	2822
NP_001258867.1	mmXP_036201453.1	0.936	2845	178	0	1	2845	1	2789	0.000E+00	5925
XP_005253090.2	mmXP_036181205.1	0.891	1025	109	0	1	999	1	1025	0.000E+00	2020
NP_689966.2	mmXP_036173748.1	0.965	993	35	0	1	993	1	993	0.000E+00	2156
NP_003003.3	mmXP_036155836.1	0.955	314	14	0	1	314	1	314	1.201E-211	650
NP_003004.1	mmXP_036171059.1	0.976	295	7	0	1	295	1	294	1.499E-199	614
NP_003005.2	mmXP_036183352.1	0.947	346	18	0	1	346	97	442	1.711E-232	712
NP_003006.2	mmXP_036192308.1	0.962	317	12	0	1	317	1	315	4.708E-215	660
NP_056239.3	mmXP_036177547.1	0.891	452	49	0	1	451	1	452	5.827E-298	907
NP_037378.1	mmXP_036182359.1	0.977	225	5	0	1	225	1	225	3.699E-154	479
NP_000605.1	mmXP_036181688.1	0.834	199	33	0	1	199	1	199	3.586E-108	345
NP_001873.2	mmXP_036166374.1	0.903	322	31	0	1	322	53	374	1.987E-201	621
NP_001873.2	mmXP_036166375.1	0.903	322	31	0	1	322	53	374	1.987E-201	621
NP_757373.1	mmXP_036198039.1	0.791	197	41	0	10	204	1	197	8.353E-101	324
NP_001276957.1	mmXP_036208320.1	0.775	352	77	0	1	352	1	345	2.600E-170	533
NP_001276926.1	mmXP_036208322.1	0.800	286	56	0	1	286	1	279	6.409E-153	479
NP_001276956.1	mmXP_036208322.1	0.800	286	56	0	1	286	1	279	6.409E-153	479
NP_001278826.1	mmXP_036171734.1	0.800	110	21	0	1	110	1	106	4.260E-54	184
NP_005534.2	mmXP_036170212.1	0.757	134	32	0	1	131	76	209	4.754E-63	211
NP_002598.4	mmXP_036169296.1	0.886	211	24	0	1	211	138	348	1.205E-125	396
XP_006715796.1	mmXP_036169296.1	0.886	211	24	0	1	211	138	348	1.205E-125	396
NP_002599.1	mmXP_036156734.1	0.854	241	35	0	1	241	1	241	6.515E-139	436
