NP_000538.3	moXP_036119159.1	0.703	873	256	0	1	873	1	864	0.000E+00	1292
NP_000568.1	moXP_036118723.1	0.822	158	28	0	1	158	1	158	5.062E-88	284
NP_776214.1	moXP_036118722.1	0.801	176	35	0	1	176	1	176	2.718E-95	306
NP_003384.2	moXP_036121579.1	0.977	351	8	0	1	351	3	353	1.124E-243	744
NP_001136016.1	moXP_036136338.1	0.850	200	30	0	1	200	1	199	1.840E-102	328
NP_001321.1	moXP_036136337.1	0.850	201	30	0	1	201	1	200	3.898E-103	330
NP_002987.1	moXP_036131079.1	0.572	424	169	0	1	397	1	424	1.361E-140	449
NP_033666.1	moXP_036105310.1	0.727	77	20	0	1	77	1	76	2.242E-25	99
NP_001012333.1	moXP_036115203.1	0.930	143	10	0	1	143	1	143	6.530E-94	300
NP_001012334.1	moXP_036115203.1	0.930	143	10	0	1	143	1	143	6.530E-94	300
NP_005970.1	moXP_036128998.1	0.897	98	10	0	1	98	1	98	1.886E-52	178
NP_005970.1	moXP_036128999.1	0.897	98	10	0	1	98	1	98	1.886E-52	178
NP_005970.1	moXP_036129000.1	0.897	98	10	0	1	98	1	98	1.886E-52	178
XP_005245491.1	moXP_036128998.1	0.897	98	10	0	1	98	1	98	1.886E-52	178
XP_005245491.1	moXP_036128999.1	0.897	98	10	0	1	98	1	98	1.886E-52	178
XP_005245491.1	moXP_036129000.1	0.897	98	10	0	1	98	1	98	1.886E-52	178
NP_065723.1	moXP_036129084.1	0.941	103	6	0	1	103	1	103	5.083E-61	203
XP_005245419.1	moXP_036129084.1	0.941	103	6	0	1	103	1	103	5.083E-61	203
XP_006711531.1	moXP_036129084.1	0.941	103	6	0	1	103	1	103	5.083E-61	203
NP_525127.1	moXP_036128963.1	0.912	103	9	0	1	103	1	103	2.654E-59	198
NP_525127.1	moXP_036128964.1	0.912	103	9	0	1	103	1	103	2.654E-59	198
NP_525127.1	moXP_036128965.1	0.912	103	9	0	1	103	1	103	2.654E-59	198
XP_005244962.1	moXP_036128963.1	0.912	103	9	0	1	103	1	103	2.654E-59	198
XP_005244962.1	moXP_036128964.1	0.912	103	9	0	1	103	1	103	2.654E-59	198
XP_005244962.1	moXP_036128965.1	0.912	103	9	0	1	103	1	103	2.654E-59	198
XP_005244963.1	moXP_036128963.1	0.912	103	9	0	1	103	1	103	2.654E-59	198
XP_005244963.1	moXP_036128964.1	0.912	103	9	0	1	103	1	103	2.654E-59	198
XP_005244963.1	moXP_036128965.1	0.912	103	9	0	1	103	1	103	2.654E-59	198
NP_005969.1	moXP_036128899.1	0.886	97	11	0	1	97	1	97	3.271E-54	183
NP_002951.1	moXP_036129445.1	0.841	101	16	0	1	101	1	101	5.362E-59	197
NP_110402.2	moXP_036107949.1	0.922	359	28	0	1	359	1	358	1.170E-238	730
NP_116031.1	moXP_036107949.1	0.922	359	28	0	1	359	1	358	1.170E-238	730
NP_006513.1	moXP_036110695.1	0.956	365	16	0	1	365	1	365	1.499E-247	756
NP_004616.2	moXP_036099585.1	0.962	349	13	0	1	349	1	346	3.613E-238	728
NP_478679.1	moXP_036134075.1	0.991	349	3	0	1	349	1	349	3.177E-248	757
NP_490645.1	moXP_036137567.1	0.914	350	30	0	1	350	1	349	5.418E-226	693
NP_004343.1	moXP_036131530.1	0.989	193	2	0	1	193	1	193	1.646E-125	394
NP_872317.1	moXP_036101479.1	0.955	224	10	0	1	224	1	224	1.032E-137	431
XP_006722457.1	moXP_036101479.1	0.955	224	10	0	1	224	1	224	1.032E-137	431
NP_542184.1	moXP_036101445.1	0.985	201	3	0	1	201	1	201	1.991E-127	400
NP_597716.1	moXP_036101417.1	0.877	407	50	0	1	406	1	407	2.128E-264	807
XP_005266705.1	moXP_036101417.1	0.877	407	50	0	1	406	1	407	2.128E-264	807
XP_006722456.1	moXP_036101417.1	0.877	407	50	0	1	406	1	407	2.128E-264	807
NP_001257479.1	moXP_036115203.1	0.930	143	10	0	1	143	1	143	6.530E-94	300
NP_001257480.1	moXP_036115203.1	0.930	143	10	0	1	143	1	143	6.530E-94	300
NP_001230662.1	moXP_036114528.1	0.957	188	8	0	1	188	1	188	1.179E-126	397
NP_003368.1	moXP_036114527.1	0.946	207	11	0	1	207	1	207	3.332E-133	417
NP_005420.1	moXP_036106173.1	0.832	347	58	0	70	416	1	347	4.333E-219	677
NP_940972.2	moXP_036103291.1	0.916	325	27	0	1	325	74	398	3.361E-218	669
NP_001073969.1	moXP_036110238.1	0.981	222	4	0	1	222	1	222	1.631E-165	511
NP_444514.1	moXP_036136602.1	0.867	548	73	0	1	548	1	547	0.000E+00	1024
NP_005439.2	moXP_036127518.1	0.744	394	100	0	1	392	1	394	2.477E-194	604
NP_001191.1	moXP_036100977.1	0.941	396	23	0	1	396	1	395	1.144E-257	787
NP_001192.2	moXP_036129583.1	0.882	475	56	0	1	472	1	475	4.297E-281	859
NP_001139117.1	moXP_036106172.1	0.808	268	51	0	1	266	1	268	1.940E-134	424
NP_006564.1	moXP_036106171.1	0.810	287	54	0	1	285	1	287	7.552E-146	458
NP_003798.2	moXP_036096897.1	0.747	241	60	0	1	240	1	241	1.283E-117	374
NP_001244138.1	moXP_036097338.1	0.903	155	15	0	1	155	1	155	9.582E-96	306
NP_001244138.1	moXP_036097339.1	0.903	155	15	0	1	155	1	155	9.582E-96	306
NP_001244138.1	moXP_036097340.1	0.903	155	15	0	1	155	1	155	9.582E-96	306
NP_001244138.1	moXP_036097341.1	0.903	155	15	0	1	155	1	155	9.582E-96	306
NP_001244138.1	moXP_036097342.1	0.903	155	15	0	1	155	1	155	9.582E-96	306
NP_001244138.1	moXP_036097343.1	0.903	155	15	0	1	155	1	155	9.582E-96	306
NP_001244139.1	moXP_036097338.1	0.903	155	15	0	1	155	1	155	9.582E-96	306
NP_001244139.1	moXP_036097339.1	0.903	155	15	0	1	155	1	155	9.582E-96	306
NP_001244139.1	moXP_036097340.1	0.903	155	15	0	1	155	1	155	9.582E-96	306
NP_001244139.1	moXP_036097341.1	0.903	155	15	0	1	155	1	155	9.582E-96	306
NP_001244139.1	moXP_036097342.1	0.903	155	15	0	1	155	1	155	9.582E-96	306
NP_001244139.1	moXP_036097343.1	0.903	155	15	0	1	155	1	155	9.582E-96	306
NP_004456.1	moXP_036136108.1	0.943	212	12	0	1	208	1	212	1.300E-135	424
NP_001276927.1	moXP_036099315.1	0.778	352	78	0	1	352	1	351	3.119E-172	538
NP_001276932.1	moXP_036099315.1	0.778	352	78	0	141	492	1	351	1.346E-169	538
NP_001276951.1	moXP_036099316.1	0.775	348	78	0	1	348	1	347	3.417E-169	529
NP_001276955.1	moXP_036099317.1	0.818	319	58	0	1	319	1	319	9.341E-178	552
NP_001276956.1	moXP_036099318.1	0.839	286	46	0	1	286	1	286	4.013E-162	505
NP_001483.3	moXP_036096357.1	0.747	372	93	0	1	372	1	370	3.895E-179	559
NP_004953.1	moXP_036121870.1	0.841	478	75	0	1	478	1	474	2.841E-271	831
NP_005802.1	moXP_036108351.1	0.985	407	6	0	1	407	1	405	2.767E-279	850
XP_006719256.1	moXP_036108351.1	0.985	407	6	0	1	407	1	405	2.767E-279	850
XP_006719257.1	moXP_036108351.1	0.985	407	6	0	1	407	1	405	2.767E-279	850
NP_000580.1	moXP_036097693.1	0.516	149	63	0	1	149	1	132	1.418E-40	147
NP_000870.1	moXP_036137586.1	0.641	134	48	0	1	134	1	134	2.817E-49	171
NP_000591.1	moXP_036103442.1	0.557	210	91	0	1	210	1	207	2.115E-72	242
NP_000871.1	moXP_036120100.1	0.683	177	56	0	1	177	1	177	6.161E-78	256
NP_001186815.1	moXP_036120103.1	0.691	133	41	0	1	133	1	133	1.010E-59	201
NP_001186816.1	moXP_036120101.1	0.691	159	49	0	1	159	1	159	5.245E-71	235
NP_000581.1	moXP_036138041.1	0.683	139	44	0	1	139	1	139	5.662E-63	211
NP_039258.1	moXP_036105643.1	0.923	641	49	0	1	640	1	641	0.000E+00	1222
NP_001171864.1	moXP_036096667.1	0.939	784	48	0	1	784	1	782	0.000E+00	1514
NP_001171864.1	moXP_036096667.1	0.939	784	48	0	1	784	1	782	0.000E+00	1514
NP_004874.1	moXP_036096663.1	0.943	850	48	0	1	850	1	848	0.000E+00	1662
NP_053584.1	moXP_036096666.1	0.943	844	48	0	1	844	1	842	0.000E+00	1647
NP_053585.1	moXP_036096664.1	0.944	858	48	0	1	858	1	856	0.000E+00	1678
NP_053586.1	moXP_036096665.1	0.943	852	48	0	1	852	1	850	0.000E+00	1664
NP_001010848.2	moXP_036120987.1	0.918	710	57	0	1	696	1	710	0.000E+00	1321
NP_001005609.1	moXP_036126781.1	0.940	389	23	0	1	389	1	389	1.088E-254	778
NP_001005612.2	moXP_036126783.1	0.940	386	23	0	1	386	1	386	5.116E-253	773
NP_001005613.1	moXP_036126788.1	0.850	134	20	0	1	134	1	134	2.589E-73	241
NP_001390.1	moXP_036126780.1	0.941	391	23	0	1	391	1	391	4.902E-256	782
NP_001954.2	moXP_036124961.1	0.785	1214	259	0	1	1207	1	1214	0.000E+00	2061
XP_006716019.1	moXP_036103168.1	0.920	730	58	0	1	728	1	730	0.000E+00	1519
NP_001519.1	moXP_036099575.1	0.806	645	124	0	6	650	4	644	0.000E+00	1133
NP_001244064.1	moXP_036100443.1	0.367	66	41	0	12	76	256	321	3.328E-04	39
NP_001244064.1	moXP_036100444.1	0.367	66	41	0	12	76	256	321	3.328E-04	39
NP_001244064.1	moXP_036100445.1	0.367	66	41	0	12	76	256	321	3.328E-04	39
NP_001244064.1	moXP_036100439.1	0.367	66	41	0	12	76	272	337	3.328E-04	39
NP_001244064.1	moXP_036100446.1	0.367	66	41	0	12	76	338	403	3.328E-04	39
NP_002300.1	moXP_036132128.1	0.891	202	22	0	1	202	1	202	3.049E-123	388
XP_006724303.1	moXP_036132128.1	0.891	202	22	0	1	202	1	202	3.049E-123	388
NP_000586.2	moXP_036105247.1	0.721	205	56	0	1	205	1	202	6.506E-91	295
NP_001153212.1	moXP_036105247.1	0.721	205	56	0	1	205	1	202	6.506E-91	295
NP_002332.1	moXP_036105308.1	0.772	244	54	0	1	244	1	238	1.100E-112	360
NP_006263.1	moXP_036098964.1	0.978	92	2	0	1	92	1	92	1.890E-57	192
NP_006263.1	moXP_036098965.1	0.978	92	2	0	1	92	1	92	1.890E-57	192
NP_004048.1	moXP_036126135.1	0.784	79	17	0	1	79	46	124	9.503E-35	126
NP_005971.1	moXP_036135012.1	0.778	95	21	0	1	95	1	95	1.343E-46	161
NP_570128.2	moXP_036135573.1	0.827	93	16	0	7	99	42	134	1.805E-45	158
NP_766638.2	moXP_036106650.1	0.883	1019	115	0	1	988	1	1019	0.000E+00	2006
XP_005253090.2	moXP_036113957.1	0.850	1027	150	0	1	999	1	1027	0.000E+00	1936
NP_689966.2	moXP_036104542.1	0.970	993	30	0	1	993	1	993	0.000E+00	2169
NP_001193.2	moXP_036123008.1	0.975	409	10	0	1	408	1	409	7.745E-277	843
NP_001193.2	moXP_036123000.1	0.975	409	10	0	1	408	13	421	7.745E-277	843
NP_570911.2	moXP_036123008.1	0.975	409	10	0	1	408	1	409	7.745E-277	843
NP_570911.2	moXP_036123000.1	0.975	409	10	0	1	408	13	421	7.745E-277	843
NP_570912.2	moXP_036123008.1	0.975	409	10	0	1	408	1	409	7.745E-277	843
NP_570912.2	moXP_036123000.1	0.975	409	10	0	1	408	13	421	7.745E-277	843
XP_005268072.1	moXP_036123008.1	0.975	409	10	0	1	408	1	409	7.745E-277	843
XP_005268072.1	moXP_036123000.1	0.975	409	10	0	1	408	13	421	7.745E-277	843
NP_066551.1	moXP_036104696.1	0.975	454	11	0	1	454	1	454	3.850E-308	936
NP_001709.1	moXP_036112522.1	0.896	513	52	0	1	513	1	503	5.809E-316	962
NP_001710.1	moXP_036100485.1	0.969	431	13	0	1	431	1	431	2.820E-291	886
NP_065386.1	moXP_036108718.1	0.798	179	36	0	1	179	1	179	4.805E-90	291
XP_005268986.1	moXP_036108718.1	0.798	179	36	0	1	179	1	179	4.805E-90	291
NP_057668.1	moXP_036107530.1	0.811	196	36	0	1	189	1	196	4.955E-103	329
NP_001172085.1	moXP_036129184.1	0.720	179	50	0	29	207	5	183	1.367E-83	274
NP_006841.1	moXP_036129184.1	0.720	179	50	0	28	206	5	183	1.307E-83	274
NP_005529.1	moXP_036109064.1	0.846	352	54	0	1	352	1	352	1.655E-196	608
NP_000198.1	moXP_036115849.1	0.827	110	18	0	1	110	1	104	4.552E-57	192
NP_001172026.1	moXP_036115849.1	0.827	110	18	0	1	110	1	104	4.552E-57	192
NP_001001437.2	moXP_036124846.1	0.774	93	21	0	1	93	1	93	6.053E-46	159
NP_066286.1	moXP_036124846.1	0.774	93	21	0	1	93	1	93	6.053E-46	159
NP_002975.1	moXP_036124755.1	0.869	92	12	0	1	92	1	92	7.726E-51	173
NP_996890.1	moXP_036124755.1	0.880	92	11	0	1	92	1	92	7.726E-51	173
NP_000890.1	moXP_036107792.1	0.813	274	51	0	1	273	1	274	2.359E-144	453
NP_775262.1	moXP_036119363.1	0.825	155	27	0	1	155	1	155	2.514E-85	276
NP_061986.1	moXP_036131979.1	0.772	202	46	0	8	209	8	208	1.513E-100	323
XP_005258788.1	moXP_036131979.1	0.772	202	46	0	8	209	8	208	1.513E-100	323
NP_065688.1	moXP_036098034.1	0.776	170	38	0	1	170	1	170	1.717E-88	286
NP_065689.1	moXP_036107447.1	0.749	266	62	0	1	250	106	371	6.975E-130	410
NP_149354.1	moXP_036121344.1	0.991	233	2	0	1	233	1	233	1.575E-154	480
NP_149355.1	moXP_036121346.1	1.000	204	0	0	1	204	1	204	9.779E-137	427
NP_002001.1	moXP_036108359.1	1.000	208	0	0	1	208	1	208	7.367E-142	442
NP_005121.1	moXP_036131843.1	0.520	246	112	0	1	234	1	246	9.259E-75	250
NP_689642.3	moXP_036120422.1	0.716	261	73	0	1	258	1	261	1.835E-122	389
NP_004460.1	moXP_036127315.1	0.850	354	53	0	1	354	4	357	4.877E-220	676
NP_002007.1	moXP_036129127.1	0.330	4928	2656	0	1	3965	1	4928	0.000E+00	2018
NP_001191431.1	moXP_036131155.1	0.783	222	48	0	1	220	1	222	2.832E-106	341
NP_002167.1	moXP_036116258.1	0.481	187	96	0	1	187	1	186	4.449E-52	182
NP_795372.1	moXP_036116262.1	0.677	208	66	0	1	208	1	205	1.188E-85	280
NP_000610.2	moXP_036109015.1	0.602	166	65	0	1	166	1	165	1.019E-58	200
NP_064509.2	moXP_036118008.1	0.677	208	67	0	1	207	1	208	3.206E-91	296
NP_002168.1	moXP_036117494.1	0.639	194	70	0	1	194	1	194	4.101E-74	246
NP_000609.1	moXP_036107868.1	0.941	153	9	0	1	153	1	153	1.450E-98	314
NP_001104754.1	moXP_036107869.1	0.948	137	7	0	1	137	1	137	8.754E-88	282
NP_001104755.1	moXP_036107866.1	0.903	187	18	0	1	186	1	187	5.143E-114	361
NP_001104753.1	moXP_036107870.1	0.933	150	10	0	1	150	1	150	1.106E-95	306
NP_000603.1	moXP_036114595.1	0.889	181	20	0	1	180	1	181	5.423E-106	337
NP_000603.1	moXP_036114596.1	0.889	181	20	0	1	180	1	181	5.423E-106	337
NP_000603.1	moXP_036114597.1	0.889	181	20	0	1	180	1	181	5.423E-106	337
NP_001007140.2	moXP_036114595.1	0.889	181	20	0	1	180	1	181	5.423E-106	337
NP_001007140.2	moXP_036114596.1	0.889	181	20	0	1	180	1	181	5.423E-106	337
NP_001007140.2	moXP_036114597.1	0.889	181	20	0	1	180	1	181	5.423E-106	337
NP_001121070.1	moXP_036114595.1	0.889	181	20	0	57	236	1	181	7.219E-105	337
NP_001121070.1	moXP_036114596.1	0.889	181	20	0	57	236	1	181	7.219E-105	337
NP_001121070.1	moXP_036114597.1	0.889	181	20	0	57	236	1	181	7.219E-105	337
NP_001278790.1	moXP_036114595.1	0.889	181	20	0	1	180	1	181	5.423E-106	337
NP_001278790.1	moXP_036114596.1	0.889	181	20	0	1	180	1	181	5.423E-106	337
NP_001278790.1	moXP_036114597.1	0.889	181	20	0	1	180	1	181	5.423E-106	337
NP_001278791.1	moXP_036114595.1	0.889	181	20	0	1	180	1	181	5.423E-106	337
NP_001278791.1	moXP_036114596.1	0.889	181	20	0	1	180	1	181	5.423E-106	337
NP_001278791.1	moXP_036114597.1	0.889	181	20	0	1	180	1	181	5.423E-106	337
NP_002172.2	moXP_036110681.1	0.951	411	20	0	1	411	1	410	4.530E-267	815
NP_000563.1	moXP_036129012.1	0.848	178	27	0	1	178	1	178	9.621E-99	316
NP_001454.2	moXP_036110137.1	0.969	325	10	0	1	325	1	325	2.791E-220	675
NP_006341.1	moXP_036135520.1	0.962	317	12	0	1	317	1	317	2.672E-225	689
NP_037541.1	moXP_036135519.1	0.962	344	13	0	1	344	1	344	1.796E-243	743
NP_009016.1	moXP_036099730.1	0.970	308	9	0	1	308	2	307	1.568E-209	643
NP_005851.1	moXP_036098029.1	0.866	263	35	0	1	263	1	262	8.621E-168	520
XP_005268085.1	moXP_036123089.1	0.953	412	19	0	1	412	1	408	6.074E-273	832
NP_000451.1	moXP_036099315.1	0.778	352	78	0	1	352	1	351	3.119E-172	538
NP_001171068.1	moXP_036099316.1	0.775	348	78	0	1	348	1	347	3.417E-169	529
NP_001171069.1	moXP_036099317.1	0.818	319	58	0	1	319	1	319	9.341E-178	552
NP_001276926.1	moXP_036099318.1	0.839	286	46	0	1	286	1	286	4.013E-162	505
NP_950252.1	moXP_036133436.1	0.962	766	29	0	1	766	1	766	0.000E+00	1568
XP_005245174.1	moXP_036133436.1	0.962	766	29	0	1	766	1	766	0.000E+00	1568
XP_005245175.1	moXP_036133436.1	0.962	766	29	0	1	766	1	766	0.000E+00	1568
XP_005245176.1	moXP_036133436.1	0.962	766	29	0	1	766	1	766	0.000E+00	1568
NP_055310.1	moXP_036111424.1	0.867	460	61	0	1	460	1	460	7.905E-277	846
NP_476432.2	moXP_036111654.1	0.752	221	54	0	1	220	1	221	1.570E-105	338
NP_056322.2	moXP_036126082.1	0.829	550	94	0	4	552	4	553	0.000E+00	1016
NP_057299.1	moXP_036116311.1	0.791	272	57	0	1	272	1	272	6.094E-151	472
NP_057299.1	moXP_036116312.1	0.791	272	57	0	1	272	1	272	6.094E-151	472
NP_958854.1	moXP_036116311.1	0.791	272	57	0	1	272	1	272	6.094E-151	472
NP_958854.1	moXP_036116312.1	0.791	272	57	0	1	272	1	272	6.094E-151	472
NP_005534.2	moXP_036097625.1	0.757	131	31	0	1	131	1	128	8.336E-61	204
NP_003317.1	moXP_036127896.1	0.637	182	66	0	1	182	1	182	5.316E-74	245
NP_001235.1	moXP_036116910.1	0.782	234	51	0	1	234	1	234	1.492E-121	385
NP_003802.1	moXP_036138128.1	0.582	251	104	0	1	250	1	251	2.590E-81	270
XP_006722994.1	moXP_036138128.1	0.582	251	104	0	1	250	1	251	2.590E-81	270
NP_003692.1	moXP_036106176.1	0.906	320	30	0	1	317	1	320	4.326E-194	599
NP_113667.1	moXP_036109014.1	0.857	351	50	0	1	350	1	351	3.577E-204	630
NP_001020538.2	moXP_036104242.1	0.937	209	13	0	181	389	1	208	1.621E-134	431
NP_001020539.2	moXP_036104243.1	0.931	191	13	0	181	371	1	190	9.531E-123	396
NP_001020541.2	moXP_036104244.1	0.911	147	13	0	181	327	1	146	1.206E-88	295
NP_002972.1	moXP_036123609.1	0.467	92	48	0	1	91	1	92	6.788E-23	93
NP_002977.1	moXP_036125215.1	0.670	97	32	0	1	97	1	97	1.356E-39	141
NP_005399.1	moXP_036125576.1	0.663	92	30	0	1	92	1	89	4.778E-35	128
NP_005250.1	moXP_036109332.1	0.981	375	7	0	1	375	1	375	4.281E-258	787
NP_002497.2	moXP_036129160.1	0.838	241	38	0	1	241	1	237	3.324E-133	419
XP_006710726.1	moXP_036129160.1	0.838	241	38	0	1	241	1	237	3.324E-133	419
XP_006710727.1	moXP_036129160.1	0.838	241	38	0	1	241	1	237	3.324E-133	419
XP_006710728.1	moXP_036129160.1	0.838	241	38	0	1	241	1	237	3.324E-133	419
NP_060525.3	moXP_036121926.1	0.801	347	69	0	1	347	1	347	5.059E-190	589
NP_783165.1	moXP_036124537.1	0.937	574	36	0	1	574	1	571	0.000E+00	1177
NP_009122.2	moXP_036108022.1	0.947	379	20	0	1	379	1	379	5.479E-266	810
NP_002181.1	moXP_036103723.1	0.759	154	37	0	1	154	1	153	5.437E-77	252
NP_055258.1	moXP_036097296.1	0.911	180	16	0	1	180	1	180	3.059E-112	355
NP_037410.1	moXP_036131009.1	0.756	196	47	0	3	197	7	202	8.316E-93	300
NP_073626.1	moXP_036098300.1	0.770	179	39	0	5	176	11	189	3.618E-92	297
NP_060872.1	moXP_036109119.1	0.834	169	28	0	1	169	1	169	1.800E-88	286
NP_001166243.1	moXP_036131244.1	0.789	209	44	0	1	209	1	209	1.102E-111	357
NP_689669.2	moXP_036131244.1	0.789	209	44	0	1	209	1	209	1.102E-111	357
NP_001137278.1	moXP_036114602.1	0.983	247	4	0	1	247	1	247	2.653E-164	509
NP_001137278.1	moXP_036114603.1	0.983	247	4	0	1	247	1	247	2.653E-164	509
NP_001137278.1	moXP_036114604.1	0.983	247	4	0	1	247	1	247	2.653E-164	509
NP_001137279.1	moXP_036114602.1	0.983	247	4	0	1	247	1	247	2.653E-164	509
NP_001137279.1	moXP_036114603.1	0.983	247	4	0	1	247	1	247	2.653E-164	509
NP_001137279.1	moXP_036114604.1	0.983	247	4	0	1	247	1	247	2.653E-164	509
NP_001137280.1	moXP_036114602.1	0.983	247	4	0	1	247	1	247	2.653E-164	509
NP_001137280.1	moXP_036114603.1	0.983	247	4	0	1	247	1	247	2.653E-164	509
NP_001137280.1	moXP_036114604.1	0.983	247	4	0	1	247	1	247	2.653E-164	509
NP_001137282.1	moXP_036114600.1	0.924	329	25	0	1	329	1	328	1.351E-204	630
NP_001137283.1	moXP_036114602.1	0.983	247	4	0	1	247	1	247	2.653E-164	509
NP_001137283.1	moXP_036114603.1	0.983	247	4	0	1	247	1	247	2.653E-164	509
NP_001137283.1	moXP_036114604.1	0.983	247	4	0	1	247	1	247	2.653E-164	509
NP_001137284.1	moXP_036114602.1	0.983	247	4	0	1	247	1	247	2.653E-164	509
NP_001137284.1	moXP_036114603.1	0.983	247	4	0	1	247	1	247	2.653E-164	509
NP_001137284.1	moXP_036114604.1	0.983	247	4	0	1	247	1	247	2.653E-164	509
NP_002955.2	moXP_036128612.1	0.707	89	26	0	1	89	1	89	1.009E-40	144
NP_002956.1	moXP_036129444.1	0.657	108	36	0	6	112	3	110	1.003E-42	151
NP_001936.1	moXP_036096855.1	0.903	208	20	0	1	208	1	208	4.447E-122	385
NP_005325.2	moXP_036126175.1	0.933	2053	136	0	1	2035	1	2053	0.000E+00	3860
NP_003227.1	moXP_036118611.1	0.931	160	11	0	1	160	1	160	1.673E-100	320
NP_000651.3	moXP_036130317.1	0.912	390	34	0	1	390	1	390	1.071E-246	755
NP_001129071.1	moXP_036133570.1	0.981	442	8	0	1	442	1	442	4.179E-301	915
NP_003229.1	moXP_036133568.1	0.983	414	7	0	1	414	1	414	2.913E-282	859
NP_003230.1	moXP_036123089.1	0.953	412	19	0	1	412	1	408	6.074E-273	832
NP_001165095.1	moXP_036104241.1	0.930	215	15	0	1	215	1	214	2.285E-141	441
NP_001165096.1	moXP_036104242.1	0.937	209	13	0	1	209	1	208	5.075E-138	431
NP_001007538.1	moXP_036108376.1	0.849	332	50	0	1	332	1	332	3.296E-205	632
NP_001034860.1	moXP_036129570.1	0.941	205	12	0	1	205	1	205	1.189E-126	398
NP_065685.1	moXP_036108811.1	0.835	365	60	0	1	364	1	365	1.475E-212	655
NP_005083.2	moXP_036127898.1	0.595	177	71	0	23	198	1	177	2.495E-64	218
NP_001193673.1	moXP_036119159.1	0.703	873	256	0	1	873	1	864	0.000E+00	1292
NP_002954.2	moXP_036129539.1	0.742	101	26	0	1	101	1	101	2.670E-50	172
XP_005245488.1	moXP_036129539.1	0.742	101	26	0	1	101	1	101	2.670E-50	172
NP_003386.1	moXP_036097792.1	0.967	365	12	0	1	365	1	364	1.499E-247	756
NP_003387.1	moXP_036125371.1	0.941	358	21	0	1	357	1	358	6.940E-235	719
NP_002986.1	moXP_036129423.1	0.621	111	41	0	1	111	1	109	6.724E-39	140
NP_000506.2	moXP_036124691.1	0.633	217	79	0	1	217	1	216	7.998E-86	281
NP_001153473.1	moXP_036105645.1	0.928	590	42	0	1	590	1	589	0.000E+00	1139
NP_039251.2	moXP_036105644.1	0.923	638	49	0	1	637	1	638	0.000E+00	1217
NP_039254.1	moXP_036105648.1	0.952	464	22	0	1	462	1	464	2.585E-299	911
NP_001556.2	moXP_036099931.1	0.762	97	23	0	1	97	1	97	8.541E-45	156
NP_005400.1	moXP_036099921.1	0.804	87	17	0	1	87	32	118	1.924E-42	149
NP_000600.1	moXP_036121557.1	0.946	93	5	0	1	93	1	93	1.090E-55	187
NP_006410.1	moXP_036136658.1	0.416	108	62	0	1	107	1	108	6.024E-22	91
XP_006714126.1	moXP_036136658.1	0.416	108	62	0	1	107	1	108	6.024E-22	91
NP_000630.1	moXP_036129222.1	0.782	281	59	0	1	281	1	270	5.230E-148	464
NP_000791.1	moXP_036097338.1	0.903	155	15	0	1	155	1	155	9.582E-96	306
NP_000791.1	moXP_036097339.1	0.903	155	15	0	1	155	1	155	9.582E-96	306
NP_000791.1	moXP_036097340.1	0.903	155	15	0	1	155	1	155	9.582E-96	306
NP_000791.1	moXP_036097341.1	0.903	155	15	0	1	155	1	155	9.582E-96	306
NP_000791.1	moXP_036097342.1	0.903	155	15	0	1	155	1	155	9.582E-96	306
NP_000791.1	moXP_036097343.1	0.903	155	15	0	1	155	1	155	9.582E-96	306
NP_001138364.1	moXP_036097338.1	0.903	155	15	0	1	155	1	155	9.582E-96	306
NP_001138364.1	moXP_036097339.1	0.903	155	15	0	1	155	1	155	9.582E-96	306
NP_001138364.1	moXP_036097340.1	0.903	155	15	0	1	155	1	155	9.582E-96	306
NP_001138364.1	moXP_036097341.1	0.903	155	15	0	1	155	1	155	9.582E-96	306
NP_001138364.1	moXP_036097342.1	0.903	155	15	0	1	155	1	155	9.582E-96	306
NP_001138364.1	moXP_036097343.1	0.903	155	15	0	1	155	1	155	9.582E-96	306
NP_001138406.1	moXP_036097338.1	0.903	155	15	0	1	155	1	155	9.582E-96	306
NP_001138406.1	moXP_036097339.1	0.903	155	15	0	1	155	1	155	9.582E-96	306
NP_001138406.1	moXP_036097340.1	0.903	155	15	0	1	155	1	155	9.582E-96	306
NP_001138406.1	moXP_036097341.1	0.903	155	15	0	1	155	1	155	9.582E-96	306
NP_001138406.1	moXP_036097342.1	0.903	155	15	0	1	155	1	155	9.582E-96	306
NP_001138406.1	moXP_036097343.1	0.903	155	15	0	1	155	1	155	9.582E-96	306
NP_001138407.1	moXP_036097338.1	0.903	155	15	0	1	155	1	155	9.582E-96	306
NP_001138407.1	moXP_036097339.1	0.903	155	15	0	1	155	1	155	9.582E-96	306
NP_001138407.1	moXP_036097340.1	0.903	155	15	0	1	155	1	155	9.582E-96	306
NP_001138407.1	moXP_036097341.1	0.903	155	15	0	1	155	1	155	9.582E-96	306
NP_001138407.1	moXP_036097342.1	0.903	155	15	0	1	155	1	155	9.582E-96	306
NP_001138407.1	moXP_036097343.1	0.903	155	15	0	1	155	1	155	9.582E-96	306
NP_001244134.1	moXP_036097338.1	0.903	155	15	0	1	155	1	155	9.582E-96	306
NP_001244134.1	moXP_036097339.1	0.903	155	15	0	1	155	1	155	9.582E-96	306
NP_001244134.1	moXP_036097340.1	0.903	155	15	0	1	155	1	155	9.582E-96	306
NP_001244134.1	moXP_036097341.1	0.903	155	15	0	1	155	1	155	9.582E-96	306
NP_001244134.1	moXP_036097342.1	0.903	155	15	0	1	155	1	155	9.582E-96	306
NP_001244134.1	moXP_036097343.1	0.903	155	15	0	1	155	1	155	9.582E-96	306
NP_001244136.1	moXP_036097338.1	0.903	155	15	0	1	155	1	155	9.582E-96	306
NP_001244136.1	moXP_036097339.1	0.903	155	15	0	1	155	1	155	9.582E-96	306
NP_001244136.1	moXP_036097340.1	0.903	155	15	0	1	155	1	155	9.582E-96	306
NP_001244136.1	moXP_036097341.1	0.903	155	15	0	1	155	1	155	9.582E-96	306
NP_001244136.1	moXP_036097342.1	0.903	155	15	0	1	155	1	155	9.582E-96	306
NP_001244136.1	moXP_036097343.1	0.903	155	15	0	1	155	1	155	9.582E-96	306
NP_001244137.1	moXP_036097338.1	0.903	155	15	0	1	155	1	155	9.582E-96	306
NP_001244137.1	moXP_036097339.1	0.903	155	15	0	1	155	1	155	9.582E-96	306
NP_001244137.1	moXP_036097340.1	0.903	155	15	0	1	155	1	155	9.582E-96	306
NP_001244137.1	moXP_036097341.1	0.903	155	15	0	1	155	1	155	9.582E-96	306
NP_001244137.1	moXP_036097342.1	0.903	155	15	0	1	155	1	155	9.582E-96	306
NP_001244137.1	moXP_036097343.1	0.903	155	15	0	1	155	1	155	9.582E-96	306
NP_001073966.2	moXP_036116697.1	0.865	602	81	0	1	602	1	598	0.000E+00	1118
NP_066278.3	moXP_036122211.1	0.839	711	114	0	15	725	1	711	0.000E+00	1360
NP_005421.1	moXP_036108857.1	0.994	370	2	0	1	370	1	370	2.130E-263	802
NP_079492.2	moXP_036110372.1	0.956	418	18	0	1	417	1	418	2.543E-285	868
NP_003385.2	moXP_036108246.1	0.981	385	7	0	5	389	7	391	1.119E-271	827
NP_004617.2	moXP_036114140.1	0.985	354	5	0	1	354	1	354	4.022E-248	757
XP_005274288.1	moXP_036114140.1	0.985	354	5	0	1	354	1	354	4.022E-248	757
NP_476509.1	moXP_036103130.1	0.942	365	21	0	1	365	1	362	1.644E-246	753
NP_001172027.1	moXP_036115849.1	0.827	110	18	0	1	110	1	104	4.552E-57	192
NP_002178.2	moXP_036096854.1	0.848	329	50	0	1	328	1	329	1.756E-192	595
NP_002179.2	moXP_036097796.1	0.621	132	49	0	15	146	1	131	5.888E-47	165
NP_000576.1	moXP_036097767.1	0.814	162	30	0	1	162	1	162	1.573E-85	277
NP_000576.1	moXP_036097768.1	0.814	162	30	0	1	162	1	162	1.573E-85	277
NP_000576.1	moXP_036097769.1	0.814	162	30	0	1	162	1	162	1.573E-85	277
NP_000576.1	moXP_036097770.1	0.814	162	30	0	1	162	1	162	1.573E-85	277
NP_000576.1	moXP_036097771.1	0.814	162	30	0	1	162	1	162	1.573E-85	277
NP_751915.1	moXP_036097766.1	0.776	134	30	0	2	135	32	165	1.245E-66	221
NP_001165599.1	moXP_036134036.1	0.657	1327	438	0	1	1327	1	1277	0.000E+00	1665
NP_665905.2	moXP_036125648.1	0.421	116	67	0	1	116	1	116	2.145E-21	90
NP_001278826.1	moXP_036115849.1	0.827	110	18	0	1	110	1	104	4.552E-57	192
NP_005469.2	moXP_036097669.1	0.302	114	77	0	22	135	29	140	5.186E-08	52
NP_005109.2	moXP_036117714.1	0.801	253	50	0	1	251	1	253	1.550E-129	409
NP_005614.2	moXP_036125542.1	0.670	91	30	0	1	91	31	121	5.009E-35	128
NP_001137277.1	moXP_036114602.1	0.983	247	4	0	1	247	1	247	2.653E-164	509
NP_001137277.1	moXP_036114603.1	0.983	247	4	0	1	247	1	247	2.653E-164	509
NP_001137277.1	moXP_036114604.1	0.983	247	4	0	1	247	1	247	2.653E-164	509
NP_733931.1	moXP_036114602.1	0.983	247	4	0	1	247	1	247	2.653E-164	509
NP_733931.1	moXP_036114603.1	0.983	247	4	0	1	247	1	247	2.653E-164	509
NP_733931.1	moXP_036114604.1	0.983	247	4	0	1	247	1	247	2.653E-164	509
NP_006265.1	moXP_036117676.1	0.817	93	16	0	2	94	26	116	8.541E-45	156
NP_002973.1	moXP_036125203.1	0.663	98	32	0	1	98	1	97	8.210E-38	136
NP_001123518.1	moXP_036110795.1	0.593	91	37	0	5	95	6	96	1.136E-32	121
NP_004855.2	moXP_036096284.1	0.523	295	137	0	14	308	1	289	2.739E-88	293
NP_057288.1	moXP_036121873.1	0.801	429	85	0	1	429	1	429	8.665E-234	720
NP_000548.2	moXP_036101366.1	0.962	501	19	0	1	501	1	499	0.000E+00	1015
NP_001001557.1	moXP_036120331.1	0.913	460	39	0	1	455	1	460	1.036E-288	880
NP_002952.1	moXP_036128668.1	0.970	101	3	0	1	101	1	101	3.593E-63	209
NP_062427.1	moXP_036128668.1	0.970	101	3	0	1	101	1	101	3.593E-63	209
NP_002953.2	moXP_036128887.1	0.913	93	8	0	1	92	1	93	7.726E-51	173
XP_005245487.1	moXP_036128887.1	0.913	93	8	0	19	110	1	93	1.847E-50	173
XP_005245487.1	moXP_036128887.1	0.913	93	8	0	19	110	1	93	1.847E-50	173
NP_002623.2	moXP_036128273.1	0.811	170	32	0	1	170	1	170	8.789E-96	307
NP_443112.2	moXP_036132658.1	0.866	263	35	0	1	263	6	268	2.642E-155	484
NP_002695.1	moXP_036118978.1	0.629	108	39	0	20	127	13	117	1.550E-36	134
NP_002695.1	moXP_036118970.1	0.627	109	40	0	20	127	13	121	1.550E-36	134
NP_000939.1	moXP_036111521.1	0.695	220	67	0	8	227	84	303	2.371E-104	335
NP_001157030.1	moXP_036111521.1	0.695	220	67	0	8	227	84	303	2.371E-104	335
NP_004149.1	moXP_036096316.1	0.689	156	46	0	1	156	1	150	1.808E-64	216
NP_002816.1	moXP_036102959.1	0.916	168	14	0	1	168	1	168	1.517E-105	335
XP_005250572.1	moXP_036102959.1	0.916	168	14	0	1	168	1	168	1.517E-105	335
NP_004878.2	moXP_036096649.1	0.959	99	4	0	13	111	1	99	7.143E-61	203
NP_002080.1	moXP_036137138.1	0.700	107	32	0	1	107	1	107	2.647E-45	158
NP_002985.1	moXP_036111635.1	0.722	108	29	0	1	108	1	107	3.333E-46	161
NP_002984.1	moXP_036111635.1	0.712	108	31	0	1	108	1	107	3.333E-46	161
NP_000575.1	moXP_036137465.1	0.731	97	26	0	1	97	1	97	2.711E-41	146
NP_002407.1	moXP_036103577.1	0.736	125	33	0	1	125	1	125	1.878E-57	194
NP_066382.1	moXP_036108622.1	0.967	396	13	0	1	396	1	396	7.916E-262	799
NP_000790.2	moXP_036136665.1	0.850	193	29	0	1	193	1	193	5.974E-103	329
NP_001423.1	moXP_036101844.1	0.765	158	37	0	12	169	6	163	7.832E-80	261
NP_003003.3	moXP_036105675.1	0.964	314	11	0	1	314	1	314	1.434E-213	655
NP_003004.1	moXP_036096613.1	0.979	295	6	0	1	295	1	294	1.964E-200	616
NP_003005.2	moXP_036102935.1	0.947	346	18	0	1	346	1	346	4.986E-233	713
NP_003006.2	moXP_036121272.1	0.962	317	12	0	1	317	1	315	1.372E-215	661
NP_000184.1	moXP_036103272.1	0.916	462	38	0	1	462	4	452	1.605E-278	851
NP_009044.2	moXP_036129130.1	0.494	1943	676	0	1	1943	1	1336	0.000E+00	1452
NP_001008536.1	moXP_036129131.1	0.610	651	251	0	1	651	1	645	1.044E-239	762
NP_003367.4	moXP_036104241.1	0.930	215	15	0	181	395	1	214	7.291E-138	441
NP_996890.1	moXP_036124755.1	0.880	92	11	0	1	92	1	92	7.726E-51	173
NP_002976.2	moXP_036124772.1	0.824	91	16	0	1	91	1	91	9.980E-48	164
NP_005238.1	moXP_036115579.1	0.920	215	17	0	1	215	1	213	8.911E-130	409
NP_001998.1	moXP_036114994.1	0.927	206	15	0	1	206	1	206	6.777E-125	393
XP_006718538.1	moXP_036114994.1	0.927	206	15	0	1	206	1	206	6.777E-125	393
NP_004455.2	moXP_036132855.1	0.925	268	20	0	1	268	1	268	1.442E-164	511
NP_066276.2	moXP_036108819.1	0.942	208	12	0	1	208	1	208	1.134E-128	404
NP_002000.1	moXP_036111385.1	0.958	194	8	0	1	194	1	194	2.886E-128	402
NP_006110.1	moXP_036121345.1	1.000	215	0	0	1	215	1	215	3.827E-144	449
NP_149353.1	moXP_036121343.1	0.991	244	2	0	1	244	1	244	1.372E-161	501
NP_009110.2	moXP_036117777.1	0.533	208	96	0	1	208	1	207	6.506E-60	206
NP_543016.1	moXP_036101048.1	0.943	464	26	0	1	464	1	464	1.915E-312	949
NP_066969.1	moXP_036113120.1	0.919	346	28	0	1	346	1	344	1.146E-223	686
NP_001648.1	moXP_036103249.1	0.770	252	58	0	1	252	1	252	5.224E-125	396
NP_004104.3	moXP_036099007.1	1.000	181	0	0	1	181	1	181	1.495E-120	379
NP_443104.1	moXP_036104614.1	0.576	163	66	0	1	163	1	156	2.634E-55	190
NP_037503.2	moXP_036129497.1	0.790	172	36	0	1	172	1	172	1.968E-90	292
XP_005263695.1	moXP_036119363.1	0.825	155	27	0	1	155	1	155	2.514E-85	276
NP_000577.2	moXP_036138181.1	0.543	149	67	0	1	148	1	149	1.787E-46	164
NP_061194.2	moXP_036129183.1	0.748	175	44	0	1	175	1	175	8.137E-83	270
NP_775294.1	moXP_036119449.1	0.517	197	94	0	1	197	1	195	3.953E-58	200
NP_003203.1	moXP_036122202.1	0.756	181	44	0	6	186	1	180	2.714E-92	298
NP_733927.1	moXP_036114601.1	0.984	255	4	0	1	255	1	255	4.903E-170	526
NP_733928.1	moXP_036114602.1	0.983	247	4	0	1	247	1	247	2.653E-164	509
NP_733928.1	moXP_036114603.1	0.983	247	4	0	1	247	1	247	2.653E-164	509
NP_733928.1	moXP_036114604.1	0.983	247	4	0	1	247	1	247	2.653E-164	509
NP_733929.1	moXP_036114602.1	0.983	247	4	0	1	247	1	247	2.653E-164	509
NP_733929.1	moXP_036114603.1	0.983	247	4	0	1	247	1	247	2.653E-164	509
NP_733929.1	moXP_036114604.1	0.983	247	4	0	1	247	1	247	2.653E-164	509
NP_055297.1	moXP_036119288.1	0.919	424	34	0	1	424	1	424	9.085E-266	812
NP_001138.1	moXP_036105518.1	0.830	496	84	0	1	496	1	493	1.994E-284	870
NP_116739.1	moXP_036124656.1	0.705	95	27	0	1	91	1	95	1.833E-42	149
NP_002978.1	moXP_036131964.1	0.702	94	28	0	1	94	1	94	2.362E-40	143
NP_115934.1	moXP_036107464.1	0.656	157	53	0	1	157	1	156	2.867E-65	222
NP_004106.1	moXP_036105917.1	0.987	247	3	0	1	247	1	247	2.914E-163	506
NP_787125.1	moXP_036105916.1	0.992	252	2	0	1	252	1	252	7.839E-172	531
NP_003859.1	moXP_036127468.1	0.990	207	2	0	1	207	1	207	7.722E-141	439
NP_003858.1	moXP_036097244.1	0.958	216	9	0	1	216	1	216	1.302E-139	436
XP_005273733.1	moXP_036097245.1	0.956	205	9	0	1	205	1	205	1.811E-130	409
NP_003853.1	moXP_036097146.1	0.990	206	2	0	1	206	1	206	4.615E-138	431
NP_005108.1	moXP_036114993.1	0.785	219	46	0	1	216	1	219	3.350E-112	357
NP_001997.5	moXP_036097281.1	0.974	155	4	0	134	288	1	155	2.472E-98	321
NP_062825.1	moXP_036106129.1	0.962	211	8	0	1	211	1	211	5.077E-139	434
NP_000632.1	moXP_036131792.1	0.929	199	14	0	1	199	1	199	1.581E-120	380
NP_000873.2	moXP_036099555.1	0.802	213	42	0	41	253	27	238	1.412E-105	340
XP_005245177.1	moXP_036133436.1	0.962	766	29	0	1	766	1	766	0.000E+00	1568
NP_001720.1	moXP_036130630.1	0.717	177	48	0	1	177	1	170	1.079E-80	264
NP_001191432.1	moXP_036131155.1	0.783	222	48	0	1	220	1	222	2.832E-106	341
NP_001265566.1	moXP_036131157.1	0.776	139	31	0	1	138	1	139	3.857E-63	212
NP_001265567.1	moXP_036131157.1	0.776	139	31	0	1	138	1	139	3.857E-63	212
NP_001450.2	moXP_036131155.1	0.783	222	48	0	1	220	1	222	2.832E-106	341
NP_001116437.1	moXP_036129129.1	0.728	795	213	0	1	784	1	795	0.000E+00	1229
NP_006262.1	moXP_036129035.1	0.978	94	2	0	1	94	1	94	4.649E-57	191
NP_002957.1	moXP_036129336.1	0.969	97	3	0	1	97	1	97	7.266E-62	205
NP_005611.1	moXP_036129335.1	0.855	104	14	0	1	104	1	101	2.396E-53	181
NP_005612.1	moXP_036128623.1	0.684	92	29	0	1	92	1	92	1.610E-35	129
NP_001019381.1	moXP_036128998.1	0.897	98	10	0	1	98	1	98	1.886E-52	178
NP_001019381.1	moXP_036128999.1	0.897	98	10	0	1	98	1	98	1.886E-52	178
NP_001019381.1	moXP_036129000.1	0.897	98	10	0	1	98	1	98	1.886E-52	178
NP_001019382.1	moXP_036128998.1	0.897	98	10	0	1	98	1	98	1.886E-52	178
NP_001019382.1	moXP_036128999.1	0.897	98	10	0	1	98	1	98	1.886E-52	178
NP_001019382.1	moXP_036129000.1	0.897	98	10	0	1	98	1	98	1.886E-52	178
NP_001019383.1	moXP_036128998.1	0.897	98	10	0	1	98	1	98	1.886E-52	178
NP_001019383.1	moXP_036128999.1	0.897	98	10	0	1	98	1	98	1.886E-52	178
NP_001019383.1	moXP_036129000.1	0.897	98	10	0	1	98	1	98	1.886E-52	178
NP_001019384.1	moXP_036128998.1	0.897	98	10	0	1	98	1	98	1.886E-52	178
NP_001019384.1	moXP_036128999.1	0.897	98	10	0	1	98	1	98	1.886E-52	178
NP_001019384.1	moXP_036129000.1	0.897	98	10	0	1	98	1	98	1.886E-52	178
NP_996890.1	moXP_036124755.1	0.880	92	11	0	1	92	1	92	7.726E-51	173
NP_004741.1	moXP_036137877.1	0.969	422	13	0	1	422	1	421	5.418E-288	876
NP_057070.3	moXP_036124845.1	0.965	438	15	0	5	442	1	438	4.712E-291	886
NP_002182.1	moXP_036110803.1	0.837	364	59	0	3	366	5	368	3.277E-213	657
NP_002183.1	moXP_036102956.1	0.936	426	27	0	1	426	1	426	7.371E-278	847
NP_002184.2	moXP_036110642.1	0.970	407	12	0	1	407	1	407	1.245E-279	851
XP_005262278.1	moXP_036127589.1	0.952	459	22	0	1	458	1	459	3.122E-321	974
XP_005262279.1	moXP_036127590.1	0.951	458	22	0	1	457	1	458	1.471E-320	972
NP_001265402.1	moXP_036114842.1	0.899	429	43	0	1	429	1	429	4.066E-286	871
NP_056239.3	moXP_036114841.1	0.904	452	43	0	1	451	1	452	6.363E-301	915
NP_037378.1	moXP_036115718.1	0.973	225	6	0	1	225	1	225	2.631E-153	476
NP_000605.1	moXP_036113922.1	0.850	200	30	0	1	200	1	200	1.590E-112	357
NP_001873.2	moXP_036135694.1	0.922	322	25	0	1	322	21	342	2.165E-204	629
XP_006724879.1	moXP_036126174.1	0.933	2097	139	0	1	2079	1	2097	0.000E+00	3936
XP_006724878.1	moXP_036126173.1	0.933	2098	139	0	1	2080	1	2098	0.000E+00	3937
NP_037452.1	moXP_036107362.1	0.948	792	41	0	1	792	1	792	0.000E+00	1592
NP_000592.3	moXP_036103168.1	0.920	730	58	0	1	728	1	730	0.000E+00	1519
NP_001010932.1	moXP_036103166.1	0.920	725	58	0	1	723	1	725	0.000E+00	1509
NP_002382.1	moXP_036115203.1	0.930	143	10	0	1	143	1	143	6.530E-94	300
NP_001243474.1	moXP_036135132.1	0.944	1135	63	0	1	1135	1	1134	0.000E+00	2543
NP_115822.1	moXP_036135132.1	0.944	1135	63	0	1	1135	1	1134	0.000E+00	2543
NP_115821.2	moXP_036116399.1	0.871	1139	135	0	1	1044	1	1139	0.000E+00	2314
NP_001400.3	moXP_036112743.1	0.775	1421	310	0	161	1538	57	1477	0.000E+00	2690
NP_001258867.1	moXP_036130294.1	0.937	2845	176	0	1	2845	1	2789	0.000E+00	5925
NP_003382.1	moXP_036103090.1	0.938	360	22	0	1	360	1	360	1.300E-246	753
NP_002980.1	moXP_036117673.1	0.708	144	39	0	1	134	1	144	1.167E-58	198
NP_002981.2	moXP_036131965.1	0.703	91	27	0	1	91	1	91	6.163E-38	136
NP_005055.3	moXP_036125648.1	0.398	133	69	0	1	133	1	116	4.277E-21	90
NP_002982.2	moXP_036135616.1	0.521	117	53	0	1	117	17	127	4.184E-30	115
NP_001188288.1	moXP_036138068.1	0.544	147	66	0	1	145	1	147	1.994E-43	155
NP_006063.1	moXP_036136590.1	0.595	94	38	0	1	94	1	94	4.381E-34	125
NP_006655.1	moXP_036117925.1	0.660	112	38	0	1	112	1	112	1.840E-43	153
NP_683513.1	moXP_036134724.1	0.722	126	35	0	1	126	1	126	3.774E-59	199
NP_001072998.1	moXP_036107464.1	0.656	157	53	0	1	157	1	156	2.867E-65	222
XP_005247907.1	moXP_036099412.1	0.909	954	87	0	1	954	1	953	0.000E+00	1860
NP_001137453.1	moXP_036127589.1	0.952	459	22	0	1	458	1	459	3.122E-321	974
NP_001137454.1	moXP_036127590.1	0.951	458	22	0	1	457	1	458	1.471E-320	972
NP_004105.1	moXP_036126550.1	0.987	245	3	0	1	245	1	245	3.513E-160	497
NP_954993.1	moXP_036132970.1	0.563	571	215	0	1	571	1	492	1.401E-198	626
NP_001165896.1	moXP_036133555.1	0.834	333	55	0	1	332	1	333	5.641E-190	588
NP_003231.2	moXP_036133544.1	0.844	367	57	0	1	366	1	367	1.942E-210	649
NP_000221.1	moXP_036102848.1	0.808	167	32	0	1	167	1	167	2.188E-84	274
NP_001711.2	moXP_036112516.1	0.905	402	38	0	1	402	1	402	2.184E-253	775
NP_001711.2	moXP_036112778.1	0.905	402	38	0	1	402	1	402	2.184E-253	775
NP_066988.1	moXP_036128606.1	0.943	783	44	0	1	783	1	781	0.000E+00	1553
XP_005245436.1	moXP_036128606.1	0.943	783	44	0	1	783	1	781	0.000E+00	1553
NP_003801.1	moXP_036098588.1	0.695	266	81	0	16	281	15	279	2.546E-121	387
NP_003800.1	moXP_036125265.1	0.883	249	29	0	1	249	1	249	2.285E-141	443
NP_003799.1	moXP_036125266.1	0.860	250	35	0	1	250	1	249	2.627E-140	440
XP_005248321.1	moXP_036136108.1	0.943	212	12	0	1	208	1	212	1.300E-135	424
NP_004103.1	moXP_036125556.1	0.973	225	6	0	1	225	1	225	2.290E-146	456
NP_066360.1	moXP_036099006.1	1.000	243	0	0	1	243	1	243	1.309E-161	501
NP_612141.1	moXP_036107467.1	0.771	187	42	0	2	188	8	190	6.232E-90	292
NP_001553.1	moXP_036114810.1	0.673	190	62	0	1	190	1	190	1.615E-83	273
NP_715639.1	moXP_036129497.1	0.790	172	36	0	39	210	1	172	1.122E-89	292
NP_000566.3	moXP_036119188.1	0.708	270	78	0	1	270	1	268	9.638E-119	379
NP_000567.1	moXP_036118703.1	0.606	262	102	0	6	267	4	262	4.492E-100	325
NP_115945.4	moXP_036119455.1	0.834	151	25	0	1	151	1	151	1.079E-84	274
NP_775184.1	moXP_036119455.1	0.834	151	25	0	1	151	1	151	1.079E-84	274
NP_036407.1	moXP_036119363.1	0.825	155	27	0	1	155	1	155	2.514E-85	276
NP_775270.1	moXP_036119267.1	0.605	152	60	0	6	157	18	169	7.479E-58	197
NP_039250.2	moXP_036105642.1	0.924	646	49	0	1	645	1	646	0.000E+00	1234
NP_647475.1	moXP_036096677.1	0.781	412	89	0	1	406	1	412	3.152E-216	668
NP_835228.2	moXP_036115981.1	0.902	388	38	0	1	388	1	388	8.116E-249	761
NP_114123.2	moXP_036096198.1	0.874	470	58	0	1	470	1	462	1.471E-283	866
NP_001183980.1	moXP_036113919.1	0.949	573	29	0	1	569	1	573	0.000E+00	1123
NP_878248.2	moXP_036119497.1	0.854	450	65	0	1	450	1	449	8.189E-254	779
NP_001275753.1	moXP_036096481.1	0.803	366	71	0	1	366	1	362	2.388E-199	617
NP_001275753.1	moXP_036096483.1	0.803	366	71	0	1	366	1	362	2.388E-199	617
NP_001275753.1	moXP_036096484.1	0.803	366	71	0	1	366	1	362	2.388E-199	617
NP_001275753.1	moXP_036096485.1	0.803	366	71	0	1	366	1	362	2.388E-199	617
NP_005251.1	moXP_036096480.1	0.782	454	98	0	1	454	1	450	3.479E-239	737
NP_001177397.1	moXP_036136283.1	0.938	228	14	0	1	228	1	228	6.447E-145	452
NP_001177398.1	moXP_036136285.1	0.930	202	14	0	1	202	1	202	2.087E-127	400
NP_001265027.1	moXP_036136286.1	0.937	159	10	0	1	159	1	159	3.222E-101	322
XP_005269501.1	moXP_036120986.1	0.920	734	58	0	1	720	1	734	0.000E+00	1369
NP_004549.1	moXP_036097705.1	0.908	197	18	0	1	197	1	197	7.822E-119	375
NP_001096124.1	moXP_036108456.1	0.970	270	8	0	1	270	1	270	2.553E-176	545
NP_006170.1	moXP_036131783.1	0.909	210	19	0	1	210	1	210	3.046E-127	400
XP_005259019.1	moXP_036131783.1	0.909	210	19	0	1	210	1	210	3.046E-127	400
XP_006723295.1	moXP_036131783.1	0.909	210	19	0	1	210	1	210	3.046E-127	400
NP_065391.1	moXP_036132830.1	0.555	252	104	0	1	252	1	235	3.098E-78	261
NP_002598.4	moXP_036096654.1	0.876	211	26	0	1	211	1	211	2.095E-123	389
NP_148983.1	moXP_036096655.1	0.872	196	25	0	1	196	1	196	5.391E-114	361
XP_006715796.1	moXP_036096654.1	0.876	211	26	0	1	211	1	211	2.095E-123	389
NP_002599.1	moXP_036107701.1	0.912	241	21	0	1	241	1	241	3.674E-149	465
NP_057289.1	moXP_036096192.1	0.944	345	19	0	1	345	1	345	1.531E-228	700
NP_079484.1	moXP_036116076.1	0.881	370	44	0	1	370	1	370	7.553E-232	711
NP_002610.1	moXP_036118989.1	0.714	91	25	0	12	101	16	106	5.504E-35	128
NP_057274.1	moXP_036128834.1	0.572	495	203	0	1	495	1	476	4.515E-165	525
XP_006711409.1	moXP_036128834.1	0.572	495	203	0	1	495	1	476	4.515E-165	525
NP_000748.3	moXP_036128894.1	0.733	554	147	0	1	554	1	550	8.704E-261	805
NP_757351.1	moXP_036128894.1	0.733	554	147	0	1	554	1	550	8.704E-261	805
NP_000749.2	moXP_036097190.1	0.680	144	46	0	1	144	1	144	1.388E-61	207
NP_757373.1	moXP_036125422.1	0.785	200	43	0	5	204	26	225	2.432E-101	325
NP_002163.2	moXP_036117407.1	0.648	188	65	0	1	188	1	185	1.284E-75	250
NP_001276957.1	moXP_036099315.1	0.778	352	78	0	1	352	1	351	3.119E-172	538
NP_001276926.1	moXP_036099318.1	0.839	286	46	0	1	286	1	286	4.013E-162	505
NP_001276956.1	moXP_036099318.1	0.839	286	46	0	1	286	1	286	4.013E-162	505
NP_000585.2	moXP_036104901.1	0.806	233	44	0	1	233	1	229	8.480E-119	377
NP_001165097.1	moXP_036104243.1	0.931	191	13	0	1	191	1	190	3.025E-126	396
NP_001165099.1	moXP_036104244.1	0.911	147	13	0	1	147	1	146	4.319E-92	295
NP_001137285.1	moXP_036114602.1	0.983	247	4	0	1	247	1	247	2.653E-164	509
NP_001137285.1	moXP_036114603.1	0.983	247	4	0	1	247	1	247	2.653E-164	509
NP_001137285.1	moXP_036114604.1	0.983	247	4	0	1	247	1	247	2.653E-164	509
NP_001137286.1	moXP_036114602.1	0.983	247	4	0	1	247	1	247	2.653E-164	509
NP_001137286.1	moXP_036114603.1	0.983	247	4	0	1	247	1	247	2.653E-164	509
NP_001137286.1	moXP_036114604.1	0.983	247	4	0	1	247	1	247	2.653E-164	509
NP_001137288.1	moXP_036114602.1	0.983	247	4	0	1	247	1	247	2.653E-164	509
NP_001137288.1	moXP_036114603.1	0.983	247	4	0	1	247	1	247	2.653E-164	509
NP_001137288.1	moXP_036114604.1	0.983	247	4	0	1	247	1	247	2.653E-164	509
NP_001700.2	moXP_036114602.1	0.983	247	4	0	1	247	1	247	2.653E-164	509
NP_001700.2	moXP_036114603.1	0.983	247	4	0	1	247	1	247	2.653E-164	509
NP_001700.2	moXP_036114604.1	0.983	247	4	0	1	247	1	247	2.653E-164	509
NP_000470.2	moXP_036097805.1	0.742	577	144	0	1	560	1	577	1.043E-270	834
NP_001137.2	moXP_036119820.1	0.933	498	33	0	1	498	1	496	0.000E+00	993
NP_001186788.1	moXP_036119821.1	0.933	497	33	0	1	497	1	495	0.000E+00	991
NP_001112359.1	moXP_036105519.1	0.830	495	83	0	1	495	1	492	9.391E-284	868
NP_057069.1	moXP_036101230.1	0.695	503	152	0	1	503	1	498	4.430E-225	699
NP_004664.1	moXP_036128204.1	0.934	491	32	0	1	491	1	490	2.717E-322	979
XP_005245634.1	moXP_036128204.1	0.934	491	32	0	1	491	1	490	2.717E-322	979
NP_036230.1	moXP_036117835.1	0.965	493	17	0	1	493	1	493	0.000E+00	1034
NP_005746.2	moXP_036097472.1	0.759	229	54	0	1	229	1	225	2.074E-115	367
NP_078613.1	moXP_036127752.1	0.964	393	14	0	1	391	1	393	1.479E-269	821
NP_110380.1	moXP_036125272.1	0.991	355	3	0	1	355	1	355	1.830E-257	784
NP_149122.1	moXP_036097381.1	0.934	352	23	0	1	352	1	352	1.707E-239	732
NP_110388.2	moXP_036112933.1	1.000	296	0	0	56	351	1	296	1.280E-207	640
XP_005245954.1	moXP_036112933.1	1.000	296	0	0	1	296	1	296	9.765E-209	640
NP_003383.2	moXP_036123385.1	0.989	380	4	0	1	380	1	380	5.743E-266	810
NP_085155.1	moXP_036104052.1	0.877	294	36	0	1	293	23	316	1.933E-182	564
NP_001257918.1	moXP_036134596.1	0.800	154	31	0	1	154	1	154	7.125E-82	266
NP_001257919.1	moXP_036134606.1	0.743	112	29	0	1	112	1	112	3.354E-53	181
NP_001257920.1	moXP_036134616.1	0.740	103	27	0	1	103	1	103	1.787E-47	164
NP_001257921.1	moXP_036134625.1	0.721	103	28	0	1	103	1	103	4.404E-46	160
NP_001257922.1	moXP_036134633.1	0.715	94	27	0	1	94	1	94	5.265E-40	142
NP_071920.1	moXP_036096403.1	0.942	700	41	0	1	700	164	863	0.000E+00	1430
