NP_996890.1	pgXP_039741866.1	0.869	92	12	0	1	92	1	92	1.944E-51	175
NP_002976.2	pgXP_039741870.1	0.813	91	17	0	1	91	1	91	2.510E-48	166
NP_005469.2	pgXP_039694465.1	0.688	135	42	0	1	135	24	158	1.015E-54	187
NP_005469.2	pgXP_039694466.1	0.688	135	42	0	1	135	24	158	1.015E-54	187
NP_001137280.1	pgXP_039722011.1	0.979	247	5	0	1	247	1	247	3.314E-164	509
NP_001137280.1	pgXP_039722021.1	0.979	247	5	0	1	247	1	247	3.314E-164	509
NP_001137281.1	pgXP_039721999.1	0.976	255	6	0	22	276	47	301	8.119E-169	524
NP_001137282.1	pgXP_039721999.1	0.976	255	6	0	75	329	47	301	9.334E-168	524
NP_001137283.1	pgXP_039722011.1	0.979	247	5	0	1	247	1	247	3.314E-164	509
NP_001137283.1	pgXP_039722021.1	0.979	247	5	0	1	247	1	247	3.314E-164	509
NP_001137284.1	pgXP_039722011.1	0.979	247	5	0	1	247	1	247	3.314E-164	509
NP_001137284.1	pgXP_039722021.1	0.979	247	5	0	1	247	1	247	3.314E-164	509
NP_001321.1	pgXP_039740413.1	0.826	202	35	0	1	201	1	202	2.645E-101	325
NP_002987.1	pgXP_039736892.1	0.585	427	164	0	1	397	1	427	3.853E-149	474
NP_001556.2	pgXP_039701419.1	0.755	98	24	0	1	98	1	98	2.148E-45	158
NP_001138.1	pgXP_039733227.1	0.895	496	52	0	1	496	1	496	1.523E-307	937
NP_057069.1	pgXP_039719884.1	0.693	503	153	0	1	503	1	498	2.494E-225	700
NP_004664.1	pgXP_039737323.1	0.936	491	31	0	1	491	1	491	0.000E+00	992
NP_004664.1	pgXP_039737322.1	0.936	491	31	0	1	491	12	502	0.000E+00	992
XP_005245634.1	pgXP_039737323.1	0.936	491	31	0	1	491	1	491	0.000E+00	992
XP_005245634.1	pgXP_039737322.1	0.936	491	31	0	1	491	12	502	0.000E+00	992
NP_036230.1	pgXP_039717502.1	0.965	493	17	0	1	493	1	493	0.000E+00	1031
NP_006410.1	pgXP_039701457.1	0.494	95	46	0	1	92	1	95	5.011E-26	103
XP_006714126.1	pgXP_039701457.1	0.494	95	46	0	1	92	1	95	5.011E-26	103
NP_004878.2	pgXP_039692011.1	0.969	99	3	0	13	111	1	99	1.799E-61	205
NP_002080.1	pgXP_039701379.1	0.766	107	25	0	1	107	1	107	1.097E-48	168
NP_002080.1	pgXP_039701380.1	0.757	107	26	0	1	107	1	107	1.097E-48	168
NP_757366.2	pgXP_039714197.1	0.719	1331	364	0	1	1331	1	1298	0.000E+00	1848
NP_002181.1	pgXP_039708999.1	0.789	155	32	0	1	155	1	155	2.286E-80	262
NP_055258.1	pgXP_039691852.1	0.934	122	8	0	59	180	1	122	2.372E-75	249
NP_037410.1	pgXP_039744612.1	0.775	196	43	0	3	196	2	197	2.654E-99	319
NP_612141.1	pgXP_039719104.1	0.762	178	42	0	2	179	8	184	1.132E-85	280
NP_612141.1	pgXP_039719113.1	0.762	178	42	0	2	179	8	184	1.132E-85	280
NP_612141.1	pgXP_039719120.1	0.762	178	42	0	2	179	8	184	1.132E-85	280
NP_443104.1	pgXP_039709103.1	0.553	159	68	0	5	163	3	156	8.042E-54	186
NP_001553.1	pgXP_039743849.1	0.756	193	47	0	1	193	1	193	2.928E-96	310
NP_037503.2	pgXP_039737656.1	0.796	172	35	0	1	172	1	172	1.216E-89	290
NP_037503.2	pgXP_039737657.1	0.796	172	35	0	1	172	1	172	1.216E-89	290
NP_037503.2	pgXP_039737658.1	0.796	172	35	0	1	172	1	172	1.216E-89	290
NP_115822.1	pgXP_039704527.1	0.956	1139	50	0	1	1139	1	1139	0.000E+00	2575
NP_115822.1	pgXP_039704526.1	0.956	1139	50	0	1	1139	25	1163	0.000E+00	2575
NP_115821.2	pgXP_039721190.1	0.873	1140	132	0	1	1044	1	1140	0.000E+00	2334
NP_001400.3	pgXP_039698321.1	0.728	1528	402	0	1	1528	1	1478	0.000E+00	2704
NP_001258867.1	pgXP_039705930.1	0.943	2845	159	0	1	2845	1	2789	0.000E+00	5971
XP_005269501.1	pgXP_039728191.1	0.939	724	44	0	1	720	1	724	0.000E+00	1397
NP_004549.1	pgXP_039734403.1	0.939	197	12	0	1	197	1	197	3.007E-123	388
NP_004549.1	pgXP_039734404.1	0.939	197	12	0	1	197	1	197	3.007E-123	388
NP_004549.1	pgXP_039734405.1	0.939	197	12	0	1	197	1	197	3.007E-123	388
NP_001096124.1	pgXP_039730043.1	0.966	270	9	0	1	270	1	270	3.502E-175	542
NP_006170.1	pgXP_039724544.1	0.886	193	22	0	18	210	1	193	2.884E-113	360
XP_005259019.1	pgXP_039724544.1	0.886	193	22	0	18	210	1	193	2.884E-113	360
XP_006723295.1	pgXP_039724544.1	0.886	193	22	0	18	210	1	193	2.884E-113	360
NP_065391.1	pgXP_039717749.1	0.573	252	100	0	1	252	1	235	2.489E-83	276
NP_006265.1	pgXP_039731446.1	0.773	97	21	0	2	98	6	100	9.639E-46	159
NP_001123518.1	pgXP_039711508.1	0.673	95	31	0	1	95	2	96	1.132E-42	150
NP_004582.1	pgXP_039711507.1	0.677	96	31	0	1	96	2	97	5.329E-43	151
NP_149128.1	pgXP_039692356.1	0.932	59	4	0	1	59	1	59	1.946E-35	127
NP_001121070.1	pgXP_039696302.1	0.822	186	32	0	57	236	1	186	7.056E-99	320
NP_001121070.1	pgXP_039696303.1	0.822	186	32	0	57	236	1	186	7.056E-99	320
NP_001166243.1	pgXP_039707991.1	0.780	228	50	0	1	228	1	228	2.954E-120	382
NP_000538.3	pgXP_039710969.1	0.736	847	223	0	1	846	1	847	0.000E+00	1342
NP_149122.1	pgXP_039736235.1	0.937	352	22	0	1	352	1	352	2.132E-239	732
NP_003383.2	pgXP_039723349.1	0.992	379	3	0	2	380	5	383	3.229E-266	811
NP_001710.1	pgXP_039720613.1	0.983	431	7	0	1	431	1	431	1.203E-294	896
NP_004741.1	pgXP_039723582.1	0.983	367	6	0	38	404	13	379	1.061E-256	786
NP_057070.3	pgXP_039741961.1	0.970	438	13	0	5	442	1	438	2.418E-292	890
NP_057274.1	pgXP_039705534.1	0.581	474	187	0	1	474	1	448	2.076E-148	477
XP_006711409.1	pgXP_039705534.1	0.581	474	187	0	1	474	1	448	2.076E-148	477
NP_000748.3	pgXP_039697067.1	0.737	554	145	0	1	554	1	553	2.877E-258	798
NP_757350.1	pgXP_039697069.1	0.782	256	55	0	1	256	1	255	1.587E-125	398
NP_757351.1	pgXP_039697067.1	0.737	554	145	0	1	554	1	553	2.877E-258	798
NP_000749.2	pgXP_039735909.1	0.757	140	34	0	1	140	1	140	1.956E-68	227
NP_066988.1	pgXP_039737346.1	0.943	783	45	0	1	783	1	783	0.000E+00	1565
XP_006710728.1	pgXP_039697220.1	0.868	244	32	0	1	241	1	244	3.979E-142	445
XP_006710728.1	pgXP_039697221.1	0.868	244	32	0	1	241	1	244	3.979E-142	445
XP_006710728.1	pgXP_039697222.1	0.868	244	32	0	1	241	1	244	3.979E-142	445
NP_060525.3	pgXP_039727960.1	0.856	347	50	0	1	347	1	347	3.890E-204	630
NP_001104754.1	pgXP_039733887.1	0.978	137	3	0	1	137	1	137	2.003E-89	287
NP_005534.2	pgXP_039723755.1	0.679	131	42	0	1	131	88	218	1.701E-55	189
NP_005250.1	pgXP_039700080.1	0.976	375	9	0	1	375	1	375	2.896E-256	782
NP_002497.2	pgXP_039697220.1	0.868	244	32	0	1	241	1	244	3.979E-142	445
NP_002497.2	pgXP_039697221.1	0.868	244	32	0	1	241	1	244	3.979E-142	445
NP_002497.2	pgXP_039697222.1	0.868	244	32	0	1	241	1	244	3.979E-142	445
XP_006710726.1	pgXP_039697220.1	0.868	244	32	0	1	241	1	244	3.979E-142	445
XP_006710726.1	pgXP_039697221.1	0.868	244	32	0	1	241	1	244	3.979E-142	445
XP_006710726.1	pgXP_039697222.1	0.868	244	32	0	1	241	1	244	3.979E-142	445
NP_001278790.1	pgXP_039696302.1	0.822	186	32	0	1	180	1	186	5.398E-100	320
NP_001278790.1	pgXP_039696303.1	0.822	186	32	0	1	180	1	186	5.398E-100	320
NP_001278791.1	pgXP_039696302.1	0.822	186	32	0	1	180	1	186	5.398E-100	320
NP_001278791.1	pgXP_039696303.1	0.822	186	32	0	1	180	1	186	5.398E-100	320
NP_002172.2	pgXP_039700738.1	0.948	411	21	0	1	411	1	410	6.204E-266	812
NP_000563.1	pgXP_039737821.1	0.836	177	29	0	1	177	1	177	1.600E-95	307
NP_000632.1	pgXP_039713039.1	0.929	199	14	0	1	199	1	199	4.393E-120	379
NP_001254647.1	pgXP_039713040.1	0.950	120	6	0	1	120	1	120	1.034E-71	235
NP_000873.2	pgXP_039713988.1	0.846	222	34	0	35	253	1	222	2.896E-117	374
NP_001257918.1	pgXP_039701390.1	0.834	151	25	0	1	151	1	151	5.494E-87	281
NP_039258.1	pgXP_039702354.1	0.935	640	41	0	1	640	1	639	0.000E+00	1236
NP_004874.1	pgXP_039692204.1	0.921	850	67	0	1	850	1	848	0.000E+00	1627
NP_683513.1	pgXP_039733033.1	0.752	125	30	0	3	127	2	124	4.715E-59	199
NP_001001437.2	pgXP_039741865.1	0.806	93	18	0	1	93	1	93	6.830E-47	162
NP_066286.1	pgXP_039741865.1	0.806	93	18	0	1	93	1	93	6.830E-47	162
NP_002975.1	pgXP_039741866.1	0.858	92	13	0	1	92	1	92	1.944E-51	175
NP_006264.2	pgXP_039741918.1	0.765	98	23	0	1	98	1	98	2.037E-46	161
NP_005614.2	pgXP_039742456.1	0.747	99	25	0	1	99	1	99	9.140E-47	162
NP_001072998.1	pgXP_039724731.1	0.645	199	70	0	8	206	14	212	7.730E-83	273
NP_003732.2	pgXP_039706596.1	0.900	957	95	0	1	955	1	957	0.000E+00	1847
XP_005247907.1	pgXP_039706597.1	0.900	956	95	0	1	954	1	956	0.000E+00	1845
NP_001137453.1	pgXP_039730706.1	0.839	458	68	0	1	458	69	489	5.330E-274	838
NP_001191432.1	pgXP_039734603.1	0.790	220	46	0	1	220	68	287	5.954E-109	349
NP_001191432.1	pgXP_039734601.1	0.790	220	46	0	1	220	1	220	5.954E-109	349
NP_001191432.1	pgXP_039734602.1	0.790	220	46	0	1	220	1	220	5.954E-109	349
NP_001191432.1	pgXP_039734600.1	0.790	220	46	0	1	220	33	252	5.954E-109	349
NP_001191432.1	pgXP_039734598.1	0.790	220	46	0	1	220	68	287	5.954E-109	349
NP_001265566.1	pgXP_039734604.1	0.768	138	32	0	1	138	1	138	1.072E-62	211
NP_001265567.1	pgXP_039734604.1	0.768	138	32	0	1	138	1	138	1.072E-62	211
NP_005969.1	pgXP_039705690.1	0.907	97	9	0	1	97	1	97	2.029E-53	181
NP_002951.1	pgXP_039705701.1	0.851	101	15	0	1	101	1	101	3.675E-57	192
NP_002951.1	pgXP_039705703.1	0.851	101	15	0	1	101	1	101	3.675E-57	192
NP_002951.1	pgXP_039705704.1	0.851	101	15	0	1	101	1	101	3.675E-57	192
NP_002951.1	pgXP_039705705.1	0.851	101	15	0	1	101	1	101	3.675E-57	192
NP_002951.1	pgXP_039705706.1	0.851	101	15	0	1	101	1	101	3.675E-57	192
NP_002951.1	pgXP_039705707.1	0.851	101	15	0	1	101	1	101	3.675E-57	192
NP_002951.1	pgXP_039705708.1	0.851	101	15	0	1	101	1	101	3.675E-57	192
NP_002951.1	pgXP_039705702.1	0.851	101	15	0	1	101	25	125	3.675E-57	192
NP_002951.1	pgXP_039705700.1	0.851	101	15	0	1	101	56	156	3.675E-57	192
NP_002952.1	pgXP_039705685.1	0.970	101	3	0	1	101	1	101	4.489E-63	209
NP_062427.1	pgXP_039705685.1	0.970	101	3	0	1	101	1	101	4.489E-63	209
NP_002953.2	pgXP_039705697.1	0.946	93	5	0	1	92	1	93	1.756E-52	178
NP_002953.2	pgXP_039705698.1	0.946	93	5	0	1	92	1	93	1.756E-52	178
NP_002953.2	pgXP_039705699.1	0.946	93	5	0	1	92	1	93	1.756E-52	178
XP_005245487.1	pgXP_039705696.1	0.946	94	5	0	18	110	23	116	1.889E-52	179
XP_005245487.1	pgXP_039705696.1	0.946	94	5	0	18	110	23	116	1.889E-52	179
NP_002954.2	pgXP_039705710.1	0.673	101	33	0	1	101	1	101	1.233E-44	156
NP_002954.2	pgXP_039705711.1	0.673	101	33	0	1	101	1	101	1.233E-44	156
NP_002954.2	pgXP_039705712.1	0.673	101	33	0	1	101	1	101	1.233E-44	156
NP_002954.2	pgXP_039705713.1	0.673	101	33	0	1	101	1	101	1.233E-44	156
NP_002954.2	pgXP_039705709.1	0.673	101	33	0	1	101	9	109	1.233E-44	156
XP_005245488.1	pgXP_039705710.1	0.673	101	33	0	1	101	1	101	1.233E-44	156
XP_005245488.1	pgXP_039705711.1	0.673	101	33	0	1	101	1	101	1.233E-44	156
XP_005245488.1	pgXP_039705712.1	0.673	101	33	0	1	101	1	101	1.233E-44	156
XP_005245488.1	pgXP_039705713.1	0.673	101	33	0	1	101	1	101	1.233E-44	156
XP_005245488.1	pgXP_039705709.1	0.673	101	33	0	1	101	9	109	1.233E-44	156
NP_000579.2	pgXP_039736257.1	0.379	139	84	0	1	139	1	137	3.361E-14	71
NP_005971.1	pgXP_039694162.1	0.838	93	15	0	1	93	1	93	6.801E-48	165
NP_001020538.2	pgXP_039710410.1	0.942	209	12	0	181	389	1	208	9.136E-135	432
NP_110388.2	pgXP_039710567.1	1.000	351	0	0	1	351	1	351	2.844E-244	746
NP_002986.1	pgXP_039737565.1	0.678	112	35	0	1	112	1	109	1.253E-42	151
NP_001183980.1	pgXP_039716378.1	0.951	577	28	0	1	569	1	577	0.000E+00	1131
XP_005262278.1	pgXP_039730706.1	0.839	458	68	0	1	458	69	489	5.330E-274	838
NP_001265402.1	pgXP_039703977.1	0.878	429	52	0	1	429	1	429	1.958E-279	852
NP_056239.3	pgXP_039703976.1	0.882	452	53	0	1	451	1	452	1.510E-293	894
NP_001159684.1	pgXP_039696654.1	0.972	215	6	0	1	215	1	215	4.349E-145	452
NP_037378.1	pgXP_039696653.1	0.972	221	6	0	5	225	10	230	9.699E-150	466
NP_000605.1	pgXP_039716381.1	0.840	200	32	0	1	200	1	200	4.019E-113	359
NP_116739.1	pgXP_039741869.1	0.691	94	28	0	1	92	1	94	1.138E-41	147
NP_116741.2	pgXP_039741861.1	0.482	111	55	0	1	108	1	111	8.091E-23	94
NP_002978.1	pgXP_039736904.1	0.725	91	25	0	1	91	1	91	1.194E-41	147
NP_056322.2	pgXP_039729236.1	0.810	553	105	0	1	552	1	553	0.000E+00	994
NP_057299.1	pgXP_039714823.1	0.805	273	53	0	1	272	1	273	5.764E-154	481
NP_958854.1	pgXP_039714823.1	0.805	273	53	0	1	272	1	273	5.764E-154	481
NP_085155.1	pgXP_039739049.1	0.810	153	27	0	1	143	1	153	6.246E-83	277
NP_000581.1	pgXP_039691840.1	0.710	138	40	0	1	138	1	138	7.073E-63	211
NP_002183.1	pgXP_039704909.1	0.948	426	22	0	1	426	1	426	3.450E-280	854
NP_002184.2	pgXP_039728576.1	0.977	407	9	0	1	407	1	407	5.310E-283	861
NP_005529.1	pgXP_039721706.1	0.838	352	57	0	1	352	1	351	2.482E-194	602
NP_113667.1	pgXP_039721705.1	0.843	351	55	0	1	350	1	351	1.433E-199	617
NP_000198.1	pgXP_039696307.1	0.845	110	17	0	1	110	1	110	2.092E-59	199
NP_001172026.1	pgXP_039696307.1	0.845	110	17	0	1	110	1	110	2.092E-59	199
NP_001172027.1	pgXP_039696307.1	0.845	110	17	0	1	110	1	110	2.092E-59	199
NP_001278826.1	pgXP_039696307.1	0.845	110	17	0	1	110	1	110	2.092E-59	199
NP_490645.1	pgXP_039691842.1	0.920	350	28	0	1	350	1	350	2.532E-228	700
XP_005272133.1	pgXP_039691841.1	0.880	369	44	0	1	368	1	369	3.169E-226	695
NP_003384.2	pgXP_039726839.1	0.937	350	21	0	22	351	22	371	5.627E-228	699
XP_006710727.1	pgXP_039697220.1	0.868	244	32	0	1	241	1	244	3.979E-142	445
XP_006710727.1	pgXP_039697221.1	0.868	244	32	0	1	241	1	244	3.979E-142	445
XP_006710727.1	pgXP_039697222.1	0.868	244	32	0	1	241	1	244	3.979E-142	445
NP_002955.2	pgXP_039705772.1	0.698	93	28	0	1	93	1	93	2.067E-43	152
NP_002955.2	pgXP_039705714.1	0.698	93	28	0	1	93	1	93	2.067E-43	152
NP_002956.1	pgXP_039705682.1	0.654	107	36	0	6	111	30	136	6.217E-42	149
NP_006263.1	pgXP_039735726.1	0.880	92	11	0	1	92	1	92	4.794E-50	171
NP_001137279.1	pgXP_039722011.1	0.979	247	5	0	1	247	1	247	3.314E-164	509
NP_001137279.1	pgXP_039722021.1	0.979	247	5	0	1	247	1	247	3.314E-164	509
NP_001873.2	pgXP_039713835.1	0.881	253	30	0	23	275	37	289	5.397E-153	481
XP_005273733.1	pgXP_039723569.1	0.946	205	11	0	1	205	1	205	5.530E-129	405
NP_003853.1	pgXP_039733730.1	0.985	206	3	0	1	206	1	206	1.282E-137	430
NP_005108.1	pgXP_039696329.1	0.782	216	47	0	1	216	1	216	7.712E-114	362
NP_001997.5	pgXP_039735599.1	0.779	286	63	0	3	288	114	398	1.300E-143	452
NP_062825.1	pgXP_039695257.1	0.957	211	9	0	1	211	1	211	3.136E-138	432
NP_061986.1	pgXP_039724484.1	0.806	202	39	0	8	209	8	208	1.299E-104	335
XP_005258788.1	pgXP_039724484.1	0.806	202	39	0	8	209	8	208	1.299E-104	335
NP_065688.1	pgXP_039694965.1	0.796	167	34	0	4	170	4	170	7.966E-91	293
XP_006715796.1	pgXP_039735046.1	0.886	211	24	0	1	211	1	211	1.294E-122	387
XP_006715796.1	pgXP_039735047.1	0.886	211	24	0	1	211	1	211	1.294E-122	387
NP_002599.1	pgXP_039719354.1	0.908	241	22	0	1	241	1	241	1.020E-148	464
NP_148937.1	pgXP_039719353.1	0.900	221	22	0	6	226	23	243	9.281E-134	420
NP_057289.1	pgXP_039732156.1	0.959	345	14	0	1	345	1	345	1.097E-234	718
NP_079484.1	pgXP_039714710.1	0.921	370	29	0	1	370	1	370	8.344E-242	740
NP_149126.1	pgXP_039714711.1	0.920	364	29	0	1	364	1	364	2.026E-237	727
NP_002610.1	pgXP_039700899.1	0.647	105	35	0	1	101	1	105	1.128E-37	136
NP_002610.1	pgXP_039700898.1	0.650	106	35	0	1	101	1	106	1.128E-37	136
NP_001137286.1	pgXP_039722011.1	0.979	247	5	0	1	247	1	247	3.314E-164	509
NP_001137286.1	pgXP_039722021.1	0.979	247	5	0	1	247	1	247	3.314E-164	509
NP_001193673.1	pgXP_039710969.1	0.736	847	223	0	1	846	1	847	0.000E+00	1342
NP_003382.1	pgXP_039716701.1	0.950	360	18	0	1	360	1	360	1.230E-249	762
NP_001278809.1	pgXP_039697140.1	0.989	299	3	0	1	299	1	299	1.785E-214	657
NP_001278809.1	pgXP_039697141.1	0.989	299	3	0	1	299	1	299	1.785E-214	657
NP_078613.1	pgXP_039697139.1	0.964	393	14	0	1	391	1	393	4.104E-269	820
NP_110380.1	pgXP_039702739.1	0.994	355	2	0	1	355	1	355	2.286E-257	784
NP_002001.1	pgXP_039719241.1	0.995	208	1	0	1	208	1	208	2.046E-141	441
NP_001073966.2	pgXP_039722688.1	0.847	602	92	0	1	602	1	600	0.000E+00	1107
NP_002981.2	pgXP_039736893.1	0.698	93	28	0	1	93	1	93	1.138E-41	147
NP_002981.2	pgXP_039736894.1	0.698	93	28	0	1	93	1	93	1.138E-41	147
NP_004104.3	pgXP_039706690.1	1.000	181	0	0	1	181	1	181	1.867E-120	379
NP_066360.1	pgXP_039706688.1	1.000	243	0	0	1	243	1	243	1.635E-161	501
NP_066278.3	pgXP_039693714.1	0.871	724	93	0	1	724	1	721	0.000E+00	1434
NP_009110.2	pgXP_039739070.1	0.600	213	83	0	1	213	1	209	6.129E-72	241
NP_543016.1	pgXP_039730408.1	0.948	464	24	0	1	464	1	464	6.998E-309	939
NP_954993.1	pgXP_039739858.1	0.586	571	207	0	1	571	1	500	4.219E-216	677
NP_000890.1	pgXP_039724942.1	0.821	274	49	0	1	273	1	274	1.209E-145	457
NP_003985.2	pgXP_039724945.1	0.800	246	49	0	1	245	1	246	7.962E-128	404
NP_001276932.1	pgXP_039706599.1	0.775	352	79	0	141	492	1	352	3.724E-169	537
NP_001276951.1	pgXP_039706600.1	0.772	348	79	0	1	348	1	348	2.105E-168	527
NP_001276955.1	pgXP_039706602.1	0.786	319	68	0	1	319	1	319	2.219E-170	531
NP_001276956.1	pgXP_039706603.1	0.804	286	56	0	1	286	1	286	9.575E-155	484
NP_001276957.1	pgXP_039706599.1	0.775	352	79	0	1	352	1	352	8.652E-172	537
NP_001276926.1	pgXP_039706603.1	0.804	286	56	0	1	286	1	286	9.575E-155	484
NP_001276956.1	pgXP_039706603.1	0.804	286	56	0	1	286	1	286	9.575E-155	484
NP_000585.2	pgXP_039739035.1	0.884	233	27	0	1	233	1	233	1.288E-133	420
NP_003801.1	pgXP_039720980.1	0.795	289	57	0	1	281	1	289	4.517E-152	476
NP_114123.2	pgXP_039729188.1	0.874	470	58	0	1	470	1	463	2.415E-280	857
NP_114123.2	pgXP_039729186.1	0.874	470	58	0	1	470	7	469	2.415E-280	857
NP_114123.2	pgXP_039729187.1	0.874	470	58	0	1	470	7	469	2.415E-280	857
NP_066969.1	pgXP_039698167.1	0.901	346	34	0	1	346	1	344	2.072E-219	674
NP_066969.1	pgXP_039698168.1	0.901	346	34	0	1	346	1	344	2.072E-219	674
NP_001648.1	pgXP_039700901.1	0.802	252	50	0	1	252	72	323	3.742E-131	414
NP_476432.2	pgXP_039739597.1	0.801	222	44	0	1	220	1	222	1.119E-111	356
NP_039251.2	pgXP_039702357.1	0.935	637	41	0	1	637	1	636	0.000E+00	1232
NP_039254.1	pgXP_039702360.1	0.952	462	22	0	1	462	1	462	1.593E-298	909
NP_001230662.1	pgXP_039716005.1	0.973	188	5	0	1	188	1	188	2.977E-127	399
NP_003368.1	pgXP_039715997.1	0.966	207	7	0	1	207	1	207	7.660E-135	422
NP_005420.1	pgXP_039738527.1	0.876	420	52	0	1	419	1	420	1.385E-269	823
NP_940972.2	pgXP_039694379.1	0.885	235	27	0	1	233	1	235	3.090E-143	453
NP_001073969.1	pgXP_039700643.1	0.977	222	5	0	1	222	1	222	4.981E-164	507
NP_444514.1	pgXP_039740695.1	0.874	548	69	0	1	548	1	548	0.000E+00	1033
NP_000470.2	pgXP_039695084.1	0.771	570	126	0	9	560	8	577	2.420E-281	865
NP_001137.2	pgXP_039709648.1	0.967	498	16	0	1	498	1	498	0.000E+00	1027
NP_001186788.1	pgXP_039709649.1	0.967	497	16	0	1	497	1	497	0.000E+00	1024
NP_001112359.1	pgXP_039733228.1	0.894	495	52	0	1	495	1	495	7.174E-307	935
NP_001165099.1	pgXP_039710413.1	0.918	147	12	0	1	147	1	146	2.425E-92	296
NP_783165.1	pgXP_039702340.1	0.942	576	33	0	1	576	1	575	0.000E+00	1186
NP_009122.2	pgXP_039721851.1	0.941	379	22	0	1	379	1	379	3.707E-264	805
NP_005421.1	pgXP_039738772.1	0.991	370	3	0	1	370	1	370	5.913E-263	801
NP_079492.2	pgXP_039700854.1	0.965	380	13	0	38	417	2	381	4.861E-263	804
NP_003385.2	pgXP_039738084.1	0.976	389	9	0	1	389	1	389	5.737E-273	831
NP_003385.2	pgXP_039738085.1	0.976	389	9	0	1	389	1	389	5.737E-273	831
NP_004617.2	pgXP_039704023.1	0.983	354	6	0	1	354	1	354	2.722E-246	752
NP_004617.2	pgXP_039704021.1	0.983	354	6	0	1	354	1	354	2.722E-246	752
NP_004617.2	pgXP_039704022.1	0.983	354	6	0	1	354	1	354	2.722E-246	752
NP_149354.1	pgXP_039728358.1	0.991	233	2	0	1	233	1	233	1.967E-154	480
NP_149355.1	pgXP_039728360.1	1.000	204	0	0	1	204	1	204	1.222E-136	427
NP_005121.1	pgXP_039694083.1	0.548	258	105	0	1	234	1	258	1.252E-82	273
NP_114156.1	pgXP_039705742.1	0.316	94	57	0	109	192	397	490	1.377E-02	38
NP_114156.1	pgXP_039702935.1	0.316	94	57	0	109	192	397	490	1.377E-02	38
NP_114156.1	pgXP_039739560.1	0.316	94	57	0	109	192	397	490	1.377E-02	38
NP_689642.3	pgXP_039728369.1	0.697	258	77	0	1	258	1	255	1.634E-117	375
NP_004460.1	pgXP_039729396.1	0.867	354	47	0	1	354	1	351	9.363E-224	687
NP_001014364.1	pgXP_039740352.1	0.301	496	328	0	603	1072	11	506	6.919E-37	156
NP_001191431.1	pgXP_039734603.1	0.790	220	46	0	1	220	68	287	5.954E-109	349
NP_001191431.1	pgXP_039734601.1	0.790	220	46	0	1	220	1	220	5.954E-109	349
NP_001191431.1	pgXP_039734602.1	0.790	220	46	0	1	220	1	220	5.954E-109	349
NP_001191431.1	pgXP_039734600.1	0.790	220	46	0	1	220	33	252	5.954E-109	349
NP_001191431.1	pgXP_039734598.1	0.790	220	46	0	1	220	68	287	5.954E-109	349
NP_715639.1	pgXP_039737655.1	0.787	174	37	0	37	210	4	177	3.116E-89	291
NP_000566.3	pgXP_039707579.1	0.666	269	89	0	1	269	1	268	1.471E-107	347
NP_000566.3	pgXP_039707580.1	0.666	269	89	0	1	269	1	268	1.471E-107	347
NP_000566.3	pgXP_039728563.1	0.666	269	89	0	1	269	1	268	1.471E-107	347
NP_000567.1	pgXP_039707586.1	0.630	199	73	0	1	199	40	237	6.441E-71	241
NP_115945.4	pgXP_039707588.1	0.814	151	28	0	1	151	1	151	8.099E-82	266
NP_775184.1	pgXP_039707588.1	0.814	151	28	0	1	151	1	151	8.099E-82	266
NP_002300.1	pgXP_039717950.1	0.915	202	17	0	1	202	1	202	1.289E-126	398
XP_006724303.1	pgXP_039717950.1	0.915	202	17	0	1	202	1	202	1.289E-126	398
NP_000586.2	pgXP_039739042.1	0.765	205	48	0	1	205	1	205	1.572E-100	323
NP_003229.1	pgXP_039739317.1	0.974	386	10	0	29	414	1	386	2.287E-261	799
NP_003230.1	pgXP_039739790.1	0.958	412	17	0	1	412	1	408	2.842E-275	839
NP_003230.1	pgXP_039739791.1	0.958	412	17	0	1	412	1	408	2.842E-275	839
NP_005109.2	pgXP_039722718.1	0.836	256	41	0	1	251	1	256	3.438E-140	440
NP_005109.2	pgXP_039722719.1	0.836	256	41	0	1	251	1	256	3.438E-140	440
NP_005083.2	pgXP_039737405.1	0.647	173	61	0	23	195	1	173	6.122E-74	246
NP_003317.1	pgXP_039737404.1	0.657	181	62	0	1	181	1	181	1.113E-76	253
NP_001235.1	pgXP_039722717.1	0.794	234	48	0	1	234	1	234	3.437E-123	390
NP_003802.1	pgXP_039734453.1	0.559	255	111	0	1	253	1	255	1.867E-69	236
XP_006722994.1	pgXP_039734453.1	0.559	255	111	0	1	253	1	255	1.867E-69	236
NP_004106.1	pgXP_039704906.1	0.991	247	2	0	1	247	1	247	3.314E-164	509
NP_787125.1	pgXP_039704908.1	0.992	252	2	0	1	252	1	252	9.793E-172	531
NP_003858.1	pgXP_039723568.1	0.949	216	11	0	1	216	1	216	8.837E-138	431
NP_039250.2	pgXP_039702353.1	0.936	645	41	0	1	645	1	644	0.000E+00	1249
NP_002985.1	pgXP_039701378.1	0.666	114	35	0	1	114	1	107	1.133E-43	154
NP_002984.1	pgXP_039701378.1	0.675	114	34	0	1	114	1	107	1.133E-43	154
NP_000575.1	pgXP_039701376.1	0.804	97	19	0	1	97	1	97	4.101E-47	163
NP_002407.1	pgXP_039701418.1	0.722	126	34	0	1	125	1	126	1.417E-54	186
NP_066382.1	pgXP_039738072.1	0.967	396	13	0	1	396	1	396	2.409E-260	795
NP_996890.1	pgXP_039741866.1	0.869	92	12	0	1	92	1	92	1.944E-51	175
NP_996890.1	pgXP_039741866.1	0.869	92	12	0	1	92	1	92	1.944E-51	175
NP_000790.2	pgXP_039705133.1	0.840	193	31	0	1	193	1	193	9.915E-100	320
NP_001423.1	pgXP_039700900.1	0.815	163	30	0	7	169	1	163	1.013E-87	284
NP_000630.1	pgXP_039737407.1	0.869	281	37	0	1	281	1	281	1.025E-168	524
NP_000791.1	pgXP_039692348.1	0.948	155	8	0	1	155	1	155	7.390E-101	321
NP_000791.1	pgXP_039692349.1	0.948	155	8	0	1	155	1	155	7.390E-101	321
NP_000791.1	pgXP_039692350.1	0.948	155	8	0	1	155	1	155	7.390E-101	321
NP_000791.1	pgXP_039692351.1	0.948	155	8	0	1	155	1	155	7.390E-101	321
NP_000791.1	pgXP_039692352.1	0.948	155	8	0	1	155	1	155	7.390E-101	321
NP_000791.1	pgXP_039692353.1	0.948	155	8	0	1	155	1	155	7.390E-101	321
NP_001138364.1	pgXP_039692348.1	0.948	155	8	0	1	155	1	155	7.390E-101	321
NP_001138364.1	pgXP_039692349.1	0.948	155	8	0	1	155	1	155	7.390E-101	321
NP_001138364.1	pgXP_039692350.1	0.948	155	8	0	1	155	1	155	7.390E-101	321
NP_001138364.1	pgXP_039692351.1	0.948	155	8	0	1	155	1	155	7.390E-101	321
NP_001138364.1	pgXP_039692352.1	0.948	155	8	0	1	155	1	155	7.390E-101	321
NP_001138364.1	pgXP_039692353.1	0.948	155	8	0	1	155	1	155	7.390E-101	321
NP_001138406.1	pgXP_039692348.1	0.948	155	8	0	1	155	1	155	7.390E-101	321
NP_001138406.1	pgXP_039692349.1	0.948	155	8	0	1	155	1	155	7.390E-101	321
NP_001138406.1	pgXP_039692350.1	0.948	155	8	0	1	155	1	155	7.390E-101	321
NP_001138406.1	pgXP_039692351.1	0.948	155	8	0	1	155	1	155	7.390E-101	321
NP_001138406.1	pgXP_039692352.1	0.948	155	8	0	1	155	1	155	7.390E-101	321
NP_001138406.1	pgXP_039692353.1	0.948	155	8	0	1	155	1	155	7.390E-101	321
NP_001138407.1	pgXP_039692348.1	0.948	155	8	0	1	155	1	155	7.390E-101	321
NP_001138407.1	pgXP_039692349.1	0.948	155	8	0	1	155	1	155	7.390E-101	321
NP_001138407.1	pgXP_039692350.1	0.948	155	8	0	1	155	1	155	7.390E-101	321
NP_001138407.1	pgXP_039692351.1	0.948	155	8	0	1	155	1	155	7.390E-101	321
NP_001138407.1	pgXP_039692352.1	0.948	155	8	0	1	155	1	155	7.390E-101	321
NP_001138407.1	pgXP_039692353.1	0.948	155	8	0	1	155	1	155	7.390E-101	321
NP_001244134.1	pgXP_039692348.1	0.948	155	8	0	1	155	1	155	7.390E-101	321
NP_001244134.1	pgXP_039692349.1	0.948	155	8	0	1	155	1	155	7.390E-101	321
NP_001244134.1	pgXP_039692350.1	0.948	155	8	0	1	155	1	155	7.390E-101	321
NP_001244134.1	pgXP_039692351.1	0.948	155	8	0	1	155	1	155	7.390E-101	321
NP_001244134.1	pgXP_039692352.1	0.948	155	8	0	1	155	1	155	7.390E-101	321
NP_001244134.1	pgXP_039692353.1	0.948	155	8	0	1	155	1	155	7.390E-101	321
NP_001244136.1	pgXP_039692348.1	0.948	155	8	0	1	155	1	155	7.390E-101	321
NP_001244136.1	pgXP_039692349.1	0.948	155	8	0	1	155	1	155	7.390E-101	321
NP_001244136.1	pgXP_039692350.1	0.948	155	8	0	1	155	1	155	7.390E-101	321
NP_001244136.1	pgXP_039692351.1	0.948	155	8	0	1	155	1	155	7.390E-101	321
NP_001244136.1	pgXP_039692352.1	0.948	155	8	0	1	155	1	155	7.390E-101	321
NP_001244136.1	pgXP_039692353.1	0.948	155	8	0	1	155	1	155	7.390E-101	321
NP_001244137.1	pgXP_039692348.1	0.948	155	8	0	1	155	1	155	7.390E-101	321
NP_001244137.1	pgXP_039692349.1	0.948	155	8	0	1	155	1	155	7.390E-101	321
NP_001244137.1	pgXP_039692350.1	0.948	155	8	0	1	155	1	155	7.390E-101	321
NP_001244137.1	pgXP_039692351.1	0.948	155	8	0	1	155	1	155	7.390E-101	321
NP_001244137.1	pgXP_039692352.1	0.948	155	8	0	1	155	1	155	7.390E-101	321
NP_001244137.1	pgXP_039692353.1	0.948	155	8	0	1	155	1	155	7.390E-101	321
NP_002160.1	pgXP_039702964.1	0.714	189	54	0	1	189	1	189	1.267E-86	282
NP_002167.1	pgXP_039722326.1	0.636	187	67	0	1	187	1	185	7.955E-74	245
NP_001165599.1	pgXP_039714194.1	0.719	1330	364	0	1	1330	1	1297	0.000E+00	1847
NP_001165599.1	pgXP_039714195.1	0.719	1330	364	0	1	1330	1	1297	0.000E+00	1847
NP_001165599.1	pgXP_039714196.1	0.719	1330	364	0	1	1330	1	1297	0.000E+00	1847
NP_057668.1	pgXP_039721640.1	0.842	190	30	0	1	189	1	190	5.630E-104	332
NP_057668.1	pgXP_039721641.1	0.842	190	30	0	1	189	1	190	5.630E-104	332
NP_001172085.1	pgXP_039737651.1	0.723	181	50	0	27	207	3	183	8.435E-83	272
NP_004048.1	pgXP_039708188.1	0.784	79	17	0	1	79	26	104	9.629E-37	132
NP_766638.2	pgXP_039719171.1	0.926	988	73	0	1	988	1	988	0.000E+00	2061
NP_001188288.1	pgXP_039713818.1	0.526	150	70	0	1	148	33	182	1.232E-42	153
NP_001188288.1	pgXP_039713825.1	0.526	150	70	0	1	148	33	182	1.232E-42	153
NP_001188288.1	pgXP_039713830.1	0.526	150	70	0	1	148	33	182	1.232E-42	153
NP_001188288.1	pgXP_039713834.1	0.526	150	70	0	1	148	33	182	1.232E-42	153
NP_006063.1	pgXP_039705141.1	0.617	89	34	0	1	89	1	89	2.213E-35	129
NP_001450.2	pgXP_039734603.1	0.790	220	46	0	1	220	68	287	5.954E-109	349
NP_001450.2	pgXP_039734601.1	0.790	220	46	0	1	220	1	220	5.954E-109	349
NP_001450.2	pgXP_039734602.1	0.790	220	46	0	1	220	1	220	5.954E-109	349
NP_001450.2	pgXP_039734600.1	0.790	220	46	0	1	220	33	252	5.954E-109	349
NP_001450.2	pgXP_039734598.1	0.790	220	46	0	1	220	68	287	5.954E-109	349
XP_006723180.1	pgXP_039734599.1	0.782	202	44	0	1	202	68	269	3.284E-98	317
NP_001454.2	pgXP_039711439.1	0.972	325	9	0	1	325	1	325	3.178E-221	678
NP_006341.1	pgXP_039725861.1	0.979	241	5	0	1	241	1	241	3.743E-172	536
NP_037541.1	pgXP_039725861.1	0.979	241	5	0	1	241	1	241	1.280E-171	536
NP_009016.1	pgXP_039699058.1	0.974	308	8	0	1	308	55	360	1.785E-210	646
NP_005851.1	pgXP_039694962.1	0.893	263	28	0	1	263	1	262	1.500E-172	534
XP_005253090.2	pgXP_039719469.1	0.903	1024	97	0	1	999	1	1024	0.000E+00	2038
XP_005249000.1	pgXP_039712122.1	0.971	1009	29	0	1	1009	1	1009	0.000E+00	2196
NP_001137278.1	pgXP_039722011.1	0.979	247	5	0	1	247	1	247	3.314E-164	509
NP_001137278.1	pgXP_039722021.1	0.979	247	5	0	1	247	1	247	3.314E-164	509
NP_149127.1	pgXP_039692355.1	0.933	60	4	0	1	60	1	60	4.113E-36	129
NP_005746.2	pgXP_039734309.1	0.733	229	61	0	1	229	1	229	6.321E-114	363
NP_001005609.1	pgXP_039694913.1	0.943	389	22	0	1	389	1	389	3.019E-254	777
NP_001005612.2	pgXP_039694915.1	0.943	386	22	0	1	386	1	386	3.155E-252	771
NP_001390.1	pgXP_039694911.1	0.943	391	22	0	1	391	1	391	1.360E-255	781
NP_001954.2	pgXP_039704680.1	0.796	1207	245	0	1	1200	1	1207	0.000E+00	2091
NP_689669.2	pgXP_039707991.1	0.780	228	50	0	1	228	1	228	2.954E-120	382
NP_000580.1	pgXP_039736275.1	0.546	150	60	0	1	150	1	133	2.967E-43	155
NP_000870.1	pgXP_039735887.1	0.701	134	40	0	1	134	1	134	1.774E-56	192
NP_000591.1	pgXP_039718459.1	0.627	212	78	0	1	212	1	209	1.157E-81	269
NP_000871.1	pgXP_039697855.1	0.677	177	56	0	1	177	1	175	2.274E-74	246
NP_000871.1	pgXP_039697854.1	0.670	179	58	0	1	177	1	179	2.274E-74	246
NP_002980.1	pgXP_039731439.1	0.776	134	29	0	1	134	1	130	1.805E-64	215
NP_001186816.1	pgXP_039697856.1	0.677	161	51	0	1	159	1	161	8.738E-68	226
NP_001020539.2	pgXP_039710411.1	0.937	191	12	0	181	371	1	190	5.373E-123	397
NP_001020541.2	pgXP_039710413.1	0.918	147	12	0	181	327	1	146	6.804E-89	296
NP_001711.2	pgXP_039706922.1	0.910	402	36	0	1	402	1	402	5.530E-254	777
NP_001034860.1	pgXP_039726356.1	0.912	205	18	0	1	205	1	205	1.974E-123	389
NP_542184.1	pgXP_039719629.1	0.980	201	4	0	1	201	1	201	1.118E-127	401
NP_000506.2	pgXP_039715067.1	0.688	217	67	0	1	217	1	216	1.059E-93	304
NP_001936.1	pgXP_039692236.1	0.875	208	26	0	1	208	1	208	6.710E-120	379
NP_001936.1	pgXP_039692237.1	0.875	208	26	0	1	208	1	208	6.710E-120	379
NP_005325.2	pgXP_039722930.1	0.926	2056	151	0	1	2035	1	2056	0.000E+00	3821
NP_071920.1	pgXP_039731980.1	0.971	700	20	0	1	700	1	700	0.000E+00	1467
NP_000577.2	pgXP_039735602.1	0.651	152	52	0	1	152	1	151	1.431E-59	202
NP_006841.1	pgXP_039737651.1	0.723	181	50	0	26	206	3	183	8.065E-83	272
NP_073626.1	pgXP_039708052.1	0.783	180	37	0	5	176	129	308	8.307E-94	302
NP_005611.1	pgXP_039705537.1	0.893	94	10	0	1	94	1	94	1.642E-51	176
NP_005612.1	pgXP_039705683.1	0.739	92	24	0	1	92	1	92	6.619E-39	139
NP_001019381.1	pgXP_039705798.1	0.744	90	23	0	1	90	1	90	3.575E-40	143
NP_001019381.1	pgXP_039705799.1	0.744	90	23	0	1	90	1	90	3.575E-40	143
NP_001019381.1	pgXP_039705800.1	0.744	90	23	0	1	90	1	90	3.575E-40	143
NP_001019381.1	pgXP_039705801.1	0.744	90	23	0	1	90	1	90	3.575E-40	143
NP_001019382.1	pgXP_039705798.1	0.744	90	23	0	1	90	1	90	3.575E-40	143
NP_001019382.1	pgXP_039705799.1	0.744	90	23	0	1	90	1	90	3.575E-40	143
NP_001019382.1	pgXP_039705800.1	0.744	90	23	0	1	90	1	90	3.575E-40	143
NP_001019382.1	pgXP_039705801.1	0.744	90	23	0	1	90	1	90	3.575E-40	143
NP_001019383.1	pgXP_039705798.1	0.744	90	23	0	1	90	1	90	3.575E-40	143
NP_001019383.1	pgXP_039705799.1	0.744	90	23	0	1	90	1	90	3.575E-40	143
NP_001019383.1	pgXP_039705800.1	0.744	90	23	0	1	90	1	90	3.575E-40	143
NP_001019383.1	pgXP_039705801.1	0.744	90	23	0	1	90	1	90	3.575E-40	143
NP_001019384.1	pgXP_039705798.1	0.744	90	23	0	1	90	1	90	3.575E-40	143
NP_001019384.1	pgXP_039705799.1	0.744	90	23	0	1	90	1	90	3.575E-40	143
NP_001019384.1	pgXP_039705800.1	0.744	90	23	0	1	90	1	90	3.575E-40	143
NP_001019384.1	pgXP_039705801.1	0.744	90	23	0	1	90	1	90	3.575E-40	143
NP_055310.1	pgXP_039744056.1	0.823	460	81	0	1	460	1	459	1.587E-262	805
NP_647475.1	pgXP_039713632.1	0.776	412	91	0	1	406	1	412	9.572E-215	664
NP_835228.2	pgXP_039737899.1	0.922	388	30	0	1	388	1	388	8.436E-251	767
NP_003386.1	pgXP_039736233.1	0.975	365	9	0	1	365	1	364	1.557E-249	762
NP_003387.1	pgXP_039702738.1	0.955	358	16	0	1	357	1	358	2.957E-238	729
NP_570912.2	pgXP_039721030.1	0.973	409	11	0	1	408	1	409	8.824E-278	846
NP_061194.2	pgXP_039737654.1	0.806	176	34	0	1	176	1	176	4.313E-92	297
NP_065386.1	pgXP_039721511.1	0.854	179	26	0	1	179	1	179	8.293E-95	305
XP_005268986.1	pgXP_039721511.1	0.854	179	26	0	1	179	1	179	8.293E-95	305
NP_733931.1	pgXP_039722011.1	0.979	247	5	0	1	247	1	247	3.314E-164	509
NP_733931.1	pgXP_039722021.1	0.979	247	5	0	1	247	1	247	3.314E-164	509
NP_055297.1	pgXP_039708334.1	0.900	424	42	0	1	424	1	424	7.368E-262	801
NP_005439.2	pgXP_039730812.1	0.734	393	104	0	1	392	1	393	8.225E-192	597
NP_001191.1	pgXP_039719676.1	0.952	396	19	0	1	396	1	395	1.189E-259	793
NP_001192.2	pgXP_039701490.1	0.882	478	56	0	1	472	1	478	1.192E-280	858
NP_001193.2	pgXP_039721030.1	0.973	409	11	0	1	408	1	409	8.824E-278	846
NP_570911.2	pgXP_039721030.1	0.973	409	11	0	1	408	1	409	8.824E-278	846
XP_005268072.1	pgXP_039721030.1	0.973	409	11	0	1	408	1	409	8.824E-278	846
NP_066551.1	pgXP_039708939.1	0.982	454	8	0	1	454	1	454	1.975E-309	940
NP_001709.1	pgXP_039725314.1	0.900	513	50	0	1	513	1	503	1.344E-317	967
NP_597716.1	pgXP_039696309.1	0.911	407	36	0	1	406	1	407	1.274E-272	831
XP_006722456.1	pgXP_039696309.1	0.911	407	36	0	1	406	1	407	1.274E-272	831
NP_001244138.1	pgXP_039692348.1	0.948	155	8	0	1	155	1	155	7.390E-101	321
NP_001244138.1	pgXP_039692349.1	0.948	155	8	0	1	155	1	155	7.390E-101	321
NP_001244138.1	pgXP_039692350.1	0.948	155	8	0	1	155	1	155	7.390E-101	321
NP_001244138.1	pgXP_039692351.1	0.948	155	8	0	1	155	1	155	7.390E-101	321
NP_001244138.1	pgXP_039692352.1	0.948	155	8	0	1	155	1	155	7.390E-101	321
NP_001244138.1	pgXP_039692353.1	0.948	155	8	0	1	155	1	155	7.390E-101	321
NP_001244139.1	pgXP_039692348.1	0.948	155	8	0	1	155	1	155	7.390E-101	321
NP_001244139.1	pgXP_039692349.1	0.948	155	8	0	1	155	1	155	7.390E-101	321
NP_001244139.1	pgXP_039692350.1	0.948	155	8	0	1	155	1	155	7.390E-101	321
NP_001244139.1	pgXP_039692351.1	0.948	155	8	0	1	155	1	155	7.390E-101	321
NP_001244139.1	pgXP_039692352.1	0.948	155	8	0	1	155	1	155	7.390E-101	321
NP_001244139.1	pgXP_039692353.1	0.948	155	8	0	1	155	1	155	7.390E-101	321
NP_004456.1	pgXP_039733028.1	0.971	213	6	0	1	208	1	213	2.046E-141	441
XP_005248321.1	pgXP_039733028.1	0.971	213	6	0	1	208	1	213	2.046E-141	441
NP_004103.1	pgXP_039703146.1	0.964	225	8	0	1	225	1	225	3.144E-145	453
NP_001998.1	pgXP_039696338.1	0.912	206	18	0	1	206	1	206	4.600E-123	388
XP_006718538.1	pgXP_039696338.1	0.912	206	18	0	1	206	1	206	4.600E-123	388
NP_004455.2	pgXP_039701485.1	0.929	269	19	0	1	268	1	269	1.495E-166	517
NP_066276.2	pgXP_039725014.1	0.951	208	10	0	1	208	1	208	1.173E-130	410
NP_002000.1	pgXP_039745027.1	0.948	194	10	0	1	194	1	194	3.965E-127	399
NP_006110.1	pgXP_039728359.1	1.000	215	0	0	1	215	1	215	4.780E-144	449
NP_149353.1	pgXP_039728357.1	0.991	244	2	0	1	244	1	244	1.714E-161	501
NP_037452.1	pgXP_039733852.1	0.946	792	43	0	1	792	1	792	0.000E+00	1591
NP_000592.3	pgXP_039705004.1	0.930	730	51	0	1	728	1	730	0.000E+00	1531
NP_001010931.1	pgXP_039705006.1	0.927	289	21	0	1	289	1	289	2.814E-196	604
NP_001010932.1	pgXP_039705005.1	0.929	725	51	0	1	723	1	725	0.000E+00	1521
XP_006716019.1	pgXP_039705004.1	0.930	730	51	0	1	728	1	730	0.000E+00	1531
NP_001519.1	pgXP_039693955.1	0.803	655	129	0	1	655	1	654	0.000E+00	1148
NP_002598.4	pgXP_039735046.1	0.886	211	24	0	1	211	1	211	1.294E-122	387
NP_002598.4	pgXP_039735047.1	0.886	211	24	0	1	211	1	211	1.294E-122	387
NP_003003.3	pgXP_039709588.1	0.968	314	10	0	1	314	1	314	8.062E-214	656
NP_003004.1	pgXP_039731856.1	0.983	295	5	0	1	295	1	294	4.968E-201	618
NP_003005.2	pgXP_039705169.1	0.956	346	15	0	1	346	1	346	1.048E-235	721
NP_003006.2	pgXP_039727520.1	0.952	317	15	0	1	317	1	317	9.285E-214	656
NP_000184.1	pgXP_039693201.1	0.911	462	39	0	1	462	1	443	2.405E-276	845
NP_009044.2	pgXP_039705759.1	0.321	1943	1038	0	1	1943	1	1529	4.367E-232	779
NP_001137277.1	pgXP_039722011.1	0.979	247	5	0	1	247	1	247	3.314E-164	509
NP_001137277.1	pgXP_039722021.1	0.979	247	5	0	1	247	1	247	3.314E-164	509
NP_065689.1	pgXP_039725015.1	0.698	257	74	0	6	251	6	262	5.876E-117	373
NP_001483.3	pgXP_039723866.1	0.777	372	82	0	1	372	1	370	5.247E-187	582
NP_004953.1	pgXP_039728384.1	0.851	478	71	0	1	478	1	477	2.961E-273	837
NP_004855.2	pgXP_039723820.1	0.627	295	110	0	14	308	1	295	3.314E-116	374
NP_057288.1	pgXP_039728260.1	0.816	430	79	0	1	429	1	430	3.099E-239	736
NP_065685.1	pgXP_039730264.1	0.843	364	57	0	1	364	1	364	1.842E-212	655
NP_000548.2	pgXP_039719619.1	0.948	501	26	0	1	501	1	499	0.000E+00	1000
NP_001001557.1	pgXP_039722285.1	0.893	461	49	0	1	455	1	461	2.686E-280	856
NP_878248.2	pgXP_039744064.1	0.852	450	66	0	1	450	1	446	6.619E-250	768
NP_005251.1	pgXP_039735852.1	0.793	454	94	0	1	454	1	454	9.515E-248	762
NP_000505.1	pgXP_039698561.1	0.962	211	8	0	1	211	1	211	7.664E-137	428
NP_001177397.1	pgXP_039698561.1	0.962	211	8	0	18	228	1	211	1.709E-136	428
NP_001177398.1	pgXP_039698562.1	0.956	185	8	0	18	202	1	185	1.237E-118	375
NP_954701.1	pgXP_039698562.1	0.956	185	8	0	1	185	1	185	5.530E-119	375
NP_000600.1	pgXP_039703578.1	0.956	93	4	0	1	93	1	93	5.528E-57	191
NP_001029058.1	pgXP_039703577.1	0.966	119	4	0	1	119	1	119	3.633E-74	242
NP_002972.1	pgXP_039742452.1	0.516	93	44	0	1	92	1	93	2.777E-26	103
NP_005399.1	pgXP_039742455.1	0.704	98	29	0	1	98	1	98	1.604E-40	144
NP_001136016.1	pgXP_039740414.1	0.825	201	35	0	1	200	1	201	1.248E-100	323
NP_036407.1	pgXP_039707590.1	0.677	155	50	0	1	155	1	155	4.798E-64	215
NP_775262.1	pgXP_039707590.1	0.677	155	50	0	1	155	1	155	4.798E-64	215
XP_005263695.1	pgXP_039707590.1	0.677	155	50	0	1	155	1	155	4.798E-64	215
NP_775294.1	pgXP_039707576.1	0.604	167	65	0	28	194	45	209	1.097E-57	199
NP_775295.1	pgXP_039707577.1	0.571	154	65	0	1	154	1	153	2.002E-49	173
NP_775297.1	pgXP_039707576.1	0.604	167	65	0	23	189	45	209	8.852E-58	199
NP_775270.1	pgXP_039707589.1	0.523	151	70	0	4	154	5	152	9.901E-49	171
XP_005266705.1	pgXP_039696309.1	0.911	407	36	0	1	406	1	407	1.274E-272	831
NP_001137285.1	pgXP_039722011.1	0.979	247	5	0	1	247	1	247	3.314E-164	509
NP_001137285.1	pgXP_039722021.1	0.979	247	5	0	1	247	1	247	3.314E-164	509
NP_001137288.1	pgXP_039722011.1	0.979	247	5	0	1	247	1	247	3.314E-164	509
NP_001137288.1	pgXP_039722021.1	0.979	247	5	0	1	247	1	247	3.314E-164	509
NP_001700.2	pgXP_039722011.1	0.979	247	5	0	1	247	1	247	3.314E-164	509
NP_001700.2	pgXP_039722021.1	0.979	247	5	0	1	247	1	247	3.314E-164	509
NP_733927.1	pgXP_039722007.1	0.980	255	5	0	1	255	1	255	6.125E-170	526
NP_733928.1	pgXP_039722011.1	0.979	247	5	0	1	247	1	247	3.314E-164	509
NP_733928.1	pgXP_039722021.1	0.979	247	5	0	1	247	1	247	3.314E-164	509
NP_733929.1	pgXP_039722011.1	0.979	247	5	0	1	247	1	247	3.314E-164	509
NP_733929.1	pgXP_039722021.1	0.979	247	5	0	1	247	1	247	3.314E-164	509
NP_733930.1	pgXP_039721999.1	0.980	254	5	0	9	262	48	301	4.210E-169	524
XP_005245436.1	pgXP_039737346.1	0.943	783	45	0	1	783	1	783	0.000E+00	1565
NP_950252.1	pgXP_039739282.1	0.975	766	19	0	1	766	1	766	0.000E+00	1582
XP_005245174.1	pgXP_039739282.1	0.975	766	19	0	1	766	1	766	0.000E+00	1582
XP_005245175.1	pgXP_039739282.1	0.975	766	19	0	1	766	1	766	0.000E+00	1582
XP_005245176.1	pgXP_039739282.1	0.975	766	19	0	1	766	1	766	0.000E+00	1582
XP_005245177.1	pgXP_039739282.1	0.975	766	19	0	1	766	1	766	0.000E+00	1582
NP_001720.1	pgXP_039701391.1	0.769	178	40	0	1	178	1	172	7.623E-87	282
NP_001007538.1	pgXP_039729030.1	0.858	332	47	0	1	332	1	330	1.003E-203	628
NP_004343.1	pgXP_039737029.1	0.989	193	2	0	1	193	1	193	2.056E-125	394
NP_000568.1	pgXP_039707565.1	0.797	158	32	0	1	158	1	158	3.794E-85	276
NP_776213.1	pgXP_039707564.1	0.789	157	33	0	23	179	8	164	1.112E-83	273
NP_776214.1	pgXP_039707563.1	0.767	176	40	0	1	176	1	174	6.015E-89	288
NP_776215.1	pgXP_039707566.1	0.809	142	27	0	1	142	1	142	3.856E-77	252
NP_776215.1	pgXP_039707567.1	0.809	142	27	0	1	142	1	142	3.856E-77	252
XP_005263718.1	pgXP_039707566.1	0.809	142	27	0	1	142	1	142	3.856E-77	252
XP_005263718.1	pgXP_039707567.1	0.809	142	27	0	1	142	1	142	3.856E-77	252
XP_006712560.1	pgXP_039707566.1	0.809	142	27	0	1	142	1	142	3.856E-77	252
XP_006712560.1	pgXP_039707567.1	0.809	142	27	0	1	142	1	142	3.856E-77	252
XP_005250572.1	pgXP_039716969.1	0.982	168	3	0	1	168	1	168	1.957E-113	358
XP_005250572.1	pgXP_039716970.1	0.982	168	3	0	1	168	1	168	1.957E-113	358
NP_006262.1	pgXP_039705788.1	0.978	94	2	0	1	94	1	94	5.807E-57	191
NP_002957.1	pgXP_039706428.1	0.989	97	1	0	1	97	1	97	4.075E-62	206
NP_001153212.1	pgXP_039739042.1	0.765	205	48	0	1	205	1	205	1.572E-100	323
NP_002332.1	pgXP_039739028.1	0.788	245	52	0	1	244	1	245	7.194E-120	381
NP_033666.1	pgXP_039739029.1	0.809	63	12	0	1	63	1	63	2.801E-25	99
NP_001012333.1	pgXP_039724279.1	0.937	143	9	0	1	143	1	143	3.666E-94	301
NP_001012334.1	pgXP_039724279.1	0.937	143	9	0	1	143	1	143	3.666E-94	301
NP_001257479.1	pgXP_039724279.1	0.937	143	9	0	1	143	1	143	3.666E-94	301
NP_001257480.1	pgXP_039724279.1	0.937	143	9	0	1	143	1	143	3.666E-94	301
NP_002382.1	pgXP_039724279.1	0.937	143	9	0	1	143	1	143	3.666E-94	301
NP_001243474.1	pgXP_039704527.1	0.956	1139	50	0	1	1139	1	1139	0.000E+00	2575
NP_001243474.1	pgXP_039704526.1	0.956	1139	50	0	1	1139	25	1163	0.000E+00	2575
NP_003231.2	pgXP_039739585.1	0.850	367	55	0	1	366	1	367	4.094E-213	657
NP_000221.1	pgXP_039716752.1	0.790	167	35	0	1	167	1	167	3.643E-81	265
XP_005268085.1	pgXP_039739790.1	0.958	412	17	0	1	412	1	408	2.842E-275	839
XP_005268085.1	pgXP_039739791.1	0.958	412	17	0	1	412	1	408	2.842E-275	839
NP_000451.1	pgXP_039706599.1	0.775	352	79	0	1	352	1	352	8.652E-172	537
NP_001171068.1	pgXP_039706600.1	0.772	348	79	0	1	348	1	348	2.105E-168	527
NP_001171069.1	pgXP_039706602.1	0.786	319	68	0	1	319	1	319	2.219E-170	531
NP_001276926.1	pgXP_039706603.1	0.804	286	56	0	1	286	1	286	9.575E-155	484
NP_001276927.1	pgXP_039706599.1	0.775	352	79	0	1	352	1	352	8.652E-172	537
NP_003692.1	pgXP_039733283.1	0.930	318	22	0	1	317	1	318	5.726E-202	622
NP_003800.1	pgXP_039703155.1	0.887	249	28	0	1	249	1	249	4.794E-144	451
NP_003799.1	pgXP_039703153.1	0.856	250	36	0	1	250	1	250	1.226E-142	447
NP_742084.1	pgXP_039703154.1	0.854	234	34	0	1	234	1	234	6.666E-133	418
NP_001139117.1	pgXP_039722229.1	0.815	270	49	0	1	266	1	270	4.082E-137	432
NP_006564.1	pgXP_039722228.1	0.820	289	51	0	1	285	1	289	7.158E-149	467
NP_003798.2	pgXP_039734454.1	0.800	240	48	0	1	240	1	240	1.542E-126	400
NP_001165096.1	pgXP_039710410.1	0.942	209	12	0	1	209	1	208	2.852E-138	432
NP_001165097.1	pgXP_039710411.1	0.937	191	12	0	1	191	1	190	1.700E-126	397
XP_005274288.1	pgXP_039704023.1	0.983	354	6	0	1	354	1	354	2.722E-246	752
XP_005274288.1	pgXP_039704021.1	0.983	354	6	0	1	354	1	354	2.722E-246	752
XP_005274288.1	pgXP_039704022.1	0.983	354	6	0	1	354	1	354	2.722E-246	752
NP_476509.1	pgXP_039716778.1	0.931	365	25	0	1	365	1	362	5.006E-245	749
NP_110402.2	pgXP_039725140.1	0.944	359	20	0	1	359	1	358	4.985E-242	740
NP_110402.2	pgXP_039725141.1	0.944	359	20	0	1	359	26	383	4.985E-242	740
NP_116031.1	pgXP_039725140.1	0.944	359	20	0	1	359	1	358	4.985E-242	740
NP_116031.1	pgXP_039725141.1	0.944	359	20	0	1	359	26	383	4.985E-242	740
NP_006513.1	pgXP_039700731.1	0.958	365	15	0	1	365	1	365	3.153E-250	764
NP_004616.2	pgXP_039732396.1	0.997	349	1	0	1	349	1	349	7.325E-250	762
NP_478679.1	pgXP_039719123.1	0.994	349	2	0	1	349	1	349	8.038E-249	759
NP_053584.1	pgXP_039692205.1	0.921	844	66	0	1	844	1	842	0.000E+00	1613
NP_001010848.2	pgXP_039728193.1	0.938	700	43	0	1	696	1	700	0.000E+00	1350
NP_757373.1	pgXP_039729754.1	0.810	195	37	0	10	204	1	195	2.517E-103	331
NP_002178.2	pgXP_039732864.1	0.863	329	45	0	1	328	1	329	1.664E-195	604
NP_001193941.1	pgXP_039739751.1	0.926	149	11	0	1	149	1	149	5.392E-93	298
NP_002623.2	pgXP_039739750.1	0.929	170	12	0	1	170	1	170	1.564E-108	344
NP_443112.2	pgXP_039717996.1	0.836	263	43	0	1	263	6	268	5.257E-150	469
NP_002695.1	pgXP_039701326.1	0.556	106	43	0	22	127	31	127	3.159E-31	119
NP_000939.1	pgXP_039722511.1	0.809	221	42	0	9	227	65	285	1.626E-119	379
NP_001157030.1	pgXP_039722511.1	0.809	221	42	0	9	227	65	285	1.626E-119	379
NP_004149.1	pgXP_039734437.1	0.730	156	41	0	1	156	1	152	3.107E-69	230
NP_002816.1	pgXP_039716969.1	0.982	168	3	0	1	168	1	168	1.957E-113	358
NP_002816.1	pgXP_039716970.1	0.982	168	3	0	1	168	1	168	1.957E-113	358
NP_005970.1	pgXP_039705798.1	0.744	90	23	0	1	90	1	90	3.575E-40	143
NP_005970.1	pgXP_039705799.1	0.744	90	23	0	1	90	1	90	3.575E-40	143
NP_005970.1	pgXP_039705800.1	0.744	90	23	0	1	90	1	90	3.575E-40	143
NP_005970.1	pgXP_039705801.1	0.744	90	23	0	1	90	1	90	3.575E-40	143
XP_005245491.1	pgXP_039705798.1	0.744	90	23	0	1	90	1	90	3.575E-40	143
XP_005245491.1	pgXP_039705799.1	0.744	90	23	0	1	90	1	90	3.575E-40	143
XP_005245491.1	pgXP_039705800.1	0.744	90	23	0	1	90	1	90	3.575E-40	143
XP_005245491.1	pgXP_039705801.1	0.744	90	23	0	1	90	1	90	3.575E-40	143
NP_065723.1	pgXP_039705789.1	0.923	104	8	0	1	103	1	104	1.727E-58	196
NP_065723.1	pgXP_039705790.1	0.923	104	8	0	1	103	1	104	1.727E-58	196
XP_005245419.1	pgXP_039705789.1	0.923	104	8	0	1	103	1	104	1.727E-58	196
XP_005245419.1	pgXP_039705790.1	0.923	104	8	0	1	103	1	104	1.727E-58	196
XP_006711531.1	pgXP_039705789.1	0.923	104	8	0	1	103	1	104	1.727E-58	196
XP_006711531.1	pgXP_039705790.1	0.923	104	8	0	1	103	1	104	1.727E-58	196
NP_525127.1	pgXP_039705791.1	0.893	103	11	0	1	103	1	103	4.478E-56	189
NP_525127.1	pgXP_039705792.1	0.893	103	11	0	1	103	1	103	4.478E-56	189
NP_525127.1	pgXP_039705793.1	0.893	103	11	0	1	103	1	103	4.478E-56	189
NP_525127.1	pgXP_039705794.1	0.893	103	11	0	1	103	1	103	4.478E-56	189
NP_525127.1	pgXP_039705795.1	0.893	103	11	0	1	103	1	103	4.478E-56	189
NP_525127.1	pgXP_039705796.1	0.893	103	11	0	1	103	1	103	4.478E-56	189
NP_525127.1	pgXP_039705797.1	0.893	103	11	0	1	103	1	103	4.478E-56	189
XP_005244962.1	pgXP_039705791.1	0.893	103	11	0	1	103	1	103	4.478E-56	189
XP_005244962.1	pgXP_039705792.1	0.893	103	11	0	1	103	1	103	4.478E-56	189
XP_005244962.1	pgXP_039705793.1	0.893	103	11	0	1	103	1	103	4.478E-56	189
XP_005244962.1	pgXP_039705794.1	0.893	103	11	0	1	103	1	103	4.478E-56	189
XP_005244962.1	pgXP_039705795.1	0.893	103	11	0	1	103	1	103	4.478E-56	189
XP_005244962.1	pgXP_039705796.1	0.893	103	11	0	1	103	1	103	4.478E-56	189
XP_005244962.1	pgXP_039705797.1	0.893	103	11	0	1	103	1	103	4.478E-56	189
XP_005244963.1	pgXP_039705791.1	0.893	103	11	0	1	103	1	103	4.478E-56	189
XP_005244963.1	pgXP_039705792.1	0.893	103	11	0	1	103	1	103	4.478E-56	189
XP_005244963.1	pgXP_039705793.1	0.893	103	11	0	1	103	1	103	4.478E-56	189
XP_005244963.1	pgXP_039705794.1	0.893	103	11	0	1	103	1	103	4.478E-56	189
XP_005244963.1	pgXP_039705795.1	0.893	103	11	0	1	103	1	103	4.478E-56	189
XP_005244963.1	pgXP_039705796.1	0.893	103	11	0	1	103	1	103	4.478E-56	189
XP_005244963.1	pgXP_039705797.1	0.893	103	11	0	1	103	1	103	4.478E-56	189
NP_001167607.1	pgXP_039692781.1	0.770	170	39	0	1	170	1	169	1.165E-87	284
NP_001167607.1	pgXP_039692781.1	0.770	170	39	0	1	170	1	169	1.165E-87	284
NP_003203.1	pgXP_039692781.1	0.770	170	39	0	17	186	1	169	2.447E-87	284
NP_001093161.1	pgXP_039708339.1	0.918	159	13	0	1	159	1	159	4.880E-99	316
NP_003227.1	pgXP_039708338.1	0.918	160	13	0	1	160	1	160	2.301E-99	317
NP_000651.3	pgXP_039698894.1	0.915	390	33	0	1	390	1	390	1.113E-248	761
NP_001129071.1	pgXP_039739316.1	0.973	414	11	0	29	442	1	414	7.260E-280	854
NP_002982.2	pgXP_039705013.1	0.628	105	38	0	5	108	5	109	4.747E-39	141
NP_795372.1	pgXP_039736647.1	0.783	189	41	0	1	189	1	189	1.564E-93	303
NP_795372.1	pgXP_039736648.1	0.783	189	41	0	1	189	1	189	1.564E-93	303
NP_000610.2	pgXP_039721510.1	0.652	164	57	0	1	164	2	165	5.956E-67	224
NP_064509.2	pgXP_039736614.1	0.697	207	61	0	1	207	1	201	8.901E-91	295
NP_002168.1	pgXP_039702963.1	0.567	194	84	0	1	194	1	194	8.939E-68	228
NP_000609.1	pgXP_039733885.1	0.986	153	2	0	1	153	1	153	6.095E-102	324
NP_001104755.1	pgXP_039733884.1	0.973	150	4	0	1	150	1	150	5.911E-98	315
NP_001104753.1	pgXP_039733884.1	0.973	150	4	0	1	150	1	150	1.035E-98	315
NP_000603.1	pgXP_039696302.1	0.822	186	32	0	1	180	1	186	5.398E-100	320
NP_000603.1	pgXP_039696303.1	0.822	186	32	0	1	180	1	186	5.398E-100	320
NP_001007140.2	pgXP_039696302.1	0.822	186	32	0	1	180	1	186	5.398E-100	320
NP_001007140.2	pgXP_039696303.1	0.822	186	32	0	1	180	1	186	5.398E-100	320
