NP_542184.1	phXP_045689317.1	0.975	201	5	0	1	201	1	201	5.952E-125	393
NP_597716.1	phXP_045706266.1	0.869	407	53	0	1	406	1	407	1.687E-259	793
NP_597716.1	phXP_045706267.1	0.869	407	53	0	1	406	1	407	1.687E-259	793
XP_005266705.1	phXP_045706266.1	0.869	407	53	0	1	406	1	407	1.687E-259	793
XP_005266705.1	phXP_045706267.1	0.869	407	53	0	1	406	1	407	1.687E-259	793
XP_006722456.1	phXP_045706266.1	0.869	407	53	0	1	406	1	407	1.687E-259	793
XP_006722456.1	phXP_045706267.1	0.869	407	53	0	1	406	1	407	1.687E-259	793
NP_001954.2	phXP_045676245.1	0.800	1135	227	0	1	1135	1	1135	0.000E+00	1999
NP_066382.1	phXP_045685713.1	0.969	396	12	0	1	396	1	396	1.784E-262	801
NP_066382.1	phXP_045685714.1	0.969	396	12	0	1	396	1	396	1.784E-262	801
NP_036230.1	phXP_045702441.1	0.963	493	18	0	1	493	1	493	0.000E+00	1032
NP_757373.1	phXP_045692695.1	0.783	194	42	0	10	203	1	194	4.328E-96	310
NP_002987.1	phXP_045675100.1	0.515	392	186	0	6	397	5	388	8.252E-110	360
NP_001556.2	phXP_045713978.1	0.762	97	23	0	1	97	1	97	9.500E-45	156
NP_005400.1	phXP_045714048.1	0.733	90	24	0	1	90	48	137	2.627E-40	143
NP_000600.1	phXP_045698310.1	0.924	93	7	0	1	93	1	93	6.022E-55	185
NP_001029058.1	phXP_045698307.1	0.949	119	6	0	1	119	1	119	7.947E-73	238
NP_001171605.1	phXP_045698309.1	0.933	90	6	0	1	90	1	90	1.383E-52	181
NP_071920.1	phXP_045687804.1	0.944	700	39	0	1	700	1	700	0.000E+00	1439
NP_001009931.1	phXP_045717720.1	0.518	1610	743	0	1	1610	1	1543	0.000E+00	1441
NP_003859.1	phXP_045703440.1	0.995	207	1	0	1	207	1	207	8.590E-141	439
NP_003858.1	phXP_045709421.1	0.958	216	9	0	1	216	1	216	6.514E-140	437
XP_005273733.1	phXP_045709422.1	0.956	205	9	0	1	205	1	205	4.074E-131	411
NP_003853.1	phXP_045682813.1	0.995	206	1	0	1	206	1	206	1.038E-138	433
NP_005108.1	phXP_045710692.1	0.741	217	55	0	2	216	5	221	3.547E-104	334
NP_062825.1	phXP_045677634.1	0.957	211	9	0	1	211	1	211	2.792E-138	432
NP_061986.1	phXP_045712168.1	0.733	209	56	0	1	209	1	209	7.201E-93	301
NP_061986.1	phXP_045712167.1	0.733	209	56	0	1	209	43	251	7.201E-93	301
XP_005258788.1	phXP_045712168.1	0.733	209	56	0	1	209	1	209	7.201E-93	301
XP_005258788.1	phXP_045712167.1	0.733	209	56	0	1	209	43	251	7.201E-93	301
NP_065688.1	phXP_045687324.1	0.550	169	73	0	1	169	1	164	2.167E-53	185
NP_001553.1	phXP_045696172.1	0.756	193	47	0	1	193	1	193	5.273E-97	312
NP_001553.1	phXP_045696164.1	0.756	193	47	0	1	193	1	193	5.273E-97	312
NP_037503.2	phXP_045697558.1	0.813	172	32	0	1	172	1	172	1.810E-92	298
NP_715639.1	phXP_045697558.1	0.813	172	32	0	39	210	1	172	1.037E-91	298
NP_000566.3	phXP_045684329.1	0.698	271	81	0	1	271	1	270	3.426E-114	366
NP_000567.1	phXP_045684313.1	0.659	269	91	0	1	269	1	268	4.115E-111	357
NP_115945.4	phXP_045684852.1	0.867	151	20	0	1	151	1	151	2.426E-85	276
NP_036407.1	phXP_045683234.1	0.815	146	27	0	10	155	3	148	1.222E-77	254
NP_775262.1	phXP_045683234.1	0.815	146	27	0	10	155	3	148	1.222E-77	254
XP_005263695.1	phXP_045683234.1	0.815	146	27	0	10	155	3	148	1.222E-77	254
NP_055254.2	phXP_045684314.1	0.541	218	100	0	1	218	1	218	3.053E-72	242
NP_000939.1	phXP_045703132.1	0.706	228	66	0	1	227	1	228	5.860E-104	334
XP_006724303.1	phXP_045682798.1	0.896	202	21	0	1	202	1	202	3.085E-124	391
XP_006724303.1	phXP_045682799.1	0.896	202	21	0	1	202	1	202	3.085E-124	391
NP_000586.2	phXP_045682025.1	0.747	205	51	0	1	205	1	204	1.334E-92	300
NP_000586.2	phXP_045682026.1	0.747	205	51	0	1	205	1	204	1.334E-92	300
NP_000586.2	phXP_045682023.1	0.747	205	51	0	1	205	70	273	1.334E-92	300
NP_000586.2	phXP_045682024.1	0.747	205	51	0	1	205	70	273	1.334E-92	300
NP_001153212.1	phXP_045682025.1	0.747	205	51	0	1	205	1	204	1.334E-92	300
NP_001153212.1	phXP_045682026.1	0.747	205	51	0	1	205	1	204	1.334E-92	300
NP_001153212.1	phXP_045682023.1	0.747	205	51	0	1	205	70	273	1.334E-92	300
NP_001153212.1	phXP_045682024.1	0.747	205	51	0	1	205	70	273	1.334E-92	300
NP_002332.1	phXP_045682128.1	0.772	244	55	0	1	244	1	241	7.710E-118	375
NP_033666.1	phXP_045682129.1	0.792	77	16	0	1	77	1	77	3.261E-30	113
NP_001012333.1	phXP_045681545.1	0.937	143	9	0	1	143	1	143	6.592E-95	303
NP_055310.1	phXP_045691429.1	0.852	460	68	0	1	460	1	460	1.155E-273	837
NP_149353.1	phXP_045710430.1	0.987	244	3	0	1	244	1	244	3.394E-161	500
XP_006711409.1	phXP_045717722.1	0.512	648	241	0	1	495	1	648	6.458E-181	571
NP_478679.1	phXP_045691053.1	0.994	349	2	0	1	349	1	349	7.157E-249	759
NP_001137277.1	phXP_045681390.1	0.983	247	4	0	1	247	1	247	2.951E-164	509
NP_001137277.1	phXP_045681391.1	0.983	247	4	0	1	247	1	247	2.951E-164	509
NP_001137277.1	phXP_045681392.1	0.983	247	4	0	1	247	1	247	2.951E-164	509
NP_001137277.1	phXP_045681393.1	0.983	247	4	0	1	247	1	247	2.951E-164	509
NP_001137277.1	phXP_045681394.1	0.983	247	4	0	1	247	1	247	2.951E-164	509
NP_066969.1	phXP_045714409.1	0.893	346	37	0	1	346	1	344	4.496E-218	670
NP_005238.1	phXP_045710691.1	0.877	220	26	0	1	215	1	220	2.914E-126	399
NP_001998.1	phXP_045711401.1	0.908	206	19	0	1	206	1	206	5.439E-120	379
NP_001191432.1	phXP_045712333.1	0.772	220	50	0	1	220	1	220	2.871E-107	344
NP_001191432.1	phXP_045712331.1	0.772	220	50	0	1	220	1	220	2.871E-107	344
NP_001450.2	phXP_045712333.1	0.772	220	50	0	1	220	1	220	2.871E-107	344
NP_001450.2	phXP_045712331.1	0.772	220	50	0	1	220	1	220	2.871E-107	344
XP_006723180.1	phXP_045712332.1	0.767	202	47	0	1	202	1	202	3.210E-97	314
NP_001454.2	phXP_045685261.1	0.975	326	8	0	1	325	1	326	6.288E-221	677
NP_006341.1	phXP_045695859.1	0.952	317	15	0	1	317	1	317	3.262E-224	686
NP_037541.1	phXP_045695856.1	0.953	344	16	0	1	344	1	344	4.870E-242	739
NP_009016.1	phXP_045707784.1	0.967	308	10	0	1	308	1	306	1.744E-209	643
NP_005851.1	phXP_045686788.1	0.859	263	37	0	1	263	1	262	1.053E-166	517
NP_001483.3	phXP_045709524.1	0.774	372	83	0	1	372	1	370	4.672E-187	582
NP_066277.1	phXP_045672904.1	0.798	367	74	0	1	366	1	367	1.310E-198	615
NP_001165896.1	phXP_045672908.1	0.784	333	71	0	1	332	1	333	1.721E-178	555
NP_000221.1	phXP_045711469.1	0.760	167	40	0	1	167	1	167	3.928E-79	259
NP_000221.1	phXP_045711470.1	0.760	167	40	0	1	167	1	167	3.928E-79	259
NP_000221.1	phXP_045711471.1	0.760	167	40	0	1	167	1	167	3.928E-79	259
NP_039250.2	phXP_045677486.1	0.927	646	47	0	1	645	1	646	0.000E+00	1238
XP_005245175.1	phXP_045714998.1	0.963	766	28	0	1	766	1	766	0.000E+00	1562
XP_005245175.1	phXP_045715008.1	0.963	766	28	0	1	766	1	766	0.000E+00	1562
XP_005245175.1	phXP_045715018.1	0.963	766	28	0	1	766	1	766	0.000E+00	1562
XP_005245176.1	phXP_045714998.1	0.963	766	28	0	1	766	1	766	0.000E+00	1562
XP_005245176.1	phXP_045715008.1	0.963	766	28	0	1	766	1	766	0.000E+00	1562
XP_005245176.1	phXP_045715018.1	0.963	766	28	0	1	766	1	766	0.000E+00	1562
XP_005245177.1	phXP_045714998.1	0.963	766	28	0	1	766	1	766	0.000E+00	1562
XP_005245177.1	phXP_045715008.1	0.963	766	28	0	1	766	1	766	0.000E+00	1562
XP_005245177.1	phXP_045715018.1	0.963	766	28	0	1	766	1	766	0.000E+00	1562
NP_001720.1	phXP_045713853.1	0.702	178	51	0	1	178	1	171	6.526E-79	259
NP_002300.1	phXP_045682798.1	0.896	202	21	0	1	202	1	202	3.085E-124	391
NP_002300.1	phXP_045682799.1	0.896	202	21	0	1	202	1	202	3.085E-124	391
NP_004106.1	phXP_045677835.1	0.987	247	3	0	1	247	1	247	1.458E-163	507
NP_001137278.1	phXP_045681390.1	0.983	247	4	0	1	247	1	247	2.951E-164	509
NP_001137278.1	phXP_045681391.1	0.983	247	4	0	1	247	1	247	2.951E-164	509
NP_001137278.1	phXP_045681392.1	0.983	247	4	0	1	247	1	247	2.951E-164	509
NP_001137278.1	phXP_045681393.1	0.983	247	4	0	1	247	1	247	2.951E-164	509
NP_001137278.1	phXP_045681394.1	0.983	247	4	0	1	247	1	247	2.951E-164	509
NP_001137279.1	phXP_045681390.1	0.983	247	4	0	1	247	1	247	2.951E-164	509
NP_001137279.1	phXP_045681391.1	0.983	247	4	0	1	247	1	247	2.951E-164	509
NP_001137279.1	phXP_045681392.1	0.983	247	4	0	1	247	1	247	2.951E-164	509
NP_001137279.1	phXP_045681393.1	0.983	247	4	0	1	247	1	247	2.951E-164	509
NP_001137279.1	phXP_045681394.1	0.983	247	4	0	1	247	1	247	2.951E-164	509
NP_689642.3	phXP_045709673.1	0.713	258	74	0	1	258	1	258	9.186E-123	390
NP_004460.1	phXP_045712099.1	0.844	354	55	0	1	354	4	354	1.322E-218	672
NP_062427.1	phXP_045672906.1	0.950	101	5	0	1	101	1	101	9.839E-62	205
NP_062427.1	phXP_045672907.1	0.950	101	5	0	1	101	1	101	9.839E-62	205
NP_002953.2	phXP_045673151.1	0.924	93	7	0	1	92	1	93	3.857E-51	174
NP_002953.2	phXP_045673152.1	0.924	93	7	0	1	92	1	93	3.857E-51	174
XP_005245487.1	phXP_045673151.1	0.924	93	7	0	19	110	1	93	9.225E-51	174
XP_005245487.1	phXP_045673152.1	0.924	93	7	0	19	110	1	93	9.225E-51	174
XP_005245487.1	phXP_045673151.1	0.924	93	7	0	19	110	1	93	9.225E-51	174
XP_005245487.1	phXP_045673152.1	0.924	93	7	0	19	110	1	93	9.225E-51	174
NP_001257918.1	phXP_045713863.1	0.805	154	30	0	1	154	1	153	1.763E-81	265
NP_001257920.1	phXP_045713867.1	0.737	103	27	0	1	103	1	102	1.987E-47	164
NP_001257921.1	phXP_045713865.1	0.718	103	28	0	1	103	1	102	1.092E-45	159
XP_006722457.1	phXP_045705989.1	0.961	210	8	0	15	224	1	210	4.930E-130	409
XP_006722457.1	phXP_045705990.1	0.961	210	8	0	15	224	1	210	4.930E-130	409
XP_006722457.1	phXP_045705991.1	0.961	210	8	0	15	224	1	210	4.930E-130	409
XP_006722457.1	phXP_045705992.1	0.961	210	8	0	15	224	1	210	4.930E-130	409
NP_001936.1	phXP_045675775.1	0.870	208	27	0	1	208	1	208	1.328E-119	378
NP_001936.1	phXP_045675784.1	0.870	208	27	0	1	208	1	208	1.328E-119	378
NP_065689.1	phXP_045686527.1	0.785	250	53	0	1	250	1	247	1.724E-129	409
NP_001257479.1	phXP_045681545.1	0.937	143	9	0	1	143	1	143	6.592E-95	303
NP_001257480.1	phXP_045681545.1	0.937	143	9	0	1	143	1	143	6.592E-95	303
NP_002382.1	phXP_045681545.1	0.937	143	9	0	1	143	1	143	6.592E-95	303
NP_001243474.1	phXP_045694091.1	0.950	1139	57	0	1	1139	1	1139	0.000E+00	2573
NP_115822.1	phXP_045694091.1	0.950	1139	57	0	1	1139	1	1139	0.000E+00	2573
NP_115821.2	phXP_045679871.1	0.873	1140	132	0	1	1044	1	1140	0.000E+00	2337
NP_001258867.1	phXP_045694258.1	0.928	2845	201	0	1	2845	1	2789	0.000E+00	5867
NP_039253.1	phXP_045677489.1	0.958	286	12	0	1	285	1	286	1.014E-183	568
NP_039253.1	phXP_045677487.1	0.958	286	12	0	1	285	1	286	1.014E-183	568
NP_004874.1	phXP_045674623.1	0.941	850	50	0	1	850	1	848	0.000E+00	1664
NP_002181.1	phXP_045698534.1	0.632	155	55	0	1	155	1	151	2.328E-62	210
NP_037410.1	phXP_045675072.1	0.761	193	46	0	3	195	2	193	3.136E-96	310
NP_000591.1	phXP_045684356.1	0.490	212	105	0	1	212	1	207	2.616E-62	213
NP_000581.1	phXP_045685721.1	0.647	139	48	0	1	139	1	138	2.066E-58	198
NP_002182.1	phXP_045710829.1	0.796	364	74	0	3	366	5	366	7.079E-197	610
NP_002183.1	phXP_045684299.1	0.924	426	32	0	1	426	1	426	5.839E-273	833
NP_002184.2	phXP_045681795.1	0.973	409	11	0	1	407	1	409	1.263E-280	854
NP_005529.1	phXP_045685580.1	0.848	349	53	0	4	352	3	351	6.900E-199	615
NP_000470.2	phXP_045687717.1	0.748	565	140	0	5	560	5	569	2.573E-270	833
NP_001186788.1	phXP_045717457.1	0.935	497	32	0	1	497	1	495	0.000E+00	992
NP_001112359.1	phXP_045677315.1	0.832	496	83	0	1	495	1	496	2.082E-293	896
NP_057069.1	phXP_045688540.1	0.669	503	165	0	1	503	1	498	1.552E-220	686
NP_004664.1	phXP_045694329.1	0.902	491	48	0	1	491	12	502	7.476E-312	949
NP_647475.1	phXP_045706557.1	0.776	408	90	0	5	406	6	413	9.330E-214	661
NP_835228.2	phXP_045674249.1	0.871	388	50	0	1	388	1	388	3.816E-241	739
NP_114123.2	phXP_045708972.1	0.868	470	61	0	1	470	1	466	1.792E-282	863
NP_114123.2	phXP_045708973.1	0.868	470	61	0	1	470	1	466	1.792E-282	863
NP_114123.2	phXP_045708974.1	0.868	470	61	0	1	470	1	466	1.792E-282	863
NP_114123.2	phXP_045708971.1	0.868	470	61	0	1	470	1	466	1.792E-282	863
NP_055297.1	phXP_045684405.1	0.900	424	42	0	1	424	1	424	3.237E-261	799
NP_002972.1	phXP_045693554.1	0.510	92	44	0	1	91	1	92	2.745E-25	100
NP_002977.1	phXP_045692757.1	0.652	92	32	0	1	92	1	92	5.069E-35	128
NP_116741.2	phXP_045692708.1	0.444	108	59	0	1	108	1	107	7.965E-22	91
NP_004581.1	phXP_045692148.1	0.690	97	30	0	1	97	1	97	1.799E-40	145
XP_005258077.1	phXP_045692148.1	0.690	97	30	0	1	97	1	97	1.799E-40	145
XP_006725397.1	phXP_045692148.1	0.690	97	30	0	1	97	1	97	1.799E-40	145
NP_001104753.1	phXP_045682340.1	0.924	159	12	0	1	158	1	159	2.050E-98	314
NP_000603.1	phXP_045677066.1	0.842	184	28	0	1	180	1	184	2.377E-99	318
NP_000603.1	phXP_045677067.1	0.842	184	28	0	1	180	1	184	2.377E-99	318
NP_001007140.2	phXP_045677066.1	0.842	184	28	0	1	180	1	184	2.377E-99	318
NP_001007140.2	phXP_045677067.1	0.842	184	28	0	1	180	1	184	2.377E-99	318
NP_002179.2	phXP_045685148.1	0.642	134	45	0	15	141	1	134	1.323E-47	167
NP_000576.1	phXP_045687203.1	0.782	161	35	0	1	161	1	161	5.191E-82	267
NP_000576.1	phXP_045687204.1	0.782	161	35	0	1	161	1	161	5.191E-82	267
NP_000576.1	phXP_045687205.1	0.782	161	35	0	1	161	1	161	5.191E-82	267
NP_000576.1	phXP_045687206.1	0.782	161	35	0	1	161	1	161	5.191E-82	267
NP_000576.1	phXP_045687207.1	0.782	161	35	0	1	161	1	161	5.191E-82	267
NP_000576.1	phXP_045687208.1	0.782	161	35	0	1	161	1	161	5.191E-82	267
NP_001165599.1	phXP_045680829.1	0.668	1330	431	0	1	1330	48	1345	0.000E+00	1683
NP_055258.1	phXP_045685064.1	0.927	180	13	0	1	180	1	180	5.683E-115	363
NP_000871.1	phXP_045705433.1	0.661	177	59	0	1	177	1	176	1.001E-73	244
XP_005245634.1	phXP_045694329.1	0.902	491	48	0	1	491	12	502	7.476E-312	949
NP_001321.1	phXP_045705096.1	0.814	199	37	0	1	199	1	199	1.279E-99	320
NP_001265027.1	phXP_045704043.1	0.930	159	11	0	1	159	1	159	1.611E-101	323
NP_954701.1	phXP_045704042.1	0.935	185	12	0	1	185	1	185	1.095E-118	374
NP_000506.2	phXP_045692039.1	0.598	217	83	0	1	217	18	224	3.431E-79	262
NP_612141.1	phXP_045700733.1	0.779	177	38	0	1	177	127	298	9.179E-87	283
NP_443104.1	phXP_045698794.1	0.577	154	63	0	10	163	2	150	3.540E-53	184
NP_005325.2	phXP_045701415.1	0.922	2053	159	0	1	2035	1	2053	0.000E+00	3812
NP_003382.1	phXP_045703616.1	0.930	360	25	0	1	360	1	360	1.909E-243	744
NP_001278809.1	phXP_045672750.1	0.996	299	1	0	1	299	1	299	3.218E-215	659
NP_078613.1	phXP_045672749.1	0.969	393	12	0	1	391	1	393	1.368E-271	827
NP_110380.1	phXP_045691601.1	0.988	355	4	0	1	355	1	355	2.233E-256	781
NP_110380.1	phXP_045691599.1	0.988	355	4	0	1	355	1	355	2.233E-256	781
NP_149122.1	phXP_045706503.1	0.937	352	22	0	1	352	1	352	1.898E-239	732
NP_003383.2	phXP_045688275.1	0.986	380	5	0	1	380	1	380	3.154E-265	808
NP_003387.1	phXP_045692814.1	0.960	358	14	0	1	357	1	358	2.188E-240	735
NP_002986.1	phXP_045694703.1	0.657	111	36	0	1	111	1	107	2.747E-41	147
NP_001183980.1	phXP_045710906.1	0.942	571	33	0	1	569	1	571	0.000E+00	1108
NP_001121070.1	phXP_045677066.1	0.842	184	28	0	57	236	1	184	3.100E-98	318
NP_001121070.1	phXP_045677067.1	0.842	184	28	0	57	236	1	184	3.100E-98	318
NP_000568.1	phXP_045684020.1	0.803	158	31	0	1	158	1	158	5.631E-88	284
NP_776214.1	phXP_045684019.1	0.789	176	37	0	1	176	1	176	1.495E-94	304
NP_776215.1	phXP_045684021.1	0.816	142	26	0	1	142	1	142	2.565E-80	261
XP_005263718.1	phXP_045684021.1	0.816	142	26	0	1	142	1	142	2.565E-80	261
XP_006712560.1	phXP_045684021.1	0.816	142	26	0	1	142	1	142	2.565E-80	261
NP_000577.2	phXP_045687652.1	0.535	153	70	0	1	152	1	153	1.807E-47	167
NP_061194.2	phXP_045697354.1	0.782	175	38	0	1	175	1	175	1.251E-87	284
XP_005253090.2	phXP_045681725.1	0.899	1031	101	0	1	999	1	1031	0.000E+00	2044
XP_005249000.1	phXP_045691310.1	0.967	1009	33	0	1	1009	1	1009	0.000E+00	2192
NP_003003.3	phXP_045677479.1	0.961	314	12	0	1	314	1	314	1.751E-212	652
NP_443112.2	phXP_045682779.1	0.832	263	44	0	1	263	6	268	2.537E-148	464
NP_002695.1	phXP_045713959.1	0.510	127	57	0	1	127	1	118	2.551E-32	122
NP_004149.1	phXP_045687817.1	0.683	156	48	0	1	156	1	153	9.951E-64	214
NP_002816.1	phXP_045711623.1	0.958	168	7	0	1	168	1	168	1.044E-110	350
NP_003203.1	phXP_045713316.1	0.731	186	49	0	1	186	1	185	4.010E-89	289
NP_003227.1	phXP_045684425.1	0.900	160	16	0	1	160	1	160	2.256E-98	314
NP_000651.3	phXP_045702620.1	0.930	390	27	0	1	390	1	390	7.520E-252	770
NP_001129071.1	phXP_045673337.1	0.959	442	18	0	1	442	1	442	3.980E-294	895
NP_003229.1	phXP_045673342.1	0.956	414	18	0	1	414	1	414	1.371E-274	837
NP_003230.1	phXP_045679739.1	0.949	412	21	0	1	412	1	408	1.501E-272	831
XP_005250572.1	phXP_045711623.1	0.958	168	7	0	1	168	1	168	1.044E-110	350
NP_006262.1	phXP_045673278.1	0.989	94	1	0	1	94	1	94	1.042E-57	193
NP_002957.1	phXP_045672734.1	0.989	97	1	0	1	97	1	97	3.628E-62	206
NP_005611.1	phXP_045672948.1	0.857	98	14	0	1	98	1	98	1.462E-51	176
NP_005612.1	phXP_045672922.1	0.604	91	36	0	1	91	1	91	1.664E-28	109
NP_001019381.1	phXP_045673273.1	0.877	98	12	0	1	98	1	98	1.042E-51	176
NP_001019381.1	phXP_045673274.1	0.877	98	12	0	1	98	1	98	1.042E-51	176
NP_001019381.1	phXP_045673276.1	0.877	98	12	0	1	98	1	98	1.042E-51	176
NP_001019381.1	phXP_045673277.1	0.877	98	12	0	1	98	1	98	1.042E-51	176
NP_001019382.1	phXP_045673273.1	0.877	98	12	0	1	98	1	98	1.042E-51	176
NP_001019382.1	phXP_045673274.1	0.877	98	12	0	1	98	1	98	1.042E-51	176
NP_001019382.1	phXP_045673276.1	0.877	98	12	0	1	98	1	98	1.042E-51	176
NP_001019382.1	phXP_045673277.1	0.877	98	12	0	1	98	1	98	1.042E-51	176
NP_001019383.1	phXP_045673273.1	0.877	98	12	0	1	98	1	98	1.042E-51	176
NP_001019383.1	phXP_045673274.1	0.877	98	12	0	1	98	1	98	1.042E-51	176
NP_001019383.1	phXP_045673276.1	0.877	98	12	0	1	98	1	98	1.042E-51	176
NP_001019383.1	phXP_045673277.1	0.877	98	12	0	1	98	1	98	1.042E-51	176
NP_001019384.1	phXP_045673273.1	0.877	98	12	0	1	98	1	98	1.042E-51	176
NP_001019384.1	phXP_045673274.1	0.877	98	12	0	1	98	1	98	1.042E-51	176
NP_001019384.1	phXP_045673276.1	0.877	98	12	0	1	98	1	98	1.042E-51	176
NP_001019384.1	phXP_045673277.1	0.877	98	12	0	1	98	1	98	1.042E-51	176
XP_006723295.1	phXP_045712376.1	0.904	210	20	0	1	210	1	210	7.534E-127	399
NP_065391.1	phXP_045682815.1	0.570	247	99	0	6	252	6	236	3.447E-78	261
NP_783165.1	phXP_045692891.1	0.918	576	47	0	1	576	1	574	0.000E+00	1154
NP_009122.2	phXP_045685530.1	0.941	379	22	0	1	379	1	379	1.629E-263	803
NP_005421.1	phXP_045685510.1	0.991	370	3	0	1	370	1	370	5.265E-263	801
NP_079492.2	phXP_045710176.1	0.954	418	19	0	1	417	1	418	1.396E-284	866
NP_003385.2	phXP_045685509.1	0.974	389	10	0	1	389	1	389	1.365E-270	824
NP_004617.2	phXP_045674040.1	0.983	354	6	0	1	354	1	354	9.941E-248	756
NP_004617.2	phXP_045674041.1	0.983	354	6	0	1	354	1	354	9.941E-248	756
NP_004617.2	phXP_045674042.1	0.983	354	6	0	1	354	1	354	9.941E-248	756
NP_004617.2	phXP_045674043.1	0.983	354	6	0	1	354	1	354	9.941E-248	756
XP_005274288.1	phXP_045674040.1	0.983	354	6	0	1	354	1	354	9.941E-248	756
XP_005274288.1	phXP_045674041.1	0.983	354	6	0	1	354	1	354	9.941E-248	756
XP_005274288.1	phXP_045674042.1	0.983	354	6	0	1	354	1	354	9.941E-248	756
XP_005274288.1	phXP_045674043.1	0.983	354	6	0	1	354	1	354	9.941E-248	756
NP_476509.1	phXP_045703126.1	0.942	365	21	0	1	365	1	365	7.505E-248	757
NP_001137285.1	phXP_045681390.1	0.983	247	4	0	1	247	1	247	2.951E-164	509
NP_001137285.1	phXP_045681391.1	0.983	247	4	0	1	247	1	247	2.951E-164	509
NP_001137285.1	phXP_045681392.1	0.983	247	4	0	1	247	1	247	2.951E-164	509
NP_001137285.1	phXP_045681393.1	0.983	247	4	0	1	247	1	247	2.951E-164	509
NP_001137285.1	phXP_045681394.1	0.983	247	4	0	1	247	1	247	2.951E-164	509
NP_001137288.1	phXP_045681390.1	0.983	247	4	0	1	247	1	247	2.951E-164	509
NP_001137288.1	phXP_045681391.1	0.983	247	4	0	1	247	1	247	2.951E-164	509
NP_001137288.1	phXP_045681392.1	0.983	247	4	0	1	247	1	247	2.951E-164	509
NP_001137288.1	phXP_045681393.1	0.983	247	4	0	1	247	1	247	2.951E-164	509
NP_001137288.1	phXP_045681394.1	0.983	247	4	0	1	247	1	247	2.951E-164	509
NP_001700.2	phXP_045681390.1	0.983	247	4	0	1	247	1	247	2.951E-164	509
NP_001700.2	phXP_045681391.1	0.983	247	4	0	1	247	1	247	2.951E-164	509
NP_001700.2	phXP_045681392.1	0.983	247	4	0	1	247	1	247	2.951E-164	509
NP_001700.2	phXP_045681393.1	0.983	247	4	0	1	247	1	247	2.951E-164	509
NP_001700.2	phXP_045681394.1	0.983	247	4	0	1	247	1	247	2.951E-164	509
NP_733927.1	phXP_045681389.1	0.984	255	4	0	1	255	1	255	5.454E-170	526
NP_733928.1	phXP_045681390.1	0.983	247	4	0	1	247	1	247	2.951E-164	509
NP_733928.1	phXP_045681391.1	0.983	247	4	0	1	247	1	247	2.951E-164	509
NP_733928.1	phXP_045681392.1	0.983	247	4	0	1	247	1	247	2.951E-164	509
NP_733928.1	phXP_045681393.1	0.983	247	4	0	1	247	1	247	2.951E-164	509
NP_733928.1	phXP_045681394.1	0.983	247	4	0	1	247	1	247	2.951E-164	509
NP_733929.1	phXP_045681390.1	0.983	247	4	0	1	247	1	247	2.951E-164	509
NP_733929.1	phXP_045681391.1	0.983	247	4	0	1	247	1	247	2.951E-164	509
NP_733929.1	phXP_045681392.1	0.983	247	4	0	1	247	1	247	2.951E-164	509
NP_733929.1	phXP_045681393.1	0.983	247	4	0	1	247	1	247	2.951E-164	509
NP_733929.1	phXP_045681394.1	0.983	247	4	0	1	247	1	247	2.951E-164	509
NP_733931.1	phXP_045681390.1	0.983	247	4	0	1	247	1	247	2.951E-164	509
NP_733931.1	phXP_045681391.1	0.983	247	4	0	1	247	1	247	2.951E-164	509
NP_733931.1	phXP_045681392.1	0.983	247	4	0	1	247	1	247	2.951E-164	509
NP_733931.1	phXP_045681393.1	0.983	247	4	0	1	247	1	247	2.951E-164	509
NP_733931.1	phXP_045681394.1	0.983	247	4	0	1	247	1	247	2.951E-164	509
NP_002976.2	phXP_045692959.1	0.813	91	17	0	1	91	1	91	4.981E-48	165
XP_006724879.1	phXP_045701413.1	0.922	2097	162	0	1	2079	1	2097	0.000E+00	3888
XP_006724878.1	phXP_045701412.1	0.922	2098	162	0	1	2080	1	2098	0.000E+00	3890
NP_037452.1	phXP_045682387.1	0.944	793	44	0	1	792	1	793	0.000E+00	1583
NP_000592.3	phXP_045683608.1	0.928	729	52	0	1	727	1	729	0.000E+00	1536
NP_000592.3	phXP_045683610.1	0.928	729	52	0	1	727	1	729	0.000E+00	1536
XP_006716019.1	phXP_045683608.1	0.928	729	52	0	1	727	1	729	0.000E+00	1536
XP_006716019.1	phXP_045683610.1	0.928	729	52	0	1	727	1	729	0.000E+00	1536
NP_001519.1	phXP_045690034.1	0.802	661	129	0	1	655	1	661	0.000E+00	1154
NP_001276926.1	phXP_045707556.1	0.790	286	60	0	1	286	1	286	1.233E-150	472
NP_001276927.1	phXP_045707559.1	0.744	352	90	0	1	352	1	352	5.964E-166	520
NP_001276932.1	phXP_045707559.1	0.744	352	90	0	141	492	1	352	2.463E-163	520
NP_001276955.1	phXP_045707560.1	0.774	319	72	0	1	319	1	319	1.406E-165	517
NP_001276956.1	phXP_045707556.1	0.790	286	60	0	1	286	1	286	1.233E-150	472
NP_003799.1	phXP_045680440.1	0.860	250	35	0	1	250	1	250	5.917E-141	442
NP_001278790.1	phXP_045677066.1	0.842	184	28	0	1	180	1	184	2.377E-99	318
NP_001278790.1	phXP_045677067.1	0.842	184	28	0	1	180	1	184	2.377E-99	318
NP_001278791.1	phXP_045677066.1	0.842	184	28	0	1	180	1	184	2.377E-99	318
NP_001278791.1	phXP_045677067.1	0.842	184	28	0	1	180	1	184	2.377E-99	318
NP_002172.2	phXP_045711669.1	0.948	411	21	0	1	411	1	410	1.119E-266	814
NP_000563.1	phXP_045697457.1	0.819	177	32	0	1	177	1	177	1.567E-94	304
NP_000632.1	phXP_045686344.1	0.924	199	15	0	1	199	1	199	3.912E-120	379
NP_000873.2	phXP_045707562.1	0.804	225	43	0	35	253	1	225	7.071E-106	341
NP_002178.2	phXP_045683887.1	0.851	329	49	0	1	328	1	329	1.782E-193	598
NP_005970.1	phXP_045673273.1	0.877	98	12	0	1	98	1	98	1.042E-51	176
NP_005970.1	phXP_045673274.1	0.877	98	12	0	1	98	1	98	1.042E-51	176
NP_005970.1	phXP_045673276.1	0.877	98	12	0	1	98	1	98	1.042E-51	176
NP_005970.1	phXP_045673277.1	0.877	98	12	0	1	98	1	98	1.042E-51	176
XP_005245491.1	phXP_045673273.1	0.877	98	12	0	1	98	1	98	1.042E-51	176
XP_005245491.1	phXP_045673274.1	0.877	98	12	0	1	98	1	98	1.042E-51	176
XP_005245491.1	phXP_045673276.1	0.877	98	12	0	1	98	1	98	1.042E-51	176
XP_005245491.1	phXP_045673277.1	0.877	98	12	0	1	98	1	98	1.042E-51	176
NP_065723.1	phXP_045672889.1	0.922	103	8	0	1	103	1	103	6.905E-59	197
XP_005245419.1	phXP_045672889.1	0.922	103	8	0	1	103	1	103	6.905E-59	197
XP_006711531.1	phXP_045672889.1	0.922	103	8	0	1	103	1	103	6.905E-59	197
NP_525127.1	phXP_045673211.1	0.922	103	8	0	1	103	1	103	1.325E-59	199
NP_525127.1	phXP_045673212.1	0.922	103	8	0	1	103	1	103	1.325E-59	199
XP_005244962.1	phXP_045673211.1	0.922	103	8	0	1	103	1	103	1.325E-59	199
XP_005244962.1	phXP_045673212.1	0.922	103	8	0	1	103	1	103	1.325E-59	199
XP_005244963.1	phXP_045673211.1	0.922	103	8	0	1	103	1	103	1.325E-59	199
XP_005244963.1	phXP_045673212.1	0.922	103	8	0	1	103	1	103	1.325E-59	199
NP_002951.1	phXP_045672790.1	0.920	101	8	0	1	101	1	101	7.291E-65	214
NP_116031.1	phXP_045686403.1	0.922	359	28	0	1	359	1	358	1.427E-237	727
NP_116031.1	phXP_045686400.1	0.922	359	28	0	1	359	28	385	1.427E-237	727
NP_116031.1	phXP_045686401.1	0.922	359	28	0	1	359	28	385	1.427E-237	727
NP_116031.1	phXP_045686402.1	0.922	359	28	0	1	359	28	385	1.427E-237	727
NP_116031.1	phXP_045686399.1	0.922	359	28	0	1	359	44	401	1.427E-237	727
NP_006513.1	phXP_045710708.1	0.950	365	18	0	1	365	1	365	9.029E-246	751
XP_005272134.1	phXP_045685664.1	0.901	355	35	0	1	355	1	355	1.116E-229	704
NP_003384.2	phXP_045710463.1	0.990	322	3	0	30	351	1	322	2.712E-226	694
NP_001137.2	phXP_045717456.1	0.935	498	32	0	1	498	1	496	0.000E+00	995
NP_149355.1	phXP_045710433.1	0.995	204	1	0	1	204	1	204	2.419E-136	426
NP_001997.5	phXP_045686760.1	0.782	270	56	0	19	288	8	266	3.165E-132	419
NP_066360.1	phXP_045707631.1	1.000	243	0	0	1	243	1	243	1.456E-161	501
NP_795372.1	phXP_045695976.1	0.678	190	61	0	1	189	1	190	9.453E-81	266
NP_000610.2	phXP_045685891.1	0.638	166	60	0	1	166	1	166	7.055E-64	215
NP_064509.2	phXP_045696297.1	0.692	207	63	0	1	207	1	204	3.566E-91	296
NP_002168.1	phXP_045696672.1	0.608	189	74	0	1	189	1	189	7.256E-69	231
NP_000609.1	phXP_045682341.1	0.941	153	9	0	1	153	1	153	3.589E-98	313
NP_001104754.1	phXP_045682343.1	0.934	137	9	0	1	137	1	137	4.823E-87	280
NP_001104755.1	phXP_045682344.1	0.920	150	12	0	1	150	1	150	3.795E-93	301
NP_006263.1	phXP_045708593.1	0.956	92	4	0	1	92	1	92	5.182E-56	188
NP_006263.1	phXP_045708595.1	0.956	92	4	0	1	92	1	92	5.182E-56	188
NP_003800.1	phXP_045680442.1	0.855	249	36	0	1	249	1	248	9.879E-135	424
NP_001711.2	phXP_045715736.1	0.895	402	42	0	1	402	1	402	3.199E-250	766
NP_066988.1	phXP_045694308.1	0.946	783	42	0	1	783	1	783	0.000E+00	1573
XP_005245436.1	phXP_045694308.1	0.946	783	42	0	1	783	1	783	0.000E+00	1573
NP_950252.1	phXP_045714998.1	0.963	766	28	0	1	766	1	766	0.000E+00	1562
NP_950252.1	phXP_045715008.1	0.963	766	28	0	1	766	1	766	0.000E+00	1562
NP_950252.1	phXP_045715018.1	0.963	766	28	0	1	766	1	766	0.000E+00	1562
XP_005245174.1	phXP_045714998.1	0.963	766	28	0	1	766	1	766	0.000E+00	1562
XP_005245174.1	phXP_045715008.1	0.963	766	28	0	1	766	1	766	0.000E+00	1562
XP_005245174.1	phXP_045715018.1	0.963	766	28	0	1	766	1	766	0.000E+00	1562
XP_005248321.1	phXP_045695915.1	0.962	213	8	0	1	208	1	213	2.003E-140	438
NP_004103.1	phXP_045680227.1	0.968	224	7	0	1	224	1	224	2.799E-145	453
NP_004104.3	phXP_045707633.1	1.000	181	0	0	1	181	1	181	1.663E-120	379
NP_004104.3	phXP_045707635.1	1.000	181	0	0	1	181	1	181	1.663E-120	379
NP_002001.1	phXP_045700911.1	1.000	208	0	0	1	208	1	208	8.195E-142	442
NP_001014364.1	phXP_045672910.1	0.453	2307	1014	0	1	2307	1	1855	0.000E+00	1682
NP_001192.2	phXP_045714068.1	0.871	474	61	0	1	472	11	484	1.394E-277	849
NP_001137286.1	phXP_045681390.1	0.983	247	4	0	1	247	1	247	2.951E-164	509
NP_001137286.1	phXP_045681391.1	0.983	247	4	0	1	247	1	247	2.951E-164	509
NP_001137286.1	phXP_045681392.1	0.983	247	4	0	1	247	1	247	2.951E-164	509
NP_001137286.1	phXP_045681393.1	0.983	247	4	0	1	247	1	247	2.951E-164	509
NP_001137286.1	phXP_045681394.1	0.983	247	4	0	1	247	1	247	2.951E-164	509
NP_001648.1	phXP_045714039.1	0.703	252	73	0	1	252	1	248	2.963E-115	368
XP_005245488.1	phXP_045673114.1	0.663	101	34	0	1	101	1	101	6.033E-43	151
XP_005245488.1	phXP_045673060.1	0.663	101	34	0	1	101	1	101	6.033E-43	151
XP_005245488.1	phXP_045673061.1	0.663	101	34	0	1	101	1	101	6.033E-43	151
XP_005245488.1	phXP_045673097.1	0.663	101	34	0	1	101	1	101	6.033E-43	151
NP_110388.2	phXP_045715473.1	1.000	351	0	0	1	351	1	351	2.532E-244	746
NP_003004.1	phXP_045686924.1	0.969	295	9	0	1	295	1	294	1.184E-198	611
NP_003005.2	phXP_045682893.1	0.945	346	19	0	1	346	1	346	1.232E-232	712
NP_003006.2	phXP_045710218.1	0.943	320	18	0	1	317	1	320	4.480E-212	651
NP_000184.1	phXP_045693773.1	0.900	462	45	0	1	462	1	446	1.056E-275	843
NP_009044.2	phXP_045672905.1	0.455	1943	723	0	1	1943	850	2177	0.000E+00	1259
NP_001008536.1	phXP_045673010.1	0.365	904	339	0	1	904	1	535	5.786E-143	479
XP_005268085.1	phXP_045679739.1	0.949	412	21	0	1	412	1	408	1.501E-272	831
NP_000451.1	phXP_045707559.1	0.744	352	90	0	1	352	1	352	5.964E-166	520
NP_001171069.1	phXP_045707560.1	0.774	319	72	0	1	319	1	319	1.406E-165	517
NP_001244136.1	phXP_045682700.1	0.941	155	9	0	1	155	1	155	1.775E-98	314
NP_001244136.1	phXP_045682701.1	0.941	155	9	0	1	155	1	155	1.775E-98	314
NP_001244136.1	phXP_045682702.1	0.941	155	9	0	1	155	1	155	1.775E-98	314
NP_001244136.1	phXP_045682691.1	0.941	155	9	0	1	155	1	155	1.775E-98	314
NP_001244136.1	phXP_045682696.1	0.941	155	9	0	1	155	1	155	1.775E-98	314
NP_001244136.1	phXP_045682698.1	0.941	155	9	0	1	155	1	155	1.775E-98	314
NP_001244137.1	phXP_045682700.1	0.941	155	9	0	1	155	1	155	1.775E-98	314
NP_001244137.1	phXP_045682701.1	0.941	155	9	0	1	155	1	155	1.775E-98	314
NP_001244137.1	phXP_045682702.1	0.941	155	9	0	1	155	1	155	1.775E-98	314
NP_001244137.1	phXP_045682691.1	0.941	155	9	0	1	155	1	155	1.775E-98	314
NP_001244137.1	phXP_045682696.1	0.941	155	9	0	1	155	1	155	1.775E-98	314
NP_001244137.1	phXP_045682698.1	0.941	155	9	0	1	155	1	155	1.775E-98	314
NP_878248.2	phXP_045700564.1	0.854	453	66	0	1	450	1	453	1.092E-251	773
NP_001275753.1	phXP_045684368.1	0.760	366	86	0	1	366	1	361	3.562E-187	582
NP_005251.1	phXP_045684360.1	0.751	454	112	0	1	454	1	449	2.523E-226	700
NP_000505.1	phXP_045704040.1	0.938	212	13	0	1	211	1	212	8.245E-135	422
NP_000505.1	phXP_045704041.1	0.938	212	13	0	1	211	1	212	8.245E-135	422
NP_001177397.1	phXP_045704038.1	0.924	225	17	0	5	228	42	266	2.323E-140	439
NP_001177398.1	phXP_045704039.1	0.919	198	16	0	5	202	42	239	6.860E-124	390
NP_004953.1	phXP_045698080.1	0.818	478	87	0	1	478	1	477	1.582E-261	803
NP_005802.1	phXP_045685923.1	0.987	408	5	0	1	407	1	408	1.263E-280	854
XP_006719256.1	phXP_045685923.1	0.987	408	5	0	1	407	1	408	1.263E-280	854
XP_006719257.1	phXP_045685923.1	0.987	408	5	0	1	407	1	408	1.263E-280	854
NP_004855.2	phXP_045709223.1	0.618	309	117	0	1	308	1	309	2.701E-117	377
NP_057288.1	phXP_045698141.1	0.788	430	91	0	1	429	1	430	7.468E-228	703
NP_065685.1	phXP_045695706.1	0.819	365	66	0	1	364	1	365	3.411E-204	631
NP_000548.2	phXP_045689401.1	0.962	501	19	0	1	501	1	499	0.000E+00	1012
NP_001001557.1	phXP_045717572.1	0.872	461	58	0	1	455	1	461	6.515E-269	823
NP_001137280.1	phXP_045681390.1	0.983	247	4	0	1	247	1	247	2.951E-164	509
NP_001137280.1	phXP_045681391.1	0.983	247	4	0	1	247	1	247	2.951E-164	509
NP_001137280.1	phXP_045681392.1	0.983	247	4	0	1	247	1	247	2.951E-164	509
NP_001137280.1	phXP_045681393.1	0.983	247	4	0	1	247	1	247	2.951E-164	509
NP_001137280.1	phXP_045681394.1	0.983	247	4	0	1	247	1	247	2.951E-164	509
NP_001137283.1	phXP_045681390.1	0.983	247	4	0	1	247	1	247	2.951E-164	509
NP_001137283.1	phXP_045681391.1	0.983	247	4	0	1	247	1	247	2.951E-164	509
NP_001137283.1	phXP_045681392.1	0.983	247	4	0	1	247	1	247	2.951E-164	509
NP_001137283.1	phXP_045681393.1	0.983	247	4	0	1	247	1	247	2.951E-164	509
NP_001137283.1	phXP_045681394.1	0.983	247	4	0	1	247	1	247	2.951E-164	509
NP_001137284.1	phXP_045681390.1	0.983	247	4	0	1	247	1	247	2.951E-164	509
NP_001137284.1	phXP_045681391.1	0.983	247	4	0	1	247	1	247	2.951E-164	509
NP_001137284.1	phXP_045681392.1	0.983	247	4	0	1	247	1	247	2.951E-164	509
NP_001137284.1	phXP_045681393.1	0.983	247	4	0	1	247	1	247	2.951E-164	509
NP_001137284.1	phXP_045681394.1	0.983	247	4	0	1	247	1	247	2.951E-164	509
NP_001244138.1	phXP_045682700.1	0.941	155	9	0	1	155	1	155	1.775E-98	314
NP_001244138.1	phXP_045682701.1	0.941	155	9	0	1	155	1	155	1.775E-98	314
NP_001244138.1	phXP_045682702.1	0.941	155	9	0	1	155	1	155	1.775E-98	314
NP_001244138.1	phXP_045682691.1	0.941	155	9	0	1	155	1	155	1.775E-98	314
NP_001244138.1	phXP_045682696.1	0.941	155	9	0	1	155	1	155	1.775E-98	314
NP_001244138.1	phXP_045682698.1	0.941	155	9	0	1	155	1	155	1.775E-98	314
NP_001244139.1	phXP_045682700.1	0.941	155	9	0	1	155	1	155	1.775E-98	314
NP_001244139.1	phXP_045682701.1	0.941	155	9	0	1	155	1	155	1.775E-98	314
NP_001244139.1	phXP_045682702.1	0.941	155	9	0	1	155	1	155	1.775E-98	314
NP_001244139.1	phXP_045682691.1	0.941	155	9	0	1	155	1	155	1.775E-98	314
NP_001244139.1	phXP_045682696.1	0.941	155	9	0	1	155	1	155	1.775E-98	314
NP_001244139.1	phXP_045682698.1	0.941	155	9	0	1	155	1	155	1.775E-98	314
NP_004456.1	phXP_045695915.1	0.962	213	8	0	1	208	1	213	2.003E-140	438
NP_003732.2	phXP_045707361.1	0.839	959	154	0	1	955	1	959	0.000E+00	1716
XP_005247907.1	phXP_045707361.1	0.837	959	155	0	1	954	1	959	0.000E+00	1716
NP_001137453.1	phXP_045673510.1	0.929	452	32	0	7	458	1	452	9.544E-310	941
NP_004741.1	phXP_045709153.1	0.964	422	15	0	1	422	1	421	3.261E-286	871
NP_057070.3	phXP_045693542.1	0.945	438	24	0	5	442	1	438	8.289E-286	871
NP_057274.1	phXP_045717722.1	0.512	648	241	0	1	495	1	648	6.458E-181	571
NP_000748.3	phXP_045673036.1	0.628	559	206	0	1	554	1	559	8.960E-216	675
NP_000748.3	phXP_045673035.1	0.628	559	206	0	1	554	1	559	8.960E-216	675
NP_757350.1	phXP_045673038.1	0.614	256	97	0	1	256	1	252	1.290E-91	300
NP_757351.1	phXP_045673036.1	0.628	559	206	0	1	554	1	559	8.960E-216	675
NP_757351.1	phXP_045673035.1	0.628	559	206	0	1	554	1	559	8.960E-216	675
NP_000749.2	phXP_045684402.1	0.722	144	39	0	1	144	1	143	4.707E-66	220
XP_006715796.1	phXP_045682642.1	0.909	211	19	0	1	211	1	211	1.454E-128	404
XP_006715796.1	phXP_045682651.1	0.909	211	19	0	1	211	1	211	1.454E-128	404
XP_006715796.1	phXP_045682658.1	0.909	211	19	0	1	211	1	211	1.454E-128	404
XP_006715796.1	phXP_045682663.1	0.909	211	19	0	1	211	1	211	1.454E-128	404
XP_006715796.1	phXP_045682664.1	0.909	211	19	0	1	211	1	211	1.454E-128	404
XP_006715796.1	phXP_045682627.1	0.909	211	19	0	1	211	55	265	1.454E-128	404
NP_001193941.1	phXP_045679068.1	0.718	149	42	0	1	149	1	149	3.663E-71	235
NP_002623.2	phXP_045679067.1	0.723	170	47	0	1	170	1	170	6.853E-83	270
XP_006718538.1	phXP_045711401.1	0.908	206	19	0	1	206	1	206	5.439E-120	379
NP_004455.2	phXP_045714072.1	0.902	268	26	0	1	268	1	265	1.262E-158	494
NP_066276.2	phXP_045686528.1	0.951	208	10	0	1	208	1	208	2.322E-130	409
NP_002000.1	phXP_045678287.1	0.953	194	9	0	1	194	1	194	7.139E-128	401
NP_006110.1	phXP_045710432.1	0.995	215	1	0	1	215	1	215	2.104E-143	447
NP_149354.1	phXP_045710431.1	0.987	233	3	0	1	233	1	233	3.894E-154	479
NP_005121.1	phXP_045690634.1	0.481	234	118	0	1	234	37	265	2.955E-62	214
NP_006265.1	phXP_045696696.1	0.593	91	36	0	2	92	68	156	1.456E-32	121
NP_002973.1	phXP_045693049.1	0.606	99	38	0	1	99	1	98	5.572E-35	128
NP_001123518.1	phXP_045710991.1	0.526	95	45	0	1	95	2	96	8.587E-29	110
NP_002980.1	phXP_045696723.1	0.686	134	41	0	1	134	1	133	3.877E-55	188
NP_002981.2	phXP_045674893.1	0.652	92	32	0	1	92	1	92	6.855E-38	136
NP_665905.2	phXP_045692150.1	0.406	126	67	0	1	114	1	126	2.386E-21	90
NP_002982.2	phXP_045675293.1	0.509	105	46	0	1	95	1	105	1.265E-27	108
NP_056322.2	phXP_045712039.1	0.798	552	111	0	1	551	3	554	4.447E-323	985
NP_057299.1	phXP_045702481.1	0.772	273	62	0	1	272	51	323	2.393E-145	456
NP_958854.1	phXP_045702481.1	0.772	273	62	0	1	272	51	323	2.393E-145	456
NP_085155.1	phXP_045681925.1	0.868	289	38	0	1	286	1	289	9.147E-175	542
NP_085155.1	phXP_045681926.1	0.868	289	38	0	1	286	1	289	9.147E-175	542
NP_001157030.1	phXP_045703132.1	0.706	228	66	0	1	227	1	228	5.860E-104	334
NP_004549.1	phXP_045687797.1	0.928	197	14	0	1	197	1	197	2.944E-122	385
NP_004549.1	phXP_045687798.1	0.928	197	14	0	1	197	1	197	2.944E-122	385
NP_001096124.1	phXP_045682531.1	0.966	270	9	0	1	270	1	270	6.931E-175	541
NP_006170.1	phXP_045712376.1	0.904	210	20	0	1	210	1	210	7.534E-127	399
XP_005259019.1	phXP_045712376.1	0.904	210	20	0	1	210	1	210	7.534E-127	399
NP_002978.1	phXP_045675097.1	0.685	89	28	0	1	89	1	89	6.490E-39	139
NP_005615.2	phXP_045706504.1	0.496	149	75	0	1	149	1	149	1.674E-38	141
NP_006063.1	phXP_045675556.1	0.662	89	30	0	1	89	1	89	4.395E-35	128
NP_006655.1	phXP_045695951.1	0.720	111	31	0	2	112	26	136	5.565E-49	169
NP_683513.1	phXP_045695811.1	0.730	126	34	0	1	126	1	126	1.886E-59	200
XP_005248382.1	phXP_045695813.1	0.828	64	11	0	1	64	1	64	5.201E-28	109
NP_001001437.2	phXP_045692158.1	0.795	93	19	0	1	93	1	93	3.021E-46	160
NP_066286.1	phXP_045692158.1	0.795	93	19	0	1	93	1	93	3.021E-46	160
NP_002975.1	phXP_045693017.1	0.815	92	17	0	1	92	1	92	2.120E-49	169
NP_002160.1	phXP_045696431.1	0.691	188	58	0	1	188	1	188	1.362E-84	276
NP_002167.1	phXP_045696814.1	0.519	181	86	0	1	181	1	180	1.203E-50	178
NP_002167.1	phXP_045696931.1	0.519	181	86	0	1	181	1	180	1.203E-50	178
NP_001165095.1	phXP_045698747.1	0.919	187	15	0	29	215	1	186	8.290E-120	379
NP_003367.4	phXP_045698747.1	0.919	187	15	0	209	395	1	186	2.119E-116	379
NP_001230662.1	phXP_045711063.1	0.925	188	14	0	1	188	1	188	4.269E-122	384
NP_003368.1	phXP_045711062.1	0.927	207	15	0	1	207	1	207	2.215E-130	409
NP_005420.1	phXP_045677382.1	0.824	416	73	0	1	416	1	416	4.057E-256	784
NP_940972.2	phXP_045684845.1	0.901	326	32	0	2	325	110	435	4.938E-215	660
NP_001073969.1	phXP_045710978.1	0.990	222	2	0	1	222	1	222	7.425E-167	515
NP_444514.1	phXP_045705225.1	0.865	548	74	0	1	548	1	547	0.000E+00	1024
NP_444514.1	phXP_045705226.1	0.865	548	74	0	1	548	1	547	0.000E+00	1024
NP_003386.1	phXP_045706574.1	0.964	365	13	0	1	365	1	364	8.232E-247	754
NP_053586.1	phXP_045674613.1	0.941	852	50	0	1	852	1	850	0.000E+00	1667
NP_001010848.2	phXP_045698027.1	0.929	708	49	0	1	696	1	708	0.000E+00	1342
NP_001276957.1	phXP_045707559.1	0.744	352	90	0	1	352	1	352	5.964E-166	520
NP_001276926.1	phXP_045707556.1	0.790	286	60	0	1	286	1	286	1.233E-150	472
NP_001276956.1	phXP_045707556.1	0.790	286	60	0	1	286	1	286	1.233E-150	472
NP_000585.2	phXP_045682137.1	0.807	233	44	0	1	233	1	229	3.866E-120	381
NP_003801.1	phXP_045707417.1	0.694	284	86	0	1	281	31	314	1.367E-129	411
NP_003692.1	phXP_045695164.1	0.869	321	41	0	1	317	1	321	1.861E-187	580
NP_001012334.1	phXP_045681545.1	0.937	143	9	0	1	143	1	143	6.592E-95	303
NP_006410.1	phXP_045714011.1	0.442	94	52	0	1	94	1	94	2.238E-17	78
NP_476432.2	phXP_045715639.1	0.786	220	47	0	1	220	1	220	2.432E-110	352
NP_476432.2	phXP_045715640.1	0.786	220	47	0	1	220	1	220	2.432E-110	352
NP_775184.1	phXP_045684852.1	0.867	151	20	0	1	151	1	151	2.426E-85	276
NP_775270.1	phXP_045683233.1	0.620	153	58	0	3	155	30	182	2.807E-61	207
NP_065386.1	phXP_045686051.1	0.832	179	30	0	1	179	1	179	1.806E-93	301
XP_005268986.1	phXP_045686051.1	0.832	179	30	0	1	179	1	179	1.806E-93	301
NP_057668.1	phXP_045686057.1	0.840	194	30	0	1	189	1	194	3.770E-107	341
NP_001172085.1	phXP_045697325.1	0.671	207	67	0	1	207	1	205	1.048E-87	286
NP_758525.1	phXP_045697184.1	0.761	168	38	0	1	160	1	168	1.837E-84	274
NP_060872.1	phXP_045686009.1	0.837	166	27	0	4	169	4	169	2.002E-88	286
NP_001166242.1	phXP_045674473.1	0.779	209	46	0	1	209	1	209	6.958E-109	349
NP_001166243.1	phXP_045674470.1	0.780	210	46	0	1	210	1	210	1.475E-109	351
NP_001166243.1	phXP_045674471.1	0.780	210	46	0	1	210	1	210	1.475E-109	351
NP_001166243.1	phXP_045674472.1	0.780	210	46	0	1	210	1	210	1.475E-109	351
NP_689669.2	phXP_045674470.1	0.780	210	46	0	1	210	1	210	1.475E-109	351
NP_689669.2	phXP_045674471.1	0.780	210	46	0	1	210	1	210	1.475E-109	351
NP_689669.2	phXP_045674472.1	0.780	210	46	0	1	210	1	210	1.475E-109	351
NP_000580.1	phXP_045685832.1	0.503	150	67	0	1	150	1	135	3.506E-40	146
NP_000870.1	phXP_045685845.1	0.637	135	48	0	1	134	1	135	1.408E-49	172
NP_002598.4	phXP_045682642.1	0.909	211	19	0	1	211	1	211	1.454E-128	404
NP_002598.4	phXP_045682651.1	0.909	211	19	0	1	211	1	211	1.454E-128	404
NP_002598.4	phXP_045682658.1	0.909	211	19	0	1	211	1	211	1.454E-128	404
NP_002598.4	phXP_045682663.1	0.909	211	19	0	1	211	1	211	1.454E-128	404
NP_002598.4	phXP_045682664.1	0.909	211	19	0	1	211	1	211	1.454E-128	404
NP_002598.4	phXP_045682627.1	0.909	211	19	0	1	211	55	265	1.454E-128	404
NP_148983.1	phXP_045682636.1	0.908	196	18	0	1	196	55	250	1.678E-119	377
NP_002599.1	phXP_045691014.1	0.838	241	38	0	1	241	1	234	1.827E-132	417
NP_057289.1	phXP_045687714.1	0.944	345	19	0	1	345	1	345	3.144E-230	705
NP_057289.1	phXP_045687715.1	0.944	345	19	0	1	345	1	345	3.144E-230	705
NP_079484.1	phXP_045674257.1	0.910	370	33	0	1	370	1	370	2.176E-238	730
NP_149126.1	phXP_045674258.1	0.909	364	33	0	1	364	1	364	5.285E-234	717
NP_002610.1	phXP_045713960.1	0.588	102	41	0	1	101	1	102	3.736E-32	120
NP_005746.2	phXP_045687502.1	0.737	229	59	0	1	229	1	226	3.349E-111	355
NP_001005612.2	phXP_045703395.1	0.943	386	22	0	1	386	1	386	2.809E-252	771
NP_001390.1	phXP_045703392.1	0.943	391	22	0	1	391	1	391	2.691E-255	780
NP_001161362.1	phXP_045712038.1	0.799	553	111	0	1	552	3	555	9.881E-324	987
NP_009110.2	phXP_045695993.1	0.583	213	88	0	1	213	1	213	5.977E-71	238
NP_543016.1	phXP_045689620.1	0.935	464	30	0	1	464	1	464	5.685E-310	942
NP_954993.1	phXP_045677914.1	0.405	643	339	0	1	571	192	834	2.376E-142	463
NP_000890.1	phXP_045686546.1	0.802	273	54	0	1	272	1	273	7.692E-141	443
NP_003985.2	phXP_045686547.1	0.783	245	53	0	1	244	1	245	2.285E-123	391
NP_006564.1	phXP_045677418.1	0.796	290	58	0	1	285	1	290	7.662E-147	461
NP_003798.2	phXP_045687280.1	0.780	241	53	0	1	240	1	241	5.334E-120	381
NP_005109.2	phXP_045695933.1	0.822	252	44	0	1	251	1	252	2.194E-135	426
NP_005083.2	phXP_045694611.1	0.632	177	64	0	23	199	1	176	1.211E-73	245
NP_005083.2	phXP_045694612.1	0.632	177	64	0	23	199	1	176	1.211E-73	245
NP_005083.2	phXP_045694613.1	0.632	177	64	0	23	199	1	176	1.211E-73	245
NP_003317.1	phXP_045694698.1	0.635	181	65	0	1	181	1	180	4.255E-69	231
NP_001235.1	phXP_045695938.1	0.799	234	47	0	1	234	1	234	1.142E-125	397
NP_003802.1	phXP_045687585.1	0.607	252	98	0	1	250	1	252	2.638E-82	273
XP_006722994.1	phXP_045687585.1	0.607	252	98	0	1	250	1	252	2.638E-82	273
NP_000538.3	phXP_045700426.1	0.703	911	269	0	2	912	6	911	0.000E+00	1356
NP_001193673.1	phXP_045700426.1	0.703	911	269	0	2	912	6	911	0.000E+00	1356
NP_005439.2	phXP_045716608.1	0.725	394	108	0	1	392	1	394	1.134E-195	608
NP_001191.1	phXP_045689494.1	0.946	396	21	0	1	396	1	394	6.885E-256	782
NP_001193.2	phXP_045678717.1	0.975	409	10	0	1	408	1	409	8.615E-277	843
NP_001193.2	phXP_045678716.1	0.975	409	10	0	1	408	13	421	8.615E-277	843
NP_570911.2	phXP_045678717.1	0.975	409	10	0	1	408	1	409	8.615E-277	843
NP_570911.2	phXP_045678716.1	0.975	409	10	0	1	408	13	421	8.615E-277	843
NP_001005609.1	phXP_045703393.1	0.943	389	22	0	1	389	1	389	5.971E-254	776
NP_001400.3	phXP_045714685.1	0.756	1577	376	0	1	1541	518	2094	0.000E+00	2885
NP_001401.2	phXP_045694262.1	0.929	2778	193	0	1	2778	1	2722	0.000E+00	5741
NP_110402.2	phXP_045686403.1	0.922	359	28	0	1	359	1	358	1.427E-237	727
NP_110402.2	phXP_045686400.1	0.922	359	28	0	1	359	28	385	1.427E-237	727
NP_110402.2	phXP_045686401.1	0.922	359	28	0	1	359	28	385	1.427E-237	727
NP_110402.2	phXP_045686402.1	0.922	359	28	0	1	359	28	385	1.427E-237	727
NP_110402.2	phXP_045686399.1	0.922	359	28	0	1	359	44	401	1.427E-237	727
NP_004616.2	phXP_045707457.1	0.994	349	2	0	1	349	1	349	3.221E-249	760
NP_001010932.1	phXP_045683611.1	0.928	724	52	0	1	722	1	724	0.000E+00	1527
NP_001257922.1	phXP_045713868.1	0.712	94	26	0	1	94	1	93	2.627E-40	143
NP_000790.2	phXP_045675573.1	0.814	140	26	0	55	193	2	141	1.345E-69	233
NP_001423.1	phXP_045713862.1	0.717	156	44	0	15	169	6	161	4.155E-71	236
NP_000630.1	phXP_045694602.1	0.811	281	52	0	1	281	1	277	1.250E-156	489
NP_000791.1	phXP_045682700.1	0.941	155	9	0	1	155	1	155	1.775E-98	314
NP_000791.1	phXP_045682701.1	0.941	155	9	0	1	155	1	155	1.775E-98	314
NP_000791.1	phXP_045682702.1	0.941	155	9	0	1	155	1	155	1.775E-98	314
NP_000791.1	phXP_045682691.1	0.941	155	9	0	1	155	1	155	1.775E-98	314
NP_000791.1	phXP_045682696.1	0.941	155	9	0	1	155	1	155	1.775E-98	314
NP_000791.1	phXP_045682698.1	0.941	155	9	0	1	155	1	155	1.775E-98	314
NP_001138364.1	phXP_045682700.1	0.941	155	9	0	1	155	1	155	1.775E-98	314
NP_001138364.1	phXP_045682701.1	0.941	155	9	0	1	155	1	155	1.775E-98	314
NP_001138364.1	phXP_045682702.1	0.941	155	9	0	1	155	1	155	1.775E-98	314
NP_001138364.1	phXP_045682691.1	0.941	155	9	0	1	155	1	155	1.775E-98	314
NP_001138364.1	phXP_045682696.1	0.941	155	9	0	1	155	1	155	1.775E-98	314
NP_001138364.1	phXP_045682698.1	0.941	155	9	0	1	155	1	155	1.775E-98	314
NP_001138406.1	phXP_045682700.1	0.941	155	9	0	1	155	1	155	1.775E-98	314
NP_001138406.1	phXP_045682701.1	0.941	155	9	0	1	155	1	155	1.775E-98	314
NP_001138406.1	phXP_045682702.1	0.941	155	9	0	1	155	1	155	1.775E-98	314
NP_001138406.1	phXP_045682691.1	0.941	155	9	0	1	155	1	155	1.775E-98	314
NP_001138406.1	phXP_045682696.1	0.941	155	9	0	1	155	1	155	1.775E-98	314
NP_001138406.1	phXP_045682698.1	0.941	155	9	0	1	155	1	155	1.775E-98	314
NP_001138407.1	phXP_045682700.1	0.941	155	9	0	1	155	1	155	1.775E-98	314
NP_001138407.1	phXP_045682701.1	0.941	155	9	0	1	155	1	155	1.775E-98	314
NP_001138407.1	phXP_045682702.1	0.941	155	9	0	1	155	1	155	1.775E-98	314
NP_001138407.1	phXP_045682691.1	0.941	155	9	0	1	155	1	155	1.775E-98	314
NP_001138407.1	phXP_045682696.1	0.941	155	9	0	1	155	1	155	1.775E-98	314
NP_001138407.1	phXP_045682698.1	0.941	155	9	0	1	155	1	155	1.775E-98	314
NP_001244134.1	phXP_045682700.1	0.941	155	9	0	1	155	1	155	1.775E-98	314
NP_001244134.1	phXP_045682701.1	0.941	155	9	0	1	155	1	155	1.775E-98	314
NP_001244134.1	phXP_045682702.1	0.941	155	9	0	1	155	1	155	1.775E-98	314
NP_001244134.1	phXP_045682691.1	0.941	155	9	0	1	155	1	155	1.775E-98	314
NP_001244134.1	phXP_045682696.1	0.941	155	9	0	1	155	1	155	1.775E-98	314
NP_001244134.1	phXP_045682698.1	0.941	155	9	0	1	155	1	155	1.775E-98	314
NP_004048.1	phXP_045712088.1	0.824	74	13	0	6	79	2	75	9.519E-36	129
NP_005971.1	phXP_045690325.1	0.744	94	24	0	1	94	1	94	4.082E-44	154
NP_570128.2	phXP_045704293.1	0.878	99	12	0	1	99	1	99	1.992E-53	181
NP_570128.2	phXP_045704295.1	0.878	99	12	0	1	99	1	99	1.992E-53	181
NP_766638.2	phXP_045690997.1	0.902	988	97	0	1	988	1	988	0.000E+00	2021
NP_001007538.1	phXP_045686545.1	0.861	332	46	0	1	332	1	332	6.773E-207	637
NP_004343.1	phXP_045674842.1	0.984	193	3	0	1	193	1	193	4.071E-125	393
NP_872317.1	phXP_045705989.1	0.961	210	8	0	15	224	1	210	4.930E-130	409
NP_872317.1	phXP_045705990.1	0.961	210	8	0	15	224	1	210	4.930E-130	409
NP_872317.1	phXP_045705991.1	0.961	210	8	0	15	224	1	210	4.930E-130	409
NP_872317.1	phXP_045705992.1	0.961	210	8	0	15	224	1	210	4.930E-130	409
NP_001034860.1	phXP_045697134.1	0.895	210	21	0	1	205	1	210	8.688E-123	387
NP_002952.1	phXP_045672906.1	0.950	101	5	0	1	101	1	101	9.839E-62	205
NP_002952.1	phXP_045672907.1	0.950	101	5	0	1	101	1	101	9.839E-62	205
NP_001257919.1	phXP_045713864.1	0.741	112	28	0	1	112	1	111	8.310E-53	180
XP_006714126.1	phXP_045714011.1	0.442	94	52	0	1	94	1	94	2.238E-17	78
NP_004878.2	phXP_045681083.1	0.939	99	6	0	13	111	1	99	1.955E-59	199
NP_002080.1	phXP_045714005.1	0.682	107	34	0	1	107	1	107	2.189E-40	144
NP_002984.1	phXP_045713979.1	0.669	109	35	0	6	114	2	109	5.007E-43	152
NP_000575.1	phXP_045713993.1	0.752	97	24	0	1	97	1	97	4.952E-44	154
NP_002407.1	phXP_045713899.1	0.621	119	42	0	1	119	1	113	5.033E-40	144
NP_001132972.1	phXP_045695384.1	0.992	255	2	0	1	255	1	255	2.234E-171	530
NP_001132972.1	phXP_045695385.1	0.992	255	2	0	1	255	1	255	2.234E-171	530
NP_001132972.1	phXP_045695386.1	0.992	255	2	0	1	255	1	255	2.234E-171	530
NP_001132972.1	phXP_045695387.1	0.992	255	2	0	1	255	1	255	2.234E-171	530
NP_004105.1	phXP_045695388.1	0.991	245	2	0	1	245	1	245	1.601E-161	501
XP_005262456.1	phXP_045695384.1	0.992	255	2	0	1	255	1	255	2.234E-171	530
XP_005262456.1	phXP_045695385.1	0.992	255	2	0	1	255	1	255	2.234E-171	530
XP_005262456.1	phXP_045695386.1	0.992	255	2	0	1	255	1	255	2.234E-171	530
XP_005262456.1	phXP_045695387.1	0.992	255	2	0	1	255	1	255	2.234E-171	530
NP_787125.1	phXP_045677834.1	0.992	252	2	0	1	252	1	252	8.720E-172	531
NP_066278.3	phXP_045712989.1	0.856	725	104	0	1	725	10	734	0.000E+00	1416
NP_005250.1	phXP_045680438.1	0.978	375	8	0	1	375	1	375	4.762E-258	787
NP_002497.2	phXP_045672934.1	0.883	241	28	0	1	241	1	241	1.451E-143	449
NP_002497.2	phXP_045672935.1	0.883	241	28	0	1	241	1	241	1.451E-143	449
XP_006710726.1	phXP_045672934.1	0.883	241	28	0	1	241	1	241	1.451E-143	449
XP_006710726.1	phXP_045672935.1	0.883	241	28	0	1	241	1	241	1.451E-143	449
XP_006710727.1	phXP_045672934.1	0.883	241	28	0	1	241	1	241	1.451E-143	449
XP_006710727.1	phXP_045672935.1	0.883	241	28	0	1	241	1	241	1.451E-143	449
XP_006710728.1	phXP_045672934.1	0.883	241	28	0	1	241	1	241	1.451E-143	449
XP_006710728.1	phXP_045672935.1	0.883	241	28	0	1	241	1	241	1.451E-143	449
NP_060525.3	phXP_045698260.1	0.833	347	58	0	1	347	1	347	6.008E-198	612
NP_570912.2	phXP_045678717.1	0.975	409	10	0	1	408	1	409	8.615E-277	843
NP_570912.2	phXP_045678716.1	0.975	409	10	0	1	408	13	421	8.615E-277	843
XP_005268072.1	phXP_045678717.1	0.975	409	10	0	1	408	1	409	8.615E-277	843
XP_005268072.1	phXP_045678716.1	0.975	409	10	0	1	408	13	421	8.615E-277	843
NP_066551.1	phXP_045699299.1	0.977	454	10	0	1	454	1	454	4.283E-308	936
NP_001709.1	phXP_045697612.1	0.874	513	63	0	1	513	1	504	6.588E-307	936
NP_001710.1	phXP_045689484.1	0.967	431	14	0	1	431	1	431	7.639E-290	882
NP_005614.2	phXP_045692756.1	0.666	99	33	0	1	99	1	99	3.339E-40	143
NP_115934.1	phXP_045695220.1	0.628	193	70	0	7	199	7	195	1.559E-73	246
NP_660277.2	phXP_045673511.1	0.931	451	31	0	7	456	1	451	7.930E-311	944
XP_005262278.1	phXP_045673510.1	0.929	452	32	0	7	458	1	452	9.544E-310	941
NP_001265402.1	phXP_045674117.1	0.890	429	47	0	1	429	1	429	2.447E-284	866
NP_056239.3	phXP_045674116.1	0.891	452	49	0	1	451	1	452	2.269E-296	902
NP_037378.1	phXP_045711104.1	0.951	225	11	0	1	225	1	225	3.884E-150	467
NP_000605.1	phXP_045711247.1	0.868	167	22	0	1	167	1	167	1.780E-95	308
NP_001873.2	phXP_045704161.1	0.919	322	26	0	1	322	1	322	9.006E-207	636
NP_113667.1	phXP_045685532.1	0.827	354	60	0	1	350	1	354	9.078E-195	603
NP_000198.1	phXP_045677071.1	0.836	110	18	0	1	110	1	110	3.755E-60	201
NP_001172026.1	phXP_045677071.1	0.836	110	18	0	1	110	1	110	3.755E-60	201
NP_001172027.1	phXP_045677071.1	0.836	110	18	0	1	110	1	110	3.755E-60	201
NP_001278826.1	phXP_045677071.1	0.836	110	18	0	1	110	1	110	3.755E-60	201
NP_005534.2	phXP_045709597.1	0.706	131	38	0	1	131	1	130	2.771E-57	194
NP_005469.2	phXP_045691517.1	0.718	135	38	0	1	135	1	135	2.491E-60	203
NP_001073966.2	phXP_045696213.1	0.859	602	85	0	1	602	1	601	0.000E+00	1119
XP_005269501.1	phXP_045698022.1	0.930	732	50	0	1	720	1	732	0.000E+00	1389
NP_001191431.1	phXP_045712333.1	0.772	220	50	0	1	220	1	220	2.871E-107	344
NP_001191431.1	phXP_045712331.1	0.772	220	50	0	1	220	1	220	2.871E-107	344
NP_002954.2	phXP_045673114.1	0.663	101	34	0	1	101	1	101	6.033E-43	151
NP_002954.2	phXP_045673060.1	0.663	101	34	0	1	101	1	101	6.033E-43	151
NP_002954.2	phXP_045673061.1	0.663	101	34	0	1	101	1	101	6.033E-43	151
NP_002954.2	phXP_045673097.1	0.663	101	34	0	1	101	1	101	6.033E-43	151
NP_002955.2	phXP_045672917.1	0.715	88	25	0	1	88	1	88	5.581E-40	142
NP_002956.1	phXP_045672726.1	0.570	107	45	0	6	111	3	109	5.018E-35	129
