XP_006710726.1	pkXP_036308781.1	0.867	241	31	0	1	241	1	235	7.518E-137	430
NP_003385.2	pkXP_036314339.1	0.969	389	12	0	1	389	1	389	8.958E-270	822
NP_003385.2	pkXP_036314340.1	0.969	389	12	0	1	389	1	389	8.958E-270	822
NP_003229.1	pkXP_036309385.1	0.966	414	14	0	1	414	1	414	1.383E-277	846
NP_001556.2	pkXP_036269155.1	0.639	97	35	0	1	97	1	97	2.329E-38	138
NP_005400.1	pkXP_036269143.1	0.829	94	16	0	1	94	32	125	3.440E-48	166
XP_005268085.1	pkXP_036286721.1	0.934	412	27	0	1	412	1	408	1.422E-267	817
NP_001171068.1	pkXP_036303092.2	0.730	348	94	0	1	348	1	348	1.629E-155	490
NP_001171069.1	pkXP_036303096.2	0.750	319	80	0	1	319	1	319	4.248E-156	490
NP_001276926.1	pkXP_036303094.2	0.770	286	66	0	1	286	1	286	1.404E-143	452
NP_001276932.1	pkXP_036303095.1	0.665	483	158	0	19	492	7	489	3.664E-190	598
NP_001276951.1	pkXP_036303092.2	0.730	348	94	0	1	348	1	348	1.629E-155	490
NP_001276955.1	pkXP_036303096.2	0.750	319	80	0	1	319	1	319	4.248E-156	490
NP_001276956.1	pkXP_036303094.2	0.770	286	66	0	1	286	1	286	1.404E-143	452
NP_001321.1	pkXP_036268952.1	0.770	204	46	0	1	201	1	204	2.989E-93	302
NP_002987.1	pkXP_045438860.1	0.413	397	195	0	1	397	1	333	1.717E-70	246
NP_002610.1	pkXP_036269911.1	0.594	106	41	0	1	101	1	106	1.107E-31	119
NP_002955.2	pkXP_036308988.1	0.696	89	27	0	1	89	1	89	1.492E-40	144
NP_002955.2	pkXP_036308989.1	0.696	89	27	0	1	89	1	89	1.492E-40	144
NP_006263.1	pkXP_036302234.1	0.923	92	7	0	1	92	1	92	1.698E-54	184
NP_004048.1	pkXP_036295598.1	0.797	79	16	0	1	79	1	79	2.542E-36	131
NP_766638.2	pkXP_036281394.1	0.875	990	123	0	4	988	3	992	0.000E+00	1960
NP_003367.4	pkXP_045429115.1	0.877	396	48	0	1	395	108	503	1.109E-235	724
NP_001230662.1	pkXP_036273251.1	0.905	190	18	0	1	188	1	190	7.550E-119	375
NP_003368.1	pkXP_036273249.1	0.889	209	23	0	1	207	1	209	2.567E-123	389
NP_005420.1	pkXP_036314094.1	0.815	411	75	0	8	416	8	418	4.201E-250	767
NP_940972.2	pkXP_045443119.1	0.603	318	102	0	7	324	1	258	1.526E-126	405
NP_001073969.1	pkXP_036277996.1	0.981	222	4	0	1	222	1	222	1.192E-164	509
NP_444514.1	pkXP_036316253.1	0.861	548	76	0	1	548	1	547	0.000E+00	1025
NP_001244064.1	pkXP_045436245.1	0.385	79	42	0	10	88	172	240	4.920E-04	39
NP_001244064.1	pkXP_045440698.1	0.317	79	53	0	6	84	114	192	4.920E-04	39
NP_001244064.1	pkXP_036300205.1	0.357	69	40	0	15	83	369	431	4.920E-04	39
NP_001244064.1	pkXP_045440644.1	0.357	69	40	0	15	83	369	431	4.920E-04	39
NP_001244064.1	pkXP_036300204.1	0.357	69	40	0	15	83	371	433	4.920E-04	39
NP_001244064.1	pkXP_036300203.1	0.357	69	40	0	15	83	384	446	4.920E-04	39
NP_001244064.1	pkXP_036300202.1	0.357	69	40	0	15	83	405	467	4.920E-04	39
NP_001244064.1	pkXP_036297051.1	0.367	77	46	0	14	86	676	752	4.920E-04	39
NP_001244064.1	pkXP_045438526.1	0.367	77	46	0	14	86	676	752	4.920E-04	39
NP_001244064.1	pkXP_036297048.1	0.367	77	46	0	14	86	676	752	4.920E-04	39
NP_001244064.1	pkXP_036297049.1	0.367	77	46	0	14	86	676	752	4.920E-04	39
NP_002300.1	pkXP_036305008.2	0.846	202	31	0	1	202	61	262	3.255E-118	374
NP_002300.1	pkXP_045441666.1	0.846	202	31	0	1	202	111	312	3.255E-118	374
XP_006724303.1	pkXP_036305008.2	0.846	202	31	0	1	202	61	262	3.255E-118	374
XP_006724303.1	pkXP_045441666.1	0.846	202	31	0	1	202	111	312	3.255E-118	374
NP_000586.2	pkXP_036290423.1	0.600	205	77	0	1	205	1	193	1.638E-67	228
NP_001153212.1	pkXP_036290423.1	0.600	205	77	0	1	205	1	193	1.638E-67	228
NP_002332.1	pkXP_045436377.1	0.654	244	82	0	1	244	1	239	2.255E-91	299
NP_002332.1	pkXP_036290417.1	0.654	244	82	0	1	244	1	239	2.255E-91	299
NP_033666.1	pkXP_045436376.1	0.688	77	23	0	1	77	1	76	1.843E-23	94
NP_001012333.1	pkXP_045434063.1	0.896	145	15	0	1	143	1	145	6.396E-90	289
NP_001012333.1	pkXP_045434064.1	0.896	145	15	0	1	143	1	145	6.396E-90	289
NP_001012333.1	pkXP_045434065.1	0.896	145	15	0	1	143	1	145	6.396E-90	289
NP_001012333.1	pkXP_045434066.1	0.896	145	15	0	1	143	1	145	6.396E-90	289
NP_001012333.1	pkXP_036283394.1	0.896	145	15	0	1	143	1	145	6.396E-90	289
NP_001012333.1	pkXP_045434061.1	0.896	145	15	0	1	143	1	145	6.396E-90	289
NP_001012333.1	pkXP_045434062.1	0.896	145	15	0	1	143	1	145	6.396E-90	289
NP_001012334.1	pkXP_045434063.1	0.896	145	15	0	1	143	1	145	6.396E-90	289
NP_001012334.1	pkXP_045434064.1	0.896	145	15	0	1	143	1	145	6.396E-90	289
NP_001012334.1	pkXP_045434065.1	0.896	145	15	0	1	143	1	145	6.396E-90	289
NP_001012334.1	pkXP_045434066.1	0.896	145	15	0	1	143	1	145	6.396E-90	289
NP_001012334.1	pkXP_036283394.1	0.896	145	15	0	1	143	1	145	6.396E-90	289
NP_001012334.1	pkXP_045434061.1	0.896	145	15	0	1	143	1	145	6.396E-90	289
NP_001012334.1	pkXP_045434062.1	0.896	145	15	0	1	143	1	145	6.396E-90	289
NP_002978.1	pkXP_036296203.1	0.626	91	34	0	1	91	1	91	5.841E-35	128
NP_056322.2	pkXP_045438225.1	0.804	368	72	0	1	368	1	366	3.554E-211	662
NP_056322.2	pkXP_045438224.1	0.791	377	78	0	1	377	1	374	3.554E-211	662
NP_057299.1	pkXP_045429875.1	0.749	271	68	0	3	272	2	272	2.071E-141	445
NP_057299.1	pkXP_036272837.1	0.749	271	68	0	3	272	2	272	2.071E-141	445
NP_958854.1	pkXP_045429875.1	0.749	271	68	0	3	272	2	272	2.071E-141	445
NP_958854.1	pkXP_036272837.1	0.749	271	68	0	3	272	2	272	2.071E-141	445
NP_085155.1	pkXP_036269297.1	0.818	297	53	0	1	293	1	297	1.605E-171	533
NP_001257921.1	pkXP_036269822.1	0.679	103	32	0	1	103	1	100	2.409E-40	144
NP_060525.3	pkXP_036294129.1	0.801	347	69	0	1	347	1	347	3.690E-189	587
NP_001153467.1	pkXP_045444848.1	0.924	595	45	0	13	607	266	859	0.000E+00	1142
NP_000470.2	pkXP_036280054.1	0.751	571	139	0	1	560	1	571	3.131E-271	836
NP_001137.2	pkXP_036292674.1	0.921	498	39	0	1	498	1	496	5.534E-322	979
NP_001112359.1	pkXP_036279061.1	0.808	495	95	0	1	495	17	510	9.826E-279	854
NP_001138.1	pkXP_036279060.1	0.808	496	95	0	1	496	17	511	4.632E-279	855
NP_057069.1	pkXP_036275051.1	0.644	501	175	0	1	501	1	492	1.687E-204	640
NP_004664.1	pkXP_036297816.1	0.932	491	33	0	1	491	1	490	1.779E-322	980
XP_005245634.1	pkXP_036297816.1	0.932	491	33	0	1	491	1	490	1.779E-322	980
XP_005245177.1	pkXP_036309514.1	0.899	779	77	0	1	766	1	779	0.000E+00	1502
XP_005245177.1	pkXP_036309515.1	0.899	779	77	0	1	766	1	779	0.000E+00	1502
NP_056239.3	pkXP_036284157.1	0.871	452	58	0	1	451	1	452	1.272E-288	880
NP_037378.1	pkXP_036272531.1	0.964	225	8	0	1	225	1	225	9.505E-152	472
NP_000605.1	pkXP_036282206.1	0.800	201	40	0	1	200	1	201	1.113E-103	332
NP_001873.2	pkXP_036265405.1	0.885	322	37	0	1	322	1	322	5.084E-199	614
NP_005746.2	pkXP_036315858.1	0.721	229	63	0	1	229	1	226	2.906E-107	344
NP_001005609.1	pkXP_036267346.1	0.930	389	27	0	1	389	1	389	4.708E-251	768
NP_001005610.2	pkXP_045427888.1	0.829	135	23	0	1	135	1	135	5.596E-71	234
NP_001005612.2	pkXP_036267348.1	0.930	386	27	0	1	386	1	386	2.215E-249	763
XP_005247492.1	pkXP_036299534.2	0.766	206	48	0	35	239	1	206	5.658E-96	312
NP_002178.2	pkXP_036279205.1	0.817	329	60	0	1	328	1	329	1.098E-184	573
NP_002179.2	pkXP_036280190.1	0.661	135	43	0	15	143	1	135	2.931E-50	175
NP_000576.1	pkXP_036279390.1	0.765	162	38	0	1	162	1	161	1.013E-77	255
NP_000576.1	pkXP_045432467.1	0.765	162	38	0	1	162	1	161	1.013E-77	255
NP_000576.1	pkXP_045432468.1	0.765	162	38	0	1	162	1	161	1.013E-77	255
NP_000576.1	pkXP_036279388.1	0.765	162	38	0	1	162	1	161	1.013E-77	255
NP_001711.2	pkXP_036302820.1	0.876	403	50	0	1	402	1	403	1.637E-243	747
NP_066988.1	pkXP_036298564.1	0.947	783	41	0	1	783	1	783	0.000E+00	1565
XP_005245436.1	pkXP_036298564.1	0.947	783	41	0	1	783	1	783	0.000E+00	1565
NP_950252.1	pkXP_036309514.1	0.899	779	77	0	1	766	1	779	0.000E+00	1502
NP_950252.1	pkXP_036309515.1	0.899	779	77	0	1	766	1	779	0.000E+00	1502
XP_005245174.1	pkXP_036309514.1	0.899	779	77	0	1	766	1	779	0.000E+00	1502
XP_005245174.1	pkXP_036309515.1	0.899	779	77	0	1	766	1	779	0.000E+00	1502
XP_005245175.1	pkXP_036309514.1	0.899	779	77	0	1	766	1	779	0.000E+00	1502
XP_005245175.1	pkXP_036309515.1	0.899	779	77	0	1	766	1	779	0.000E+00	1502
XP_005245176.1	pkXP_036309514.1	0.899	779	77	0	1	766	1	779	0.000E+00	1502
XP_005245176.1	pkXP_036309515.1	0.899	779	77	0	1	766	1	779	0.000E+00	1502
NP_001720.1	pkXP_036269678.1	0.734	177	45	0	1	177	1	170	5.934E-83	271
XP_005262278.1	pkXP_036310358.1	0.949	459	23	0	1	458	1	459	2.080E-321	975
XP_005262278.1	pkXP_036310354.1	0.949	459	23	0	1	458	69	527	2.080E-321	975
XP_005262279.1	pkXP_036310355.1	0.949	458	23	0	1	457	69	526	9.787E-321	973
NP_003692.1	pkXP_036314551.1	0.903	320	31	0	1	317	1	320	5.831E-195	602
NP_003800.1	pkXP_036307891.1	0.867	249	33	0	1	249	1	248	9.047E-139	436
NP_001007538.1	pkXP_045444399.1	0.848	331	50	0	1	331	1	331	6.428E-202	623
NP_001007538.1	pkXP_036313607.1	0.848	331	50	0	1	331	1	331	6.428E-202	623
NP_004343.1	pkXP_036296906.1	0.974	195	5	0	1	193	1	195	3.236E-122	385
NP_872317.1	pkXP_036275049.1	0.950	224	11	0	1	224	1	224	1.526E-137	431
NP_872317.1	pkXP_036275050.1	0.950	224	11	0	1	224	1	224	1.526E-137	431
NP_872317.1	pkXP_045430438.1	0.950	224	11	0	1	224	1	224	1.526E-137	431
NP_872317.1	pkXP_036275048.1	0.950	224	11	0	1	224	58	281	1.526E-137	431
XP_006722457.1	pkXP_036275049.1	0.950	224	11	0	1	224	1	224	1.526E-137	431
XP_006722457.1	pkXP_036275050.1	0.950	224	11	0	1	224	1	224	1.526E-137	431
XP_006722457.1	pkXP_045430438.1	0.950	224	11	0	1	224	1	224	1.526E-137	431
XP_006722457.1	pkXP_036275048.1	0.950	224	11	0	1	224	58	281	1.526E-137	431
NP_001034860.1	pkXP_036306371.1	0.941	205	12	0	1	205	1	205	1.600E-127	401
NP_542184.1	pkXP_036275371.1	0.960	201	8	0	1	201	1	198	9.562E-123	387
NP_878248.2	pkXP_045436453.1	0.760	460	108	0	1	450	1	460	2.160E-220	683
NP_001275753.1	pkXP_036279772.1	0.780	366	80	0	1	366	1	364	3.606E-190	591
NP_005251.1	pkXP_036279770.1	0.765	454	106	0	1	454	1	452	5.201E-230	711
NP_000505.1	pkXP_036266341.1	0.905	211	20	0	1	211	1	211	2.124E-127	401
NP_001177397.1	pkXP_036266341.1	0.905	211	20	0	18	228	1	211	4.708E-127	401
NP_001177398.1	pkXP_036266343.1	0.903	186	18	0	18	202	1	186	2.582E-112	357
NP_954701.1	pkXP_036266343.1	0.903	186	18	0	1	185	1	186	1.159E-112	357
NP_000506.2	pkXP_036306991.1	0.596	217	87	0	1	217	1	216	4.560E-79	262
NP_000591.1	pkXP_036285090.1	0.595	210	83	0	1	210	1	207	4.395E-77	256
NP_000600.1	pkXP_036317134.1	0.913	93	8	0	1	93	1	93	8.856E-54	182
NP_001029058.1	pkXP_036317132.1	0.924	119	9	0	1	119	1	119	5.779E-71	233
NP_954637.1	pkXP_036317135.1	0.921	89	7	0	1	89	1	89	3.995E-52	177
NP_002598.4	pkXP_036288501.1	0.863	212	29	0	1	211	1	212	4.111E-120	380
XP_006715796.1	pkXP_036288501.1	0.863	212	29	0	1	211	1	212	4.111E-120	380
NP_002599.1	pkXP_036314119.1	0.829	241	41	0	1	241	1	241	8.254E-136	427
NP_001265402.1	pkXP_036284158.1	0.871	429	55	0	1	429	1	429	1.373E-276	844
NP_001167607.1	pkXP_045434763.1	0.743	117	30	0	54	170	1	116	8.061E-60	204
NP_001167607.1	pkXP_045434763.1	0.743	117	30	0	54	170	1	116	8.061E-60	204
NP_003203.1	pkXP_045434763.1	0.743	117	30	0	70	186	1	116	1.629E-59	204
NP_003227.1	pkXP_036291541.1	0.911	147	13	0	14	160	7	153	5.880E-91	293
XP_005264579.1	pkXP_036291541.1	0.911	147	13	0	20	166	7	153	7.810E-91	293
NP_000651.3	pkXP_036264058.1	0.892	391	42	0	1	390	1	391	5.077E-242	742
NP_001129071.1	pkXP_036309384.1	0.963	442	16	0	1	442	1	442	1.982E-296	902
NP_003230.1	pkXP_036286721.1	0.934	412	27	0	1	412	1	408	1.422E-267	817
NP_057288.1	pkXP_036317159.1	0.762	429	101	0	1	429	1	427	1.705E-221	685
NP_065685.1	pkXP_036311052.1	0.816	365	67	0	1	364	1	365	3.776E-206	637
NP_000548.2	pkXP_036273380.1	0.950	501	25	0	1	501	1	499	0.000E+00	1002
NP_001001557.1	pkXP_045437550.1	0.746	489	115	0	1	455	1	489	4.974E-231	714
NP_001276926.1	pkXP_036303094.2	0.770	286	66	0	1	286	1	286	1.404E-143	452
NP_001276956.1	pkXP_036303094.2	0.770	286	66	0	1	286	1	286	1.404E-143	452
NP_000585.2	pkXP_045436375.1	0.781	233	50	0	1	233	1	230	2.786E-118	376
NP_003801.1	pkXP_036299699.1	0.655	275	93	0	10	281	10	284	2.667E-116	373
NP_001244136.1	pkXP_036279826.1	0.948	155	8	0	1	155	1	155	4.768E-99	316
NP_001244136.1	pkXP_036279830.1	0.948	155	8	0	1	155	1	155	4.768E-99	316
NP_001244136.1	pkXP_045432970.1	0.948	155	8	0	1	155	1	155	4.768E-99	316
NP_001244136.1	pkXP_045432971.1	0.948	155	8	0	1	155	1	155	4.768E-99	316
NP_001244136.1	pkXP_045432972.1	0.948	155	8	0	1	155	1	155	4.768E-99	316
NP_001244136.1	pkXP_045432973.1	0.948	155	8	0	1	155	1	155	4.768E-99	316
NP_001244137.1	pkXP_036279826.1	0.948	155	8	0	1	155	1	155	4.768E-99	316
NP_001244137.1	pkXP_036279830.1	0.948	155	8	0	1	155	1	155	4.768E-99	316
NP_001244137.1	pkXP_045432970.1	0.948	155	8	0	1	155	1	155	4.768E-99	316
NP_001244137.1	pkXP_045432971.1	0.948	155	8	0	1	155	1	155	4.768E-99	316
NP_001244137.1	pkXP_045432972.1	0.948	155	8	0	1	155	1	155	4.768E-99	316
NP_001244137.1	pkXP_045432973.1	0.948	155	8	0	1	155	1	155	4.768E-99	316
NP_005109.2	pkXP_036288684.1	0.766	256	59	0	1	251	20	275	2.514E-128	406
NP_005083.2	pkXP_036298300.1	0.644	177	63	0	23	199	1	177	5.483E-77	255
NP_003317.1	pkXP_036298339.1	0.651	181	63	0	1	181	1	181	1.920E-72	241
NP_003317.1	pkXP_045439178.1	0.651	181	63	0	1	181	1	181	1.920E-72	241
NP_001235.1	pkXP_036288686.1	0.777	234	52	0	1	234	1	234	4.068E-123	390
NP_003802.1	pkXP_036315982.1	0.626	250	87	0	1	250	1	234	1.726E-81	271
XP_006722994.1	pkXP_036315982.1	0.626	250	87	0	1	250	1	234	1.726E-81	271
NP_000538.3	pkXP_045443283.1	0.454	731	386	0	3	733	28	735	6.982E-196	636
NP_001193673.1	pkXP_045443283.1	0.454	731	386	0	3	733	28	735	6.982E-196	636
NP_783652.1	pkXP_045443283.1	0.454	731	386	0	3	733	28	735	1.508E-196	636
NP_783653.1	pkXP_045434784.1	0.612	364	139	0	354	717	34	391	2.073E-142	472
NP_001137277.1	pkXP_036283571.1	0.951	248	12	0	1	247	1	248	3.098E-158	492
NP_065688.1	pkXP_045432951.1	0.794	170	35	0	1	170	1	170	2.308E-89	289
NP_001010932.1	pkXP_036285478.1	0.913	725	63	0	1	723	1	725	0.000E+00	1504
NP_757366.2	pkXP_045439383.1	0.464	1052	467	0	275	1326	1	872	1.050E-243	793
XP_005245488.1	pkXP_036308959.1	0.670	100	33	0	2	101	3	102	1.615E-43	153
XP_005245488.1	pkXP_036308958.1	0.670	100	33	0	2	101	49	148	1.615E-43	153
NP_003003.3	pkXP_036312787.1	0.954	308	14	0	9	314	2	309	1.087E-203	627
NP_036230.1	pkXP_036267952.1	0.967	486	16	0	8	493	5	490	0.000E+00	1019
XP_005250572.1	pkXP_045433080.1	0.976	168	4	0	1	168	155	322	5.151E-113	357
NP_001116437.1	pkXP_045442650.1	0.595	877	317	0	1	783	1	877	0.000E+00	1038
NP_006262.1	pkXP_036297705.1	0.968	94	3	0	1	94	1	94	1.531E-56	190
NP_006262.1	pkXP_036297706.1	0.968	94	3	0	1	94	1	94	1.531E-56	190
NP_002957.1	pkXP_036308983.1	0.979	97	2	0	1	97	1	97	1.074E-61	205
NP_005611.1	pkXP_036308981.1	0.847	92	14	0	4	95	1	92	1.180E-48	168
NP_005612.1	pkXP_036308986.1	0.695	92	28	0	1	92	1	92	2.147E-36	132
NP_001019381.1	pkXP_036297689.1	0.804	92	18	0	1	92	1	92	1.141E-45	159
NP_001019381.1	pkXP_036297690.1	0.804	92	18	0	1	92	1	92	1.141E-45	159
NP_001019381.1	pkXP_045439336.1	0.804	92	18	0	1	92	1	92	1.141E-45	159
NP_001019382.1	pkXP_036297689.1	0.804	92	18	0	1	92	1	92	1.141E-45	159
NP_001019382.1	pkXP_036297690.1	0.804	92	18	0	1	92	1	92	1.141E-45	159
NP_001019382.1	pkXP_045439336.1	0.804	92	18	0	1	92	1	92	1.141E-45	159
NP_001019383.1	pkXP_036297689.1	0.804	92	18	0	1	92	1	92	1.141E-45	159
NP_001019383.1	pkXP_036297690.1	0.804	92	18	0	1	92	1	92	1.141E-45	159
NP_001019383.1	pkXP_045439336.1	0.804	92	18	0	1	92	1	92	1.141E-45	159
NP_001019384.1	pkXP_036297689.1	0.804	92	18	0	1	92	1	92	1.141E-45	159
NP_001019384.1	pkXP_036297690.1	0.804	92	18	0	1	92	1	92	1.141E-45	159
NP_001019384.1	pkXP_045439336.1	0.804	92	18	0	1	92	1	92	1.141E-45	159
NP_002181.1	pkXP_036270964.1	0.764	156	36	0	1	155	1	156	8.039E-77	252
NP_055258.1	pkXP_036279870.1	0.922	180	14	0	1	180	1	180	8.310E-114	360
NP_037410.1	pkXP_036296816.1	0.766	197	45	0	3	197	2	198	9.268E-96	309
NP_036407.1	pkXP_036291886.1	0.806	155	30	0	1	155	1	155	1.003E-82	269
NP_036407.1	pkXP_036291887.1	0.806	155	30	0	1	155	1	155	1.003E-82	269
NP_775262.1	pkXP_036291886.1	0.806	155	30	0	1	155	1	155	1.003E-82	269
NP_775262.1	pkXP_036291887.1	0.806	155	30	0	1	155	1	155	1.003E-82	269
XP_005263695.1	pkXP_036291886.1	0.806	155	30	0	1	155	1	155	1.003E-82	269
XP_005263695.1	pkXP_036291887.1	0.806	155	30	0	1	155	1	155	1.003E-82	269
NP_055254.2	pkXP_045436936.1	0.444	218	119	0	1	218	1	215	1.630E-46	168
NP_001193.2	pkXP_036292219.1	0.968	410	13	0	1	408	1	410	6.794E-274	835
NP_001193.2	pkXP_036292227.1	0.968	410	13	0	1	408	1	410	6.794E-274	835
NP_001193.2	pkXP_036292237.1	0.968	410	13	0	1	408	1	410	6.794E-274	835
NP_001193.2	pkXP_045436487.1	0.968	410	13	0	1	408	1	410	6.794E-274	835
NP_570911.2	pkXP_036292219.1	0.968	410	13	0	1	408	1	410	6.794E-274	835
NP_570911.2	pkXP_036292227.1	0.968	410	13	0	1	408	1	410	6.794E-274	835
NP_570911.2	pkXP_036292237.1	0.968	410	13	0	1	408	1	410	6.794E-274	835
NP_570911.2	pkXP_045436487.1	0.968	410	13	0	1	408	1	410	6.794E-274	835
NP_570912.2	pkXP_036292219.1	0.968	410	13	0	1	408	1	410	6.794E-274	835
NP_570912.2	pkXP_036292227.1	0.968	410	13	0	1	408	1	410	6.794E-274	835
NP_570912.2	pkXP_036292237.1	0.968	410	13	0	1	408	1	410	6.794E-274	835
NP_570912.2	pkXP_045436487.1	0.968	410	13	0	1	408	1	410	6.794E-274	835
XP_005268072.1	pkXP_036292219.1	0.968	410	13	0	1	408	1	410	6.794E-274	835
XP_005268072.1	pkXP_036292227.1	0.968	410	13	0	1	408	1	410	6.794E-274	835
XP_005268072.1	pkXP_036292237.1	0.968	410	13	0	1	408	1	410	6.794E-274	835
XP_005268072.1	pkXP_045436487.1	0.968	410	13	0	1	408	1	410	6.794E-274	835
NP_004581.1	pkXP_036307425.2	0.595	99	39	0	1	97	44	142	2.380E-32	122
NP_003382.1	pkXP_036281082.1	0.927	360	26	0	1	360	1	360	1.041E-244	748
NP_110380.1	pkXP_036307616.1	0.994	355	2	0	1	355	1	355	2.465E-258	787
NP_110380.1	pkXP_036307617.1	0.994	355	2	0	1	355	1	355	2.465E-258	787
NP_543016.1	pkXP_036273648.1	0.941	464	27	0	1	464	1	464	6.895E-311	945
NP_954993.1	pkXP_036286225.1	0.518	571	233	0	1	571	1	485	9.007E-170	543
NP_000890.1	pkXP_045444281.1	0.797	271	55	0	4	273	19	289	4.602E-141	444
NP_003985.2	pkXP_036311901.1	0.788	246	52	0	1	245	1	246	1.034E-126	401
NP_003231.2	pkXP_036309343.1	0.779	367	81	0	1	366	1	367	3.293E-191	594
NP_003231.2	pkXP_036309344.1	0.776	367	82	0	1	366	1	367	3.293E-191	594
NP_000221.1	pkXP_036279793.1	0.778	167	37	0	1	167	1	167	4.312E-81	265
NP_001153473.1	pkXP_036314145.1	0.932	578	39	0	13	590	266	842	0.000E+00	1122
NP_039250.2	pkXP_036314151.1	0.916	645	54	0	1	645	1	645	0.000E+00	1222
NP_039251.2	pkXP_036314149.1	0.915	637	54	0	1	637	1	637	0.000E+00	1205
NP_039253.1	pkXP_036314155.1	0.909	286	26	0	1	285	1	286	1.161E-176	548
NP_039254.1	pkXP_045444850.1	0.927	441	32	0	22	462	254	694	6.320E-276	844
NP_783165.1	pkXP_036307386.1	0.864	574	78	0	1	574	1	574	0.000E+00	1074
NP_009122.2	pkXP_036313351.1	0.949	379	19	0	1	379	1	379	7.385E-267	813
NP_002976.2	pkXP_036306810.1	0.802	91	18	0	1	91	1	91	1.475E-47	164
NP_006264.2	pkXP_036310248.1	0.704	98	29	0	1	98	1	98	8.933E-41	145
NP_005614.2	pkXP_036310118.1	0.632	98	36	0	1	98	31	128	2.443E-38	138
NP_002623.2	pkXP_045434592.1	0.620	166	60	0	1	158	11	176	4.180E-66	222
NP_443112.2	pkXP_036305575.1	0.733	266	70	0	1	263	6	271	4.771E-127	403
NP_002695.1	pkXP_045427684.1	0.607	112	42	0	20	127	56	167	4.623E-37	136
NP_000939.1	pkXP_036301040.1	0.632	243	83	0	1	227	41	283	1.029E-100	325
NP_001157030.1	pkXP_036301040.1	0.632	243	83	0	1	227	41	283	1.029E-100	325
NP_004149.1	pkXP_036315976.1	0.710	156	42	0	1	156	1	147	2.673E-64	216
NP_002816.1	pkXP_045433080.1	0.976	168	4	0	1	168	155	322	5.151E-113	357
NP_005970.1	pkXP_036297689.1	0.804	92	18	0	1	92	1	92	1.141E-45	159
NP_005970.1	pkXP_036297690.1	0.804	92	18	0	1	92	1	92	1.141E-45	159
NP_005970.1	pkXP_045439336.1	0.804	92	18	0	1	92	1	92	1.141E-45	159
XP_005245491.1	pkXP_036297689.1	0.804	92	18	0	1	92	1	92	1.141E-45	159
XP_005245491.1	pkXP_036297690.1	0.804	92	18	0	1	92	1	92	1.141E-45	159
XP_005245491.1	pkXP_045439336.1	0.804	92	18	0	1	92	1	92	1.141E-45	159
NP_065723.1	pkXP_036297699.1	0.922	103	8	0	1	103	1	103	1.674E-60	202
NP_065723.1	pkXP_036297700.1	0.922	103	8	0	1	103	1	103	1.674E-60	202
XP_005245419.1	pkXP_036297699.1	0.922	103	8	0	1	103	1	103	1.674E-60	202
XP_005245419.1	pkXP_036297700.1	0.922	103	8	0	1	103	1	103	1.674E-60	202
XP_006711531.1	pkXP_036297699.1	0.922	103	8	0	1	103	1	103	1.674E-60	202
XP_006711531.1	pkXP_036297700.1	0.922	103	8	0	1	103	1	103	1.674E-60	202
NP_525127.1	pkXP_036297667.1	0.912	103	9	0	1	103	1	103	8.741E-59	197
NP_525127.1	pkXP_036297668.1	0.912	103	9	0	1	103	1	103	8.741E-59	197
NP_525127.1	pkXP_045439339.1	0.912	103	9	0	1	103	1	103	8.741E-59	197
NP_525127.1	pkXP_045439338.1	0.912	103	9	0	1	103	13	115	8.741E-59	197
NP_525127.1	pkXP_036297666.1	0.912	103	9	0	1	103	46	148	8.741E-59	197
XP_005244962.1	pkXP_036297667.1	0.912	103	9	0	1	103	1	103	8.741E-59	197
XP_005244962.1	pkXP_036297668.1	0.912	103	9	0	1	103	1	103	8.741E-59	197
XP_005244962.1	pkXP_045439339.1	0.912	103	9	0	1	103	1	103	8.741E-59	197
XP_005244962.1	pkXP_045439338.1	0.912	103	9	0	1	103	13	115	8.741E-59	197
XP_005244962.1	pkXP_036297666.1	0.912	103	9	0	1	103	46	148	8.741E-59	197
XP_005244963.1	pkXP_036297667.1	0.912	103	9	0	1	103	1	103	8.741E-59	197
XP_005244963.1	pkXP_036297668.1	0.912	103	9	0	1	103	1	103	8.741E-59	197
XP_005244963.1	pkXP_045439339.1	0.912	103	9	0	1	103	1	103	8.741E-59	197
XP_005244963.1	pkXP_045439338.1	0.912	103	9	0	1	103	13	115	8.741E-59	197
XP_005244963.1	pkXP_036297666.1	0.912	103	9	0	1	103	46	148	8.741E-59	197
NP_005969.1	pkXP_036297704.1	0.855	97	14	0	1	97	1	97	3.251E-50	172
NP_002951.1	pkXP_036297693.1	0.900	101	10	0	1	101	1	101	5.871E-62	206
NP_002951.1	pkXP_036297692.1	0.900	101	10	0	1	101	11	111	5.871E-62	206
NP_003386.1	pkXP_036306142.1	0.969	365	11	0	1	365	1	364	9.975E-248	757
NP_003387.1	pkXP_036307317.2	0.901	353	35	0	4	356	26	376	2.019E-218	672
NP_002986.1	pkXP_036298411.1	0.639	111	39	0	1	111	1	109	8.992E-40	143
NP_002986.1	pkXP_036298302.2	0.639	111	39	0	1	111	24	132	8.992E-40	143
NP_001183980.1	pkXP_036282197.1	0.927	583	41	0	1	569	1	583	0.000E+00	1103
NP_444251.1	pkXP_036282196.1	0.928	584	41	0	1	570	1	584	0.000E+00	1105
NP_001137285.1	pkXP_036283571.1	0.951	248	12	0	1	247	1	248	3.098E-158	492
NP_001137286.1	pkXP_036283571.1	0.951	248	12	0	1	247	1	248	3.098E-158	492
NP_005421.1	pkXP_036314091.1	0.989	370	4	0	1	370	1	370	8.422E-261	795
NP_079492.2	pkXP_036277912.1	0.949	418	21	0	1	417	1	418	1.101E-281	858
NP_004617.2	pkXP_036283560.1	0.974	354	9	0	1	354	1	354	1.745E-244	747
XP_005274288.1	pkXP_036283560.1	0.974	354	9	0	1	354	1	354	1.745E-244	747
NP_476509.1	pkXP_036281310.1	0.881	362	42	0	4	365	5	358	1.166E-228	702
NP_004741.1	pkXP_045441793.1	0.971	418	12	0	1	418	1	417	8.783E-287	873
NP_003004.1	pkXP_036280340.1	0.976	293	7	0	3	295	4	295	1.574E-198	611
NP_005439.2	pkXP_036316405.1	0.713	394	112	0	1	392	1	394	1.525E-186	582
NP_149134.1	pkXP_036275934.1	0.726	127	33	0	1	123	1	127	9.223E-52	178
NP_066276.2	pkXP_036314556.1	0.942	208	12	0	1	208	1	208	3.729E-128	403
NP_006110.1	pkXP_036293845.1	0.981	215	4	0	1	215	1	215	3.379E-141	441
NP_149353.1	pkXP_036293842.1	0.954	244	11	0	1	244	1	244	3.564E-155	483
NP_149355.1	pkXP_036293846.1	0.980	204	4	0	1	204	1	204	3.886E-134	420
NP_002001.1	pkXP_036313445.1	1.000	208	0	0	1	208	1	208	1.089E-141	442
NP_005121.1	pkXP_036276049.1	0.559	243	103	0	1	234	1	243	1.942E-79	264
NP_689642.3	pkXP_036293890.1	0.512	258	109	0	1	258	1	224	1.323E-58	205
NP_001188288.1	pkXP_036306194.1	0.503	148	70	0	1	148	1	141	8.719E-40	145
NP_005615.2	pkXP_036306194.1	0.503	149	70	0	1	149	1	141	9.104E-40	145
NP_006063.1	pkXP_036266231.1	0.550	89	40	0	1	89	1	89	9.813E-30	113
NP_006655.1	pkXP_036289388.1	0.733	105	28	0	1	105	1	105	9.991E-46	160
NP_683513.1	pkXP_036265324.1	0.682	126	39	0	1	126	1	123	2.033E-53	183
NP_001001437.2	pkXP_036307420.1	0.752	93	23	0	1	93	58	150	9.911E-45	156
NP_066286.1	pkXP_036307420.1	0.752	93	23	0	1	93	58	150	9.911E-45	156
NP_002975.1	pkXP_036306824.1	0.836	92	15	0	1	92	1	92	2.546E-50	172
NP_001936.1	pkXP_036280797.1	0.875	208	26	0	1	208	1	208	4.314E-118	374
NP_005325.2	pkXP_036285937.1	0.912	2041	179	0	1	2035	1	2041	0.000E+00	3763
NP_071920.1	pkXP_036280328.1	0.942	701	41	0	1	700	1	701	0.000E+00	1429
NP_775270.1	pkXP_036291893.1	0.596	155	62	0	3	157	26	179	2.977E-55	190
NP_000568.1	pkXP_036291880.1	0.746	158	40	0	1	158	1	158	7.998E-79	258
NP_776214.1	pkXP_036291879.1	0.750	176	44	0	1	176	1	176	3.873E-87	283
NP_057070.3	pkXP_036310102.1	0.970	438	13	0	5	442	1	438	6.356E-292	889
XP_006711409.1	pkXP_045442684.1	0.593	495	195	0	1	495	1	479	7.598E-173	548
NP_000748.3	pkXP_045442867.1	0.622	554	206	0	1	554	72	616	4.037E-210	659
NP_757350.1	pkXP_045442868.1	0.628	257	95	0	1	256	72	328	3.757E-100	325
NP_757351.1	pkXP_045442867.1	0.622	554	206	0	1	554	72	616	4.037E-210	659
NP_000749.2	pkXP_036280254.1	0.666	141	47	0	1	141	1	141	1.120E-59	202
NP_002000.1	pkXP_036298619.1	0.948	194	10	0	1	194	1	194	2.110E-127	400
NP_002000.1	pkXP_045438682.1	0.948	194	10	0	1	194	1	194	2.110E-127	400
NP_001700.2	pkXP_036283571.1	0.951	248	12	0	1	247	1	248	3.098E-158	492
NP_039258.1	pkXP_036314148.1	0.915	640	54	0	1	640	1	640	0.000E+00	1210
NP_004874.1	pkXP_036280773.1	0.930	850	59	0	1	850	1	847	0.000E+00	1613
NP_053586.1	pkXP_036280772.1	0.931	852	59	0	1	852	1	849	0.000E+00	1616
NP_078613.1	pkXP_036309131.1	0.966	386	13	0	6	391	6	391	5.327E-268	817
NP_149122.1	pkXP_036306508.1	0.943	352	20	0	1	352	1	352	4.247E-242	740
NP_110388.2	pkXP_036301702.1	0.997	351	1	0	1	351	1	351	7.480E-244	745
NP_003383.2	pkXP_036286724.1	0.976	380	9	0	1	380	1	380	2.490E-262	800
NP_057289.1	pkXP_045432212.1	0.924	345	26	0	1	345	1	344	8.758E-222	681
NP_057289.1	pkXP_036279639.1	0.924	345	26	0	1	345	1	344	8.758E-222	681
NP_079484.1	pkXP_036283099.1	0.870	370	48	0	1	370	1	370	2.720E-230	707
NP_757373.1	pkXP_036263751.1	0.720	197	54	0	10	202	1	197	2.704E-87	285
NP_001136016.1	pkXP_036268953.1	0.769	203	46	0	1	200	1	203	1.411E-92	300
NP_005529.1	pkXP_045443387.1	0.821	352	63	0	1	352	1	352	3.864E-191	593
NP_001035835.1	pkXP_036284716.2	0.390	333	118	0	1	195	1	333	5.592E-51	180
NP_002497.2	pkXP_036308781.1	0.867	241	31	0	1	241	1	235	7.518E-137	430
XP_006710727.1	pkXP_036308781.1	0.867	241	31	0	1	241	1	235	7.518E-137	430
XP_006710728.1	pkXP_036308781.1	0.867	241	31	0	1	241	1	235	7.518E-137	430
XP_005273733.1	pkXP_036305884.1	0.970	205	6	0	1	205	1	205	2.215E-132	415
NP_003853.1	pkXP_036279663.1	0.980	206	4	0	1	206	1	206	3.708E-136	426
NP_005108.1	pkXP_036282951.1	0.742	210	54	0	7	216	10	219	2.121E-104	335
NP_001997.5	pkXP_036280196.1	0.804	266	49	0	23	288	10	260	1.315E-136	432
NP_062825.1	pkXP_036313070.1	0.943	211	12	0	1	211	1	208	3.236E-131	412
NP_061986.1	pkXP_036281586.1	0.812	196	36	0	14	209	3	195	1.105E-99	321
XP_005258788.1	pkXP_036281586.1	0.812	196	36	0	14	209	3	195	1.105E-99	321
NP_065689.1	pkXP_036312949.1	0.762	245	58	0	4	246	4	248	2.373E-120	383
NP_002182.1	pkXP_036278042.1	0.804	364	71	0	3	366	5	367	6.535E-201	622
NP_002184.2	pkXP_036276890.1	0.958	407	17	0	1	407	1	407	6.484E-274	835
NP_003799.1	pkXP_036307883.1	0.804	250	49	0	1	250	75	324	6.792E-134	422
NP_001139117.1	pkXP_036310820.1	0.767	271	62	0	1	266	1	271	2.461E-127	404
NP_006564.1	pkXP_036310819.1	0.768	290	66	0	1	285	1	290	2.327E-137	434
NP_003798.2	pkXP_036315593.1	0.776	241	54	0	1	240	1	241	5.887E-122	387
NP_110402.2	pkXP_045444351.1	0.930	359	25	0	1	359	1	358	7.099E-240	734
NP_116031.1	pkXP_045444351.1	0.930	359	25	0	1	359	1	358	7.099E-240	734
NP_006513.1	pkXP_036278000.1	0.956	365	16	0	1	365	1	365	1.094E-246	754
NP_004616.2	pkXP_036302765.1	0.982	349	6	0	1	349	1	349	1.256E-245	750
NP_478679.1	pkXP_036276159.1	0.971	349	10	0	1	349	1	349	1.513E-243	744
XP_005272133.1	pkXP_045432704.1	0.883	369	43	0	1	368	1	369	5.768E-230	706
NP_003384.2	pkXP_036294762.2	0.980	351	7	0	1	351	1	351	7.480E-244	745
NP_001137288.1	pkXP_036283571.1	0.951	248	12	0	1	247	1	248	3.098E-158	492
NP_733927.1	pkXP_036283570.1	0.953	256	12	0	1	255	1	256	5.722E-164	509
NP_733928.1	pkXP_036283571.1	0.951	248	12	0	1	247	1	248	3.098E-158	492
NP_733929.1	pkXP_036283571.1	0.951	248	12	0	1	247	1	248	3.098E-158	492
NP_733930.1	pkXP_036283574.1	0.952	255	12	0	9	262	5	259	3.928E-163	507
NP_733931.1	pkXP_036283571.1	0.951	248	12	0	1	247	1	248	3.098E-158	492
NP_055297.1	pkXP_036291474.1	0.893	424	45	0	1	424	1	424	5.660E-258	790
NP_001005613.1	pkXP_036267353.1	0.840	132	21	0	1	132	1	132	1.139E-69	231
NP_001390.1	pkXP_036267345.1	0.930	391	27	0	1	391	1	391	2.122E-252	772
NP_001171601.1	pkXP_045444983.1	0.766	1171	273	0	1	1166	1	1171	0.000E+00	1952
NP_001954.2	pkXP_036264937.1	0.766	1212	282	0	1	1207	1	1212	0.000E+00	2023
NP_001161362.1	pkXP_045438225.1	0.804	368	72	0	1	368	1	366	3.708E-211	662
NP_001161362.1	pkXP_045438224.1	0.791	377	78	0	1	377	1	374	3.708E-211	662
NP_064509.2	pkXP_036290119.1	0.540	208	95	0	1	207	1	208	5.582E-72	241
NP_001104754.1	pkXP_036312370.1	0.897	137	14	0	1	137	1	137	4.687E-82	266
NP_000603.1	pkXP_045434173.1	0.794	184	37	0	1	180	1	184	7.443E-90	291
NP_000603.1	pkXP_045434171.1	0.794	184	37	0	1	180	61	244	7.443E-90	291
NP_000871.1	pkXP_036293180.1	0.644	177	62	0	1	177	58	233	1.608E-71	238
NP_000581.1	pkXP_036280184.1	0.676	139	44	0	1	139	1	138	2.492E-59	201
NP_002183.1	pkXP_036285697.1	0.920	426	34	0	1	426	1	426	1.573E-273	835
NP_002183.1	pkXP_036285696.1	0.920	426	34	0	1	426	59	484	1.573E-273	835
NP_002167.1	pkXP_036290181.1	0.459	187	98	0	1	187	1	182	9.440E-48	170
NP_795372.1	pkXP_036290182.1	0.719	189	53	0	1	189	1	189	2.952E-88	288
NP_000610.2	pkXP_036312550.1	0.579	164	67	0	1	164	1	161	5.901E-52	181
NP_002168.1	pkXP_036290075.1	0.603	194	77	0	1	194	1	194	1.780E-70	236
NP_002168.1	pkXP_036290073.1	0.608	194	76	0	1	194	1	194	1.780E-70	236
NP_597716.1	pkXP_036274474.1	0.887	408	46	0	1	406	1	408	1.553E-263	805
XP_005266705.1	pkXP_036274474.1	0.887	408	46	0	1	406	1	408	1.553E-263	805
XP_006722456.1	pkXP_036274474.1	0.887	408	46	0	1	406	1	408	1.553E-263	805
XP_006724879.1	pkXP_036285933.1	0.913	2085	181	0	1	2079	1	2085	0.000E+00	3840
XP_006724878.1	pkXP_036285932.1	0.913	2086	181	0	1	2080	1	2086	0.000E+00	3842
NP_037452.1	pkXP_036311019.1	0.931	792	55	0	1	792	1	792	0.000E+00	1567
NP_000592.3	pkXP_036285475.1	0.913	730	63	0	1	728	1	730	0.000E+00	1513
XP_006716019.1	pkXP_036285475.1	0.913	730	63	0	1	728	1	730	0.000E+00	1513
NP_001519.1	pkXP_036272999.1	0.829	651	111	0	1	650	1	651	0.000E+00	1182
XP_005269501.1	pkXP_045438167.1	0.893	469	50	0	253	720	59	527	1.479E-277	863
NP_004549.1	pkXP_036315689.1	0.908	197	18	0	1	197	1	197	2.339E-119	377
NP_004549.1	pkXP_036315691.1	0.908	197	18	0	1	197	1	197	2.339E-119	377
NP_001096124.1	pkXP_036313870.1	0.970	270	8	0	1	270	1	270	8.391E-176	544
NP_002518.1	pkXP_036313871.1	0.972	257	7	0	1	257	1	257	8.750E-169	523
NP_006170.1	pkXP_045433142.1	0.895	211	22	0	1	210	1	211	5.979E-124	391
NP_006170.1	pkXP_036281558.1	0.895	211	22	0	1	210	1	211	5.979E-124	391
XP_005259019.1	pkXP_045433142.1	0.895	211	22	0	1	210	1	211	5.979E-124	391
XP_005259019.1	pkXP_036281558.1	0.895	211	22	0	1	210	1	211	5.979E-124	391
XP_006723295.1	pkXP_045433142.1	0.895	211	22	0	1	210	1	211	5.979E-124	391
XP_006723295.1	pkXP_036281558.1	0.895	211	22	0	1	210	1	211	5.979E-124	391
NP_065391.1	pkXP_036305010.1	0.466	246	123	0	7	252	7	238	3.197E-54	192
NP_002972.1	pkXP_036306694.1	0.467	92	48	0	1	91	24	115	2.488E-21	89
NP_002977.1	pkXP_036310235.1	0.670	97	32	0	1	97	1	97	9.960E-39	139
XP_005258077.1	pkXP_036307425.2	0.595	99	39	0	1	97	44	142	2.380E-32	122
XP_006725397.1	pkXP_036307425.2	0.595	99	39	0	1	97	44	142	2.380E-32	122
NP_000577.2	pkXP_036281147.1	0.562	153	66	0	1	153	1	152	9.817E-49	171
NP_061194.2	pkXP_036298066.1	0.620	174	65	0	1	174	1	173	5.478E-66	222
NP_065386.1	pkXP_036312548.1	0.703	179	53	0	1	179	1	179	1.097E-76	253
XP_005268986.1	pkXP_036312548.1	0.703	179	53	0	1	179	1	179	1.097E-76	253
NP_057668.1	pkXP_036312320.1	0.797	198	38	0	1	189	1	198	5.294E-98	315
NP_001172085.1	pkXP_036298065.1	0.690	181	56	0	27	207	38	218	1.202E-80	266
NP_006841.1	pkXP_036298065.1	0.690	181	56	0	26	206	38	218	1.149E-80	266
NP_758525.1	pkXP_036305102.1	0.726	163	44	0	1	160	1	163	4.346E-78	256
NP_060872.1	pkXP_036312549.1	0.825	166	29	0	4	169	4	169	7.165E-86	279
NP_001166242.1	pkXP_036296964.1	0.639	208	71	0	1	208	30	228	2.195E-81	270
NP_001166243.1	pkXP_036296963.1	0.641	209	71	0	1	209	30	229	4.652E-82	272
NP_001166243.1	pkXP_045438650.1	0.641	209	71	0	1	209	30	229	4.652E-82	272
NP_001166243.1	pkXP_045438651.1	0.641	209	71	0	1	209	30	229	4.652E-82	272
NP_001166243.1	pkXP_045438652.1	0.641	209	71	0	1	209	30	229	4.652E-82	272
NP_001166243.1	pkXP_045438653.1	0.641	209	71	0	1	209	30	229	4.652E-82	272
NP_001166243.1	pkXP_045438654.1	0.641	209	71	0	1	209	30	229	4.652E-82	272
NP_689669.2	pkXP_036296963.1	0.641	209	71	0	1	209	30	229	4.652E-82	272
NP_689669.2	pkXP_045438650.1	0.641	209	71	0	1	209	30	229	4.652E-82	272
NP_689669.2	pkXP_045438651.1	0.641	209	71	0	1	209	30	229	4.652E-82	272
NP_689669.2	pkXP_045438652.1	0.641	209	71	0	1	209	30	229	4.652E-82	272
NP_689669.2	pkXP_045438653.1	0.641	209	71	0	1	209	30	229	4.652E-82	272
NP_689669.2	pkXP_045438654.1	0.641	209	71	0	1	209	30	229	4.652E-82	272
NP_000580.1	pkXP_036280697.1	0.523	150	64	0	1	150	1	135	2.303E-39	144
NP_000870.1	pkXP_036280695.1	0.651	132	46	0	3	134	1	132	4.165E-49	171
NP_115934.1	pkXP_045443733.1	0.439	230	88	0	1	157	1	230	3.850E-57	199
NP_003732.2	pkXP_036303081.1	0.891	959	104	0	1	955	1	959	0.000E+00	1828
XP_005247907.1	pkXP_036303081.1	0.890	959	105	0	1	954	1	959	0.000E+00	1828
NP_001137453.1	pkXP_036310358.1	0.949	459	23	0	1	458	1	459	2.080E-321	975
NP_001137453.1	pkXP_036310354.1	0.949	459	23	0	1	458	69	527	2.080E-321	975
NP_001137454.1	pkXP_036310355.1	0.949	458	23	0	1	457	69	526	9.787E-321	973
NP_001137278.1	pkXP_036283571.1	0.951	248	12	0	1	247	1	248	3.098E-158	492
NP_001137279.1	pkXP_036283571.1	0.951	248	12	0	1	247	1	248	3.098E-158	492
NP_001137280.1	pkXP_036283571.1	0.951	248	12	0	1	247	1	248	3.098E-158	492
NP_001137281.1	pkXP_036283569.1	0.953	256	12	0	22	276	57	312	1.530E-163	509
NP_001137282.1	pkXP_036283569.1	0.953	256	12	0	75	329	57	312	1.742E-162	509
NP_001137283.1	pkXP_036283571.1	0.951	248	12	0	1	247	1	248	3.098E-158	492
NP_001137284.1	pkXP_036283571.1	0.951	248	12	0	1	247	1	248	3.098E-158	492
NP_001257479.1	pkXP_045434063.1	0.896	145	15	0	1	143	1	145	6.396E-90	289
NP_001257479.1	pkXP_045434064.1	0.896	145	15	0	1	143	1	145	6.396E-90	289
NP_001257479.1	pkXP_045434065.1	0.896	145	15	0	1	143	1	145	6.396E-90	289
NP_001257479.1	pkXP_045434066.1	0.896	145	15	0	1	143	1	145	6.396E-90	289
NP_001257479.1	pkXP_036283394.1	0.896	145	15	0	1	143	1	145	6.396E-90	289
NP_001257479.1	pkXP_045434061.1	0.896	145	15	0	1	143	1	145	6.396E-90	289
NP_001257479.1	pkXP_045434062.1	0.896	145	15	0	1	143	1	145	6.396E-90	289
NP_001257480.1	pkXP_045434063.1	0.896	145	15	0	1	143	1	145	6.396E-90	289
NP_001257480.1	pkXP_045434064.1	0.896	145	15	0	1	143	1	145	6.396E-90	289
NP_001257480.1	pkXP_045434065.1	0.896	145	15	0	1	143	1	145	6.396E-90	289
NP_001257480.1	pkXP_045434066.1	0.896	145	15	0	1	143	1	145	6.396E-90	289
NP_001257480.1	pkXP_036283394.1	0.896	145	15	0	1	143	1	145	6.396E-90	289
NP_001257480.1	pkXP_045434061.1	0.896	145	15	0	1	143	1	145	6.396E-90	289
NP_001257480.1	pkXP_045434062.1	0.896	145	15	0	1	143	1	145	6.396E-90	289
NP_001132972.1	pkXP_036299230.1	0.992	255	2	0	1	255	1	255	2.969E-171	530
NP_001132972.1	pkXP_045439434.1	0.992	255	2	0	1	255	1	255	2.969E-171	530
NP_004105.1	pkXP_036299233.1	0.991	245	2	0	1	245	1	245	2.127E-161	501
NP_004105.1	pkXP_045439435.1	0.991	245	2	0	1	245	1	245	2.127E-161	501
XP_005262456.1	pkXP_036299230.1	0.992	255	2	0	1	255	1	255	2.969E-171	530
XP_005262456.1	pkXP_045439434.1	0.992	255	2	0	1	255	1	255	2.969E-171	530
NP_004106.1	pkXP_036311889.1	0.987	247	3	0	1	247	1	247	1.938E-163	507
NP_787125.1	pkXP_045444729.1	0.984	252	4	0	1	252	1	252	6.290E-170	526
NP_787125.1	pkXP_036311888.1	0.984	252	4	0	1	252	1	252	6.290E-170	526
NP_003859.1	pkXP_036295709.1	0.980	207	4	0	1	207	1	207	5.645E-140	437
NP_000609.1	pkXP_036312369.1	0.895	153	16	0	1	153	1	153	7.729E-93	298
NP_001104755.1	pkXP_036312366.1	0.855	187	27	0	1	186	1	187	2.986E-107	342
NP_001104753.1	pkXP_036312368.1	0.893	159	17	0	1	158	1	159	4.005E-94	302
NP_001007140.2	pkXP_045434173.1	0.794	184	37	0	1	180	1	184	7.443E-90	291
NP_001007140.2	pkXP_045434171.1	0.794	184	37	0	1	180	61	244	7.443E-90	291
NP_001121070.1	pkXP_045434173.1	0.794	184	37	0	57	236	1	184	9.383E-89	291
NP_001121070.1	pkXP_045434171.1	0.794	184	37	0	57	236	61	244	9.383E-89	291
NP_001278790.1	pkXP_045434173.1	0.794	184	37	0	1	180	1	184	7.443E-90	291
NP_001278790.1	pkXP_045434171.1	0.794	184	37	0	1	180	61	244	7.443E-90	291
NP_001278791.1	pkXP_045434173.1	0.794	184	37	0	1	180	1	184	7.443E-90	291
NP_001278791.1	pkXP_045434171.1	0.794	184	37	0	1	180	61	244	7.443E-90	291
NP_002172.2	pkXP_036277707.1	0.944	411	23	0	1	411	1	411	6.697E-267	815
NP_000563.1	pkXP_036298565.1	0.803	178	35	0	1	178	1	178	5.096E-93	300
NP_000632.1	pkXP_036292308.2	0.904	199	19	0	1	199	38	236	1.397E-117	372
NP_005534.2	pkXP_036305936.1	0.692	140	40	0	1	131	1	140	9.043E-56	190
NP_002952.1	pkXP_036297703.1	0.920	101	8	0	1	101	1	101	1.598E-59	199
NP_055310.1	pkXP_036304156.1	0.850	456	68	0	1	455	1	456	2.649E-267	819
NP_835228.2	pkXP_045434107.1	0.550	218	64	0	5	222	4	146	3.984E-64	227
NP_066969.1	pkXP_036316972.1	0.924	346	26	0	1	346	1	344	3.130E-225	691
NP_113667.1	pkXP_036314763.1	0.829	352	60	0	1	350	1	352	1.207E-194	603
NP_066551.1	pkXP_036270832.1	0.969	454	14	0	1	454	1	454	3.375E-305	928
NP_001709.1	pkXP_036299951.1	0.867	513	66	0	1	513	1	496	2.129E-305	932
NP_001710.1	pkXP_036274641.1	0.976	431	10	0	1	431	1	431	7.706E-293	891
NP_006410.1	pkXP_036301025.2	0.436	101	56	0	1	100	1	101	1.793E-22	93
XP_006714126.1	pkXP_036301025.2	0.436	101	56	0	1	100	1	101	1.793E-22	93
NP_004878.2	pkXP_036280197.1	0.959	99	4	0	13	111	1	99	1.056E-60	203
NP_002080.1	pkXP_036269857.1	0.689	103	31	0	1	102	1	103	7.176E-39	140
NP_002985.1	pkXP_036269943.1	0.605	114	45	0	1	114	1	114	4.036E-40	144
NP_000575.1	pkXP_036276769.1	0.568	95	41	0	1	95	1	95	1.240E-29	113
NP_002407.1	pkXP_036269194.1	0.672	125	40	0	1	124	1	125	2.255E-51	177
NP_066382.1	pkXP_036312748.1	0.964	396	14	0	1	396	1	396	2.851E-260	795
NP_000790.2	pkXP_036267176.1	0.814	193	36	0	1	193	1	193	3.152E-97	313
NP_001423.1	pkXP_036269761.1	0.797	163	33	0	7	169	1	163	1.451E-85	278
NP_000630.1	pkXP_036298588.1	0.820	283	50	0	1	281	1	283	5.665E-160	499
NP_000791.1	pkXP_036279826.1	0.948	155	8	0	1	155	1	155	4.768E-99	316
NP_000791.1	pkXP_036279830.1	0.948	155	8	0	1	155	1	155	4.768E-99	316
NP_000791.1	pkXP_045432970.1	0.948	155	8	0	1	155	1	155	4.768E-99	316
NP_000791.1	pkXP_045432971.1	0.948	155	8	0	1	155	1	155	4.768E-99	316
NP_000791.1	pkXP_045432972.1	0.948	155	8	0	1	155	1	155	4.768E-99	316
NP_000791.1	pkXP_045432973.1	0.948	155	8	0	1	155	1	155	4.768E-99	316
NP_001138364.1	pkXP_036279826.1	0.948	155	8	0	1	155	1	155	4.768E-99	316
NP_001138364.1	pkXP_036279830.1	0.948	155	8	0	1	155	1	155	4.768E-99	316
NP_001138364.1	pkXP_045432970.1	0.948	155	8	0	1	155	1	155	4.768E-99	316
NP_001138364.1	pkXP_045432971.1	0.948	155	8	0	1	155	1	155	4.768E-99	316
NP_001138364.1	pkXP_045432972.1	0.948	155	8	0	1	155	1	155	4.768E-99	316
NP_001138364.1	pkXP_045432973.1	0.948	155	8	0	1	155	1	155	4.768E-99	316
NP_001138406.1	pkXP_036279826.1	0.948	155	8	0	1	155	1	155	4.768E-99	316
NP_001138406.1	pkXP_036279830.1	0.948	155	8	0	1	155	1	155	4.768E-99	316
NP_001138406.1	pkXP_045432970.1	0.948	155	8	0	1	155	1	155	4.768E-99	316
NP_001138406.1	pkXP_045432971.1	0.948	155	8	0	1	155	1	155	4.768E-99	316
NP_001138406.1	pkXP_045432972.1	0.948	155	8	0	1	155	1	155	4.768E-99	316
NP_001138406.1	pkXP_045432973.1	0.948	155	8	0	1	155	1	155	4.768E-99	316
NP_001138407.1	pkXP_036279826.1	0.948	155	8	0	1	155	1	155	4.768E-99	316
NP_001138407.1	pkXP_036279830.1	0.948	155	8	0	1	155	1	155	4.768E-99	316
NP_001138407.1	pkXP_045432970.1	0.948	155	8	0	1	155	1	155	4.768E-99	316
NP_001138407.1	pkXP_045432971.1	0.948	155	8	0	1	155	1	155	4.768E-99	316
NP_001138407.1	pkXP_045432972.1	0.948	155	8	0	1	155	1	155	4.768E-99	316
NP_001138407.1	pkXP_045432973.1	0.948	155	8	0	1	155	1	155	4.768E-99	316
NP_001244134.1	pkXP_036279826.1	0.948	155	8	0	1	155	1	155	4.768E-99	316
NP_001244134.1	pkXP_036279830.1	0.948	155	8	0	1	155	1	155	4.768E-99	316
NP_001244134.1	pkXP_045432970.1	0.948	155	8	0	1	155	1	155	4.768E-99	316
NP_001244134.1	pkXP_045432971.1	0.948	155	8	0	1	155	1	155	4.768E-99	316
NP_001244134.1	pkXP_045432972.1	0.948	155	8	0	1	155	1	155	4.768E-99	316
NP_001244134.1	pkXP_045432973.1	0.948	155	8	0	1	155	1	155	4.768E-99	316
XP_005245487.1	pkXP_045439337.1	0.862	109	15	0	2	110	55	163	2.735E-58	196
XP_005249000.1	pkXP_036269185.1	0.964	1009	36	0	1	1009	1	1009	0.000E+00	2185
NP_003005.2	pkXP_036285677.1	0.921	346	27	0	1	346	1	346	5.270E-228	699
NP_003006.2	pkXP_036294662.1	0.940	317	19	0	1	317	1	317	1.452E-210	647
NP_000184.1	pkXP_036281729.1	0.887	462	50	0	1	462	4	447	2.421E-269	825
NP_009044.2	pkXP_045442649.1	0.470	1241	524	0	1	1241	1	989	5.759E-269	890
NP_001008536.1	pkXP_036308878.1	0.519	821	350	0	1	821	1	728	5.585E-232	740
NP_001191.1	pkXP_036273880.1	0.947	396	21	0	1	396	1	396	8.347E-257	785
NP_001192.2	pkXP_036268497.1	0.835	475	78	0	1	472	1	475	2.476E-265	814
XP_005245487.1	pkXP_045439337.1	0.862	109	15	0	2	110	55	163	2.735E-58	196
NP_002954.2	pkXP_036308959.1	0.670	100	33	0	2	101	3	102	1.615E-43	153
NP_002954.2	pkXP_036308958.1	0.670	100	33	0	2	101	49	148	1.615E-43	153
XP_005253090.2	pkXP_045433571.1	0.868	1022	132	0	1	999	1	1022	0.000E+00	1973
NP_689966.2	pkXP_036269188.1	0.964	993	36	0	1	993	1	993	0.000E+00	2155
NP_057274.1	pkXP_045442684.1	0.593	495	195	0	1	495	1	479	7.598E-173	548
NP_004460.1	pkXP_036295425.1	0.790	354	73	0	1	354	1	351	3.138E-203	628
NP_002007.1	pkXP_045442647.1	0.360	1882	1103	0	1	1882	1	1724	1.353E-288	989
NP_001191431.1	pkXP_045433121.1	0.719	228	63	0	1	225	1	228	6.642E-101	326
NP_001191431.1	pkXP_045433122.1	0.719	228	63	0	1	225	1	228	6.642E-101	326
NP_001191431.1	pkXP_036281652.1	0.719	228	63	0	1	225	1	228	6.642E-101	326
NP_001191432.1	pkXP_045433121.1	0.719	228	63	0	1	225	1	228	6.642E-101	326
NP_001191432.1	pkXP_045433122.1	0.719	228	63	0	1	225	1	228	6.642E-101	326
NP_001191432.1	pkXP_036281652.1	0.719	228	63	0	1	225	1	228	6.642E-101	326
NP_001450.2	pkXP_045433121.1	0.719	228	63	0	1	225	1	228	6.642E-101	326
NP_001450.2	pkXP_045433122.1	0.719	228	63	0	1	225	1	228	6.642E-101	326
NP_001450.2	pkXP_036281652.1	0.719	228	63	0	1	225	1	228	6.642E-101	326
NP_001454.2	pkXP_036277745.1	0.935	327	21	0	1	325	1	327	1.926E-211	650
NP_006341.1	pkXP_036266301.1	0.924	317	24	0	1	317	1	317	1.398E-219	673
NP_006341.1	pkXP_036266299.1	0.924	317	24	0	1	317	1	317	1.398E-219	673
NP_037541.1	pkXP_036266298.1	0.930	344	24	0	1	344	1	344	1.900E-238	729
NP_009016.1	pkXP_036304205.1	0.957	308	13	0	1	308	2	307	3.065E-206	634
NP_005851.1	pkXP_036281058.1	0.794	292	54	0	1	263	1	292	1.687E-164	511
NP_001483.3	pkXP_036306317.1	0.765	360	84	0	13	372	15	371	2.838E-178	557
NP_004953.1	pkXP_036317105.1	0.796	480	97	0	1	478	1	480	2.549E-250	771
NP_005802.1	pkXP_036314238.1	0.970	407	12	0	1	407	1	405	2.919E-274	836
XP_006719256.1	pkXP_036314238.1	0.970	407	12	0	1	407	1	405	2.919E-274	836
XP_006719257.1	pkXP_036314238.1	0.970	407	12	0	1	407	1	405	2.919E-274	836
NP_004855.2	pkXP_036305777.1	0.613	296	114	0	14	308	2	297	2.304E-113	366
NP_001244138.1	pkXP_036279826.1	0.948	155	8	0	1	155	1	155	4.768E-99	316
NP_001244138.1	pkXP_036279830.1	0.948	155	8	0	1	155	1	155	4.768E-99	316
NP_001244138.1	pkXP_045432970.1	0.948	155	8	0	1	155	1	155	4.768E-99	316
NP_001244138.1	pkXP_045432971.1	0.948	155	8	0	1	155	1	155	4.768E-99	316
NP_001244138.1	pkXP_045432972.1	0.948	155	8	0	1	155	1	155	4.768E-99	316
NP_001244138.1	pkXP_045432973.1	0.948	155	8	0	1	155	1	155	4.768E-99	316
NP_001244139.1	pkXP_036279826.1	0.948	155	8	0	1	155	1	155	4.768E-99	316
NP_001244139.1	pkXP_036279830.1	0.948	155	8	0	1	155	1	155	4.768E-99	316
NP_001244139.1	pkXP_045432970.1	0.948	155	8	0	1	155	1	155	4.768E-99	316
NP_001244139.1	pkXP_045432971.1	0.948	155	8	0	1	155	1	155	4.768E-99	316
NP_001244139.1	pkXP_045432972.1	0.948	155	8	0	1	155	1	155	4.768E-99	316
NP_001244139.1	pkXP_045432973.1	0.948	155	8	0	1	155	1	155	4.768E-99	316
NP_149127.1	pkXP_045432974.1	0.883	60	7	0	1	60	1	60	1.494E-32	119
NP_004456.1	pkXP_036266306.1	0.830	230	35	0	1	208	1	230	2.690E-123	389
XP_005248321.1	pkXP_036266306.1	0.830	230	35	0	1	208	1	230	2.690E-123	389
NP_004103.1	pkXP_036307956.1	0.946	225	12	0	1	225	1	225	9.988E-143	446
NP_004104.3	pkXP_036302448.1	0.994	181	1	0	1	181	1	181	2.210E-120	379
NP_066360.1	pkXP_036302446.1	0.995	243	1	0	1	243	1	243	1.935E-161	501
NP_001132970.1	pkXP_036299235.1	0.989	199	2	0	1	199	1	199	2.013E-130	409
NP_006265.1	pkXP_036289390.1	0.721	97	26	0	2	98	6	100	4.687E-39	140
NP_001123518.1	pkXP_036276949.1	0.604	91	36	0	5	95	6	96	3.046E-34	126
NP_004582.1	pkXP_036276948.1	0.608	92	36	0	5	96	6	97	1.433E-34	127
NP_002980.1	pkXP_045435994.1	0.703	134	39	0	1	134	1	131	5.153E-55	188
NP_002981.2	pkXP_036296204.1	0.703	91	27	0	1	91	1	91	6.694E-41	145
NP_149126.1	pkXP_036283100.1	0.868	364	48	0	1	364	1	364	6.606E-226	694
NP_001186788.1	pkXP_036292675.1	0.921	497	39	0	1	497	1	495	2.599E-321	977
NP_612141.1	pkXP_036314255.1	0.792	176	36	0	2	177	8	180	2.470E-87	285
NP_612141.1	pkXP_045444481.1	0.792	176	36	0	2	177	139	311	2.470E-87	285
NP_443104.1	pkXP_036270801.1	0.555	162	69	0	2	163	17	173	3.221E-57	196
NP_001553.1	pkXP_036283244.1	0.663	190	63	0	1	190	1	188	1.296E-81	268
NP_001553.1	pkXP_036283241.1	0.663	190	63	0	1	190	18	205	1.296E-81	268
NP_001553.1	pkXP_036283240.1	0.663	190	63	0	1	190	39	226	1.296E-81	268
NP_715639.1	pkXP_045439029.1	0.753	166	41	0	45	210	4	169	3.474E-81	268
NP_000566.3	pkXP_036291873.1	0.666	269	89	0	1	269	1	267	7.162E-109	351
NP_000566.3	pkXP_036291874.1	0.666	269	89	0	1	269	1	267	7.162E-109	351
NP_000567.1	pkXP_036291875.1	0.638	267	96	0	2	268	19	284	6.556E-109	351
NP_115945.4	pkXP_036291885.1	0.854	151	22	0	1	151	1	151	7.173E-85	275
NP_775184.1	pkXP_036291885.1	0.854	151	22	0	1	151	1	151	7.173E-85	275
NP_009110.2	pkXP_036289887.1	0.572	213	89	0	1	213	1	209	5.140E-67	227
NP_647475.1	pkXP_036305836.1	0.752	411	100	0	1	406	1	411	5.181E-206	639
NP_114123.2	pkXP_045445148.1	0.891	469	50	0	1	469	1	463	6.212E-289	882
NP_114123.2	pkXP_036315308.2	0.891	469	50	0	1	469	60	522	6.212E-289	882
NP_001648.1	pkXP_036269689.1	0.703	252	73	0	1	252	1	246	1.051E-112	361
NP_476432.2	pkXP_045440687.1	0.678	255	71	0	1	220	1	255	1.258E-103	333
NP_476432.2	pkXP_045440686.1	0.678	255	71	0	1	220	37	291	1.258E-103	333
NP_001073966.2	pkXP_036288727.1	0.857	602	86	0	1	602	1	599	0.000E+00	1109
NP_066278.3	pkXP_036288154.1	0.822	711	126	0	15	725	1	711	0.000E+00	1327
NP_066278.3	pkXP_036288159.1	0.822	711	126	0	15	725	1	711	0.000E+00	1327
NP_005250.1	pkXP_036279100.1	0.888	376	42	0	1	375	1	376	1.172E-233	717
NP_037503.2	pkXP_045439029.1	0.753	166	41	0	7	172	4	169	6.231E-82	268
NP_002382.1	pkXP_045434063.1	0.896	145	15	0	1	143	1	145	6.396E-90	289
NP_002382.1	pkXP_045434064.1	0.896	145	15	0	1	143	1	145	6.396E-90	289
NP_002382.1	pkXP_045434065.1	0.896	145	15	0	1	143	1	145	6.396E-90	289
NP_002382.1	pkXP_045434066.1	0.896	145	15	0	1	143	1	145	6.396E-90	289
NP_002382.1	pkXP_036283394.1	0.896	145	15	0	1	143	1	145	6.396E-90	289
NP_002382.1	pkXP_045434061.1	0.896	145	15	0	1	143	1	145	6.396E-90	289
NP_002382.1	pkXP_045434062.1	0.896	145	15	0	1	143	1	145	6.396E-90	289
NP_001243474.1	pkXP_036266447.1	0.946	1140	61	0	1	1140	1	1138	0.000E+00	2548
NP_001243474.1	pkXP_045427073.1	0.946	1140	61	0	1	1140	1	1138	0.000E+00	2548
NP_115822.1	pkXP_036266447.1	0.946	1140	61	0	1	1140	1	1138	0.000E+00	2548
NP_115822.1	pkXP_045427073.1	0.946	1140	61	0	1	1140	1	1138	0.000E+00	2548
NP_115821.2	pkXP_036294421.1	0.947	1044	55	0	1	1044	1	1044	0.000E+00	2363
NP_001400.3	pkXP_036316721.2	0.716	804	216	0	762	1522	1	804	0.000E+00	1439
NP_001258867.1	pkXP_036263943.1	0.934	2845	184	0	1	2845	1	2789	0.000E+00	5914
NP_001258867.1	pkXP_036263944.1	0.934	2845	184	0	1	2845	1	2789	0.000E+00	5914
NP_001258867.1	pkXP_045426892.1	0.934	2845	184	0	1	2845	1	2789	0.000E+00	5914
NP_002956.1	pkXP_036308990.2	0.651	109	37	0	4	111	118	226	3.651E-41	147
NP_001257918.1	pkXP_036269783.1	0.759	154	36	0	1	154	1	151	4.605E-74	244
NP_062427.1	pkXP_036297703.1	0.920	101	8	0	1	101	1	101	1.598E-59	199
NP_005238.1	pkXP_036283562.1	0.882	220	25	0	1	215	1	220	1.743E-126	400
NP_001998.1	pkXP_036284149.1	0.893	207	22	0	1	206	1	207	1.767E-118	375
XP_006718538.1	pkXP_036284149.1	0.893	207	22	0	1	206	1	207	1.767E-118	375
NP_004455.2	pkXP_036275879.1	0.846	273	41	0	1	268	1	273	3.873E-149	467
