NP_005439.2	raXP_016008878.1	0.729	394	106	0	1	392	1	394	4.800E-191	595
NP_001192.2	raXP_016011748.2	0.882	476	56	0	1	472	1	476	6.356E-281	859
NP_001193.2	raXP_015997634.1	0.975	409	10	0	1	408	1	409	5.157E-277	844
NP_001193.2	raXP_036073791.1	0.975	409	10	0	1	408	1	409	5.157E-277	844
NP_570911.2	raXP_015997634.1	0.975	409	10	0	1	408	1	409	5.157E-277	844
NP_570911.2	raXP_036073791.1	0.975	409	10	0	1	408	1	409	5.157E-277	844
NP_570912.2	raXP_015997634.1	0.975	409	10	0	1	408	1	409	5.157E-277	844
NP_570912.2	raXP_036073791.1	0.975	409	10	0	1	408	1	409	5.157E-277	844
XP_005268072.1	raXP_015997634.1	0.975	409	10	0	1	408	1	409	5.157E-277	844
XP_005268072.1	raXP_036073791.1	0.975	409	10	0	1	408	1	409	5.157E-277	844
NP_066551.1	raXP_016001178.1	0.980	454	9	0	1	454	1	454	1.154E-308	938
NP_001709.1	raXP_015993735.1	0.894	513	53	0	1	513	1	503	1.908E-315	961
NP_001710.1	raXP_015980422.1	0.976	431	10	0	1	431	1	431	7.710E-293	891
NP_001007538.1	raXP_016020606.2	0.864	332	45	0	1	332	1	332	1.664E-208	642
NP_001007538.1	raXP_016020607.2	0.864	332	45	0	1	332	1	332	1.664E-208	642
NP_001007538.1	raXP_036084355.1	0.864	332	45	0	1	332	1	332	1.664E-208	642
NP_003386.1	raXP_015997878.2	0.975	365	9	0	1	365	1	364	1.843E-249	762
NP_003387.1	raXP_015995308.2	0.958	358	15	0	1	357	1	358	1.576E-238	730
NP_002986.1	raXP_016004087.1	0.669	112	36	0	1	112	1	109	8.138E-41	146
NP_001183980.1	raXP_015974494.1	0.948	577	30	0	1	569	1	577	0.000E+00	1132
NP_056322.2	raXP_015974955.2	0.799	553	111	0	1	552	1	553	4.100E-318	971
NP_057299.1	raXP_016008569.1	0.783	273	59	0	1	272	1	273	2.003E-150	471
NP_002985.1	raXP_036082314.1	0.712	108	31	0	1	108	1	107	4.931E-46	161
NP_000575.1	raXP_016009497.1	0.793	97	20	0	1	97	1	97	1.082E-46	162
NP_005746.2	raXP_036089981.1	0.742	229	59	0	1	229	1	229	1.380E-115	368
NP_005746.2	raXP_015999904.2	0.742	229	59	0	1	229	1	229	1.380E-115	368
NP_001005609.1	raXP_036082393.1	0.933	389	26	0	1	389	1	385	5.165E-250	765
NP_001005610.2	raXP_036082397.1	0.829	135	22	0	1	135	1	131	3.059E-69	229
NP_001005612.2	raXP_036082395.1	0.932	386	26	0	1	386	1	382	2.430E-248	760
NP_057070.3	raXP_016007986.2	0.963	438	16	0	5	442	1	438	3.439E-290	884
NP_958854.1	raXP_016008569.1	0.783	273	59	0	1	272	1	273	2.003E-150	471
NP_004878.2	raXP_015993188.1	0.969	99	3	0	13	111	1	99	2.130E-61	205
NP_004581.1	raXP_015978747.1	0.663	107	36	0	1	107	9	115	1.960E-42	151
XP_005258077.1	raXP_015978747.1	0.663	107	36	0	1	107	9	115	1.960E-42	151
XP_006725397.1	raXP_015978747.1	0.663	107	36	0	1	107	9	115	1.960E-42	151
NP_006265.1	raXP_015985685.2	0.783	97	20	0	2	98	6	100	2.298E-46	161
NP_001123518.1	raXP_016009045.2	0.652	92	32	0	4	95	14	105	4.062E-39	140
NP_004582.1	raXP_016009035.2	0.655	93	32	0	4	96	14	106	1.912E-39	141
NP_002980.1	raXP_015986032.2	0.776	134	28	0	1	134	1	128	5.245E-63	211
NP_002981.2	raXP_016007112.1	0.720	93	26	0	1	93	1	93	1.216E-42	150
NP_002981.2	raXP_036087059.1	0.720	93	26	0	1	93	1	93	1.216E-42	150
NP_002981.2	raXP_016007102.1	0.720	93	26	0	1	93	1	93	1.216E-42	150
NP_002982.2	raXP_016002041.1	0.654	110	37	0	1	110	1	107	4.169E-42	150
NP_036407.1	raXP_036080948.1	0.736	148	39	0	8	155	59	206	3.512E-69	230
NP_775262.1	raXP_036080948.1	0.736	148	39	0	8	155	59	206	3.512E-69	230
XP_005263695.1	raXP_036080948.1	0.736	148	39	0	8	155	59	206	3.512E-69	230
NP_775294.1	raXP_016008642.2	0.592	167	67	0	28	194	30	195	1.421E-56	196
NP_775297.1	raXP_016008642.2	0.592	167	67	0	23	189	30	195	1.148E-56	196
NP_002300.1	raXP_036076298.1	0.915	202	17	0	1	202	1	202	1.527E-126	398
NP_002300.1	raXP_015991036.1	0.915	202	17	0	1	202	1	202	1.527E-126	398
XP_006724303.1	raXP_036076298.1	0.915	202	17	0	1	202	1	202	1.527E-126	398
XP_006724303.1	raXP_015991036.1	0.915	202	17	0	1	202	1	202	1.527E-126	398
NP_000586.2	raXP_015977131.1	0.751	205	51	0	1	205	1	205	2.468E-97	314
NP_000586.2	raXP_015977132.1	0.751	205	51	0	1	205	1	205	2.468E-97	314
NP_001153212.1	raXP_015977131.1	0.751	205	51	0	1	205	1	205	2.468E-97	314
NP_001153212.1	raXP_015977132.1	0.751	205	51	0	1	205	1	205	2.468E-97	314
NP_002332.1	raXP_015977173.2	0.780	245	53	0	1	244	1	245	2.278E-117	374
NP_001012333.1	raXP_016002242.2	0.923	143	11	0	1	143	1	143	4.783E-93	298
NP_001012334.1	raXP_016002242.2	0.923	143	11	0	1	143	1	143	4.783E-93	298
NP_001257479.1	raXP_016002242.2	0.923	143	11	0	1	143	1	143	4.783E-93	298
NP_001257480.1	raXP_016002242.2	0.923	143	11	0	1	143	1	143	4.783E-93	298
NP_002382.1	raXP_016002242.2	0.923	143	11	0	1	143	1	143	4.783E-93	298
NP_476431.2	raXP_015979186.2	0.813	230	42	0	1	228	4	233	1.318E-115	368
NP_001137453.1	raXP_036082819.1	0.947	459	24	0	1	458	4	462	2.500E-319	969
NP_001137453.1	raXP_036082818.1	0.947	459	24	0	1	458	21	479	2.500E-319	969
NP_001137453.1	raXP_036082813.1	0.947	459	24	0	1	458	69	527	2.500E-319	969
NP_001483.3	raXP_015987898.2	0.782	372	80	0	1	372	1	370	9.605E-191	593
NP_004953.1	raXP_015998268.2	0.839	478	77	0	1	478	1	477	2.483E-268	823
NP_005802.1	raXP_016021238.2	0.985	407	6	0	1	407	1	404	4.093E-279	850
XP_006719256.1	raXP_016021238.2	0.985	407	6	0	1	407	1	404	4.093E-279	850
XP_006719257.1	raXP_016021238.2	0.985	407	6	0	1	407	1	404	4.093E-279	850
NP_004855.2	raXP_015987978.1	0.614	295	113	0	14	308	1	295	2.750E-111	360
NP_057288.1	raXP_015998326.1	0.816	430	79	0	1	429	1	430	3.669E-239	736
NP_065685.1	raXP_015983513.2	0.831	360	61	0	5	364	5	364	1.864E-205	635
NP_000548.2	raXP_015981873.1	0.956	501	22	0	1	501	1	499	0.000E+00	1007
NP_001001557.1	raXP_015980941.2	0.874	461	57	0	1	455	1	461	6.595E-272	832
NP_001121070.1	raXP_016005052.1	0.796	192	38	0	51	236	11	202	3.761E-99	321
NP_001278790.1	raXP_036077103.1	0.811	186	34	0	1	180	1	186	7.030E-99	317
NP_001278791.1	raXP_036077103.1	0.811	186	34	0	1	180	1	186	7.030E-99	317
NP_002172.2	raXP_016012374.1	0.946	411	22	0	1	411	1	410	1.632E-265	811
NP_000563.1	raXP_015984762.1	0.841	177	28	0	1	177	1	177	8.519E-96	308
NP_000632.1	raXP_016009704.1	0.929	199	14	0	1	199	1	199	5.202E-120	379
NP_000873.2	raXP_016004482.1	0.824	222	38	0	35	253	1	222	4.954E-113	362
NP_002178.2	raXP_016022543.2	0.866	329	44	0	1	328	1	329	8.869E-196	605
NP_002179.2	raXP_015973863.2	0.678	142	45	0	4	145	2	142	4.026E-55	189
NP_000576.1	raXP_036089405.1	0.814	162	30	0	1	162	1	162	5.175E-85	276
NP_000576.1	raXP_015978771.1	0.814	162	30	0	1	162	1	162	5.175E-85	276
NP_001165599.1	raXP_036087760.1	0.714	1330	372	0	1	1330	48	1347	0.000E+00	1845
NP_001165599.1	raXP_036087759.1	0.714	1330	372	0	1	1330	66	1365	0.000E+00	1845
NP_002181.1	raXP_016002791.1	0.719	155	43	0	1	155	1	155	2.631E-72	239
NP_055258.1	raXP_016005798.2	0.911	180	16	0	1	180	1	180	4.525E-112	355
NP_037410.1	raXP_015984895.1	0.790	196	41	0	3	196	2	197	2.602E-101	325
XP_005253090.2	raXP_016002855.2	0.900	1024	100	0	1	999	1	1024	0.000E+00	2035
NP_689966.2	raXP_016002404.1	0.969	993	31	0	1	993	1	993	0.000E+00	2160
XP_005249000.1	raXP_016002402.1	0.969	1009	31	0	1	1009	1	1009	0.000E+00	2190
NP_003802.1	raXP_016001212.2	0.572	237	100	0	1	237	1	234	6.323E-66	226
XP_006722994.1	raXP_016001212.2	0.572	237	100	0	1	237	1	234	6.323E-66	226
NP_000538.3	raXP_036080092.1	0.697	873	262	0	1	873	1	867	0.000E+00	1305
XP_006710726.1	raXP_015979895.2	0.841	246	38	0	1	241	1	246	1.523E-137	432
XP_006710727.1	raXP_015979895.2	0.841	246	38	0	1	241	1	246	1.523E-137	432
XP_006710728.1	raXP_015979895.2	0.841	246	38	0	1	241	1	246	1.523E-137	432
NP_060525.3	raXP_015976490.2	0.876	226	28	0	122	347	2	227	7.405E-137	436
NP_002976.2	raXP_015979081.1	0.846	91	14	0	1	91	1	91	1.204E-49	170
NP_757373.1	raXP_016020183.2	0.805	201	39	0	4	204	26	226	4.996E-106	339
NP_002956.1	raXP_015981543.1	0.657	108	36	0	6	112	3	110	2.989E-43	153
NP_006263.1	raXP_015999052.1	0.880	92	11	0	1	92	1	92	5.677E-50	171
NP_004048.1	raXP_015974208.1	0.784	79	17	0	1	79	46	124	1.140E-36	132
NP_005971.1	raXP_016016737.2	0.855	90	13	0	1	90	1	90	4.000E-47	163
NP_766638.2	raXP_015991251.2	0.919	988	80	0	1	988	1	988	0.000E+00	2042
NP_002407.1	raXP_016011487.2	0.714	126	35	0	1	125	1	126	3.736E-54	185
XP_005245176.1	raXP_015978153.1	0.979	766	16	0	1	766	1	766	0.000E+00	1590
XP_005245176.1	raXP_015978154.1	0.979	766	16	0	1	766	1	766	0.000E+00	1590
XP_005245176.1	raXP_015978155.1	0.979	766	16	0	1	766	1	766	0.000E+00	1590
XP_005245176.1	raXP_015978156.1	0.979	766	16	0	1	766	1	766	0.000E+00	1590
XP_005245176.1	raXP_015978157.1	0.979	766	16	0	1	766	1	766	0.000E+00	1590
NP_001019382.1	raXP_015996695.2	0.795	98	20	0	1	98	1	97	2.298E-46	161
NP_001019382.1	raXP_015996703.2	0.795	98	20	0	1	98	1	97	2.298E-46	161
NP_776214.1	raXP_016008575.1	0.785	168	36	0	9	176	7	174	7.123E-89	288
NP_001711.2	raXP_015995568.2	0.910	402	36	0	1	402	1	402	2.948E-254	778
NP_066988.1	raXP_016009861.1	0.934	783	52	0	1	783	1	783	0.000E+00	1549
XP_005245436.1	raXP_016009861.1	0.934	783	52	0	1	783	1	783	0.000E+00	1549
NP_950252.1	raXP_015978153.1	0.979	766	16	0	1	766	1	766	0.000E+00	1590
NP_950252.1	raXP_015978154.1	0.979	766	16	0	1	766	1	766	0.000E+00	1590
NP_950252.1	raXP_015978155.1	0.979	766	16	0	1	766	1	766	0.000E+00	1590
NP_950252.1	raXP_015978156.1	0.979	766	16	0	1	766	1	766	0.000E+00	1590
NP_950252.1	raXP_015978157.1	0.979	766	16	0	1	766	1	766	0.000E+00	1590
XP_005245174.1	raXP_015978153.1	0.979	766	16	0	1	766	1	766	0.000E+00	1590
XP_005245174.1	raXP_015978154.1	0.979	766	16	0	1	766	1	766	0.000E+00	1590
XP_005245174.1	raXP_015978155.1	0.979	766	16	0	1	766	1	766	0.000E+00	1590
XP_005245174.1	raXP_015978156.1	0.979	766	16	0	1	766	1	766	0.000E+00	1590
XP_005245174.1	raXP_015978157.1	0.979	766	16	0	1	766	1	766	0.000E+00	1590
XP_005245175.1	raXP_015978153.1	0.979	766	16	0	1	766	1	766	0.000E+00	1590
XP_005245175.1	raXP_015978154.1	0.979	766	16	0	1	766	1	766	0.000E+00	1590
XP_005245175.1	raXP_015978155.1	0.979	766	16	0	1	766	1	766	0.000E+00	1590
XP_005245175.1	raXP_015978156.1	0.979	766	16	0	1	766	1	766	0.000E+00	1590
XP_005245175.1	raXP_015978157.1	0.979	766	16	0	1	766	1	766	0.000E+00	1590
XP_005245177.1	raXP_015978153.1	0.979	766	16	0	1	766	1	766	0.000E+00	1590
XP_005245177.1	raXP_015978154.1	0.979	766	16	0	1	766	1	766	0.000E+00	1590
XP_005245177.1	raXP_015978155.1	0.979	766	16	0	1	766	1	766	0.000E+00	1590
XP_005245177.1	raXP_015978156.1	0.979	766	16	0	1	766	1	766	0.000E+00	1590
XP_005245177.1	raXP_015978157.1	0.979	766	16	0	1	766	1	766	0.000E+00	1590
NP_001720.1	raXP_036083747.1	0.764	178	40	0	1	178	1	172	2.208E-85	278
NP_001720.1	raXP_036083749.1	0.764	178	40	0	1	178	1	172	2.208E-85	278
NP_001720.1	raXP_036083750.1	0.764	178	40	0	1	178	1	172	2.208E-85	278
NP_001720.1	raXP_036083751.1	0.764	178	40	0	1	178	1	172	2.208E-85	278
NP_003367.4	raXP_036074329.1	0.939	215	13	0	181	395	1	214	9.904E-139	444
NP_001230662.1	raXP_015974036.2	0.957	188	8	0	1	188	1	188	1.918E-125	394
NP_003368.1	raXP_015974035.1	0.961	207	8	0	1	207	1	207	9.070E-135	422
NP_005420.1	raXP_016021517.2	0.876	420	52	0	1	419	1	420	7.384E-270	824
NP_940972.2	raXP_016003393.2	0.907	324	30	0	1	324	1	324	2.694E-216	664
NP_001073969.1	raXP_016005540.1	0.972	222	6	0	1	222	1	222	1.441E-162	503
NP_444514.1	raXP_015992198.1	0.872	548	70	0	1	548	1	548	0.000E+00	1032
NP_085155.1	raXP_015977080.1	0.860	286	40	0	1	285	1	286	1.109E-175	545
NP_001257918.1	raXP_016009489.1	0.841	151	24	0	1	151	1	151	1.448E-86	280
NP_612141.1	raXP_036084245.1	0.765	176	41	0	2	177	6	180	6.621E-85	278
NP_612141.1	raXP_036084243.1	0.765	176	41	0	2	177	53	227	6.621E-85	278
NP_612141.1	raXP_036084244.1	0.765	176	41	0	2	177	53	227	6.621E-85	278
NP_443104.1	raXP_016002787.2	0.527	163	74	0	1	163	1	158	9.523E-54	186
NP_001553.1	raXP_016004504.2	0.751	193	48	0	1	193	1	193	1.714E-95	308
NP_037503.2	raXP_015984763.1	0.779	172	38	0	1	172	1	172	7.834E-88	285
NP_037503.2	raXP_015984764.1	0.779	172	38	0	1	172	1	172	7.834E-88	285
NP_037503.2	raXP_015984765.1	0.779	172	38	0	1	172	1	172	7.834E-88	285
NP_037503.2	raXP_036090343.1	0.779	172	38	0	1	172	1	172	7.834E-88	285
NP_715639.1	raXP_015984763.1	0.779	172	38	0	39	210	1	172	4.440E-87	285
NP_715639.1	raXP_015984764.1	0.779	172	38	0	39	210	1	172	4.440E-87	285
NP_715639.1	raXP_015984765.1	0.779	172	38	0	39	210	1	172	4.440E-87	285
NP_715639.1	raXP_036090343.1	0.779	172	38	0	39	210	1	172	4.440E-87	285
NP_000566.3	raXP_016008616.1	0.638	270	97	0	1	270	1	269	6.061E-102	331
NP_000567.1	raXP_016008605.1	0.602	268	105	0	1	268	1	264	2.108E-95	312
NP_000567.1	raXP_016008597.2	0.602	268	105	0	1	268	18	281	2.108E-95	312
NP_115945.4	raXP_016008765.1	0.815	152	28	0	1	152	1	152	1.759E-83	271
NP_775184.1	raXP_016008765.1	0.815	152	28	0	1	152	1	152	1.759E-83	271
NP_775270.1	raXP_036080874.1	0.509	155	74	0	3	157	4	155	1.066E-49	174
NP_004343.1	raXP_016003042.1	0.989	193	2	0	1	193	1	193	2.435E-125	394
NP_872317.1	raXP_036086031.1	0.964	224	8	0	1	224	1	224	2.811E-139	436
NP_872317.1	raXP_016003869.1	0.964	224	8	0	1	224	1	224	2.811E-139	436
NP_872317.1	raXP_036086029.1	0.964	224	8	0	1	224	51	274	2.811E-139	436
NP_872317.1	raXP_036086030.1	0.964	224	8	0	1	224	51	274	2.811E-139	436
XP_006722457.1	raXP_036086031.1	0.964	224	8	0	1	224	1	224	2.811E-139	436
XP_006722457.1	raXP_016003869.1	0.964	224	8	0	1	224	1	224	2.811E-139	436
XP_006722457.1	raXP_036086029.1	0.964	224	8	0	1	224	51	274	2.811E-139	436
XP_006722457.1	raXP_036086030.1	0.964	224	8	0	1	224	51	274	2.811E-139	436
NP_001034860.1	raXP_016005770.1	0.902	205	20	0	1	205	1	205	1.270E-121	384
NP_542184.1	raXP_015983068.1	0.975	201	5	0	1	201	1	201	3.238E-126	397
NP_597716.1	raXP_016011204.2	0.914	407	35	0	1	406	1	407	1.653E-271	828
XP_005266705.1	raXP_016011204.2	0.914	407	35	0	1	406	1	407	1.653E-271	828
XP_006722456.1	raXP_016011204.2	0.914	407	35	0	1	406	1	407	1.653E-271	828
NP_009110.2	raXP_015993805.1	0.581	213	87	0	1	213	1	209	2.116E-68	231
NP_000577.2	raXP_015990989.1	0.664	152	51	0	1	152	1	152	2.824E-62	210
NP_061194.2	raXP_015984721.1	0.806	176	34	0	1	176	1	176	4.643E-93	300
NP_065386.1	raXP_016003946.2	0.882	179	21	0	1	179	1	179	3.318E-98	315
XP_005268986.1	raXP_016003946.2	0.882	179	21	0	1	179	1	179	3.318E-98	315
NP_057668.1	raXP_036091820.1	0.852	190	28	0	1	189	1	190	2.479E-106	339
NP_057668.1	raXP_036091821.1	0.852	190	28	0	1	189	1	190	2.479E-106	339
NP_057668.1	raXP_016021225.2	0.852	190	28	0	1	189	1	190	2.479E-106	339
NP_001172085.1	raXP_015984761.1	0.709	179	52	0	29	207	5	183	1.202E-80	266
NP_006841.1	raXP_015984761.1	0.709	179	52	0	28	206	5	183	1.150E-80	266
NP_758525.1	raXP_015975960.2	0.803	168	31	0	1	160	1	168	6.169E-91	293
NP_060872.1	raXP_016003947.1	0.852	169	25	0	1	169	1	169	4.040E-92	297
NP_001166242.1	raXP_016019947.2	0.777	228	50	0	1	228	1	227	7.426E-120	381
NP_001166243.1	raXP_036087272.1	0.778	229	50	0	1	229	1	228	1.574E-120	383
NP_689669.2	raXP_036087272.1	0.778	229	50	0	1	229	1	228	1.574E-120	383
NP_000580.1	raXP_015973966.1	0.533	150	62	0	1	150	1	133	2.098E-40	147
NP_000870.1	raXP_036080961.1	0.708	134	39	0	1	134	76	209	4.239E-57	194
NP_002598.4	raXP_036080622.1	0.876	211	26	0	1	211	1	211	7.573E-122	385
NP_002598.4	raXP_036080623.1	0.876	211	26	0	1	211	1	211	7.573E-122	385
NP_148983.1	raXP_015974630.1	0.877	196	24	0	1	196	1	196	8.769E-113	358
XP_006715796.1	raXP_036080622.1	0.876	211	26	0	1	211	1	211	7.573E-122	385
XP_006715796.1	raXP_036080623.1	0.876	211	26	0	1	211	1	211	7.573E-122	385
NP_002599.1	raXP_015984386.2	0.912	241	21	0	1	241	1	241	2.445E-149	466
NP_057289.1	raXP_015994155.1	0.947	345	18	0	1	345	1	345	3.475E-232	711
NP_057289.1	raXP_015994156.1	0.947	345	18	0	1	345	1	345	3.475E-232	711
NP_057289.1	raXP_036089548.1	0.947	345	18	0	1	345	1	345	3.475E-232	711
NP_079484.1	raXP_016019157.2	0.910	370	33	0	1	370	1	370	2.894E-238	730
NP_066360.1	raXP_015991825.1	1.000	243	0	0	1	243	1	243	1.936E-161	501
NP_001132970.1	raXP_015980629.1	0.994	199	1	0	1	199	1	199	4.074E-131	411
NP_001132972.1	raXP_015980627.1	0.996	255	1	0	1	255	1	255	1.337E-171	531
NP_004105.1	raXP_015980628.1	0.995	245	1	0	1	245	1	245	9.575E-162	502
XP_005262456.1	raXP_015980627.1	0.996	255	1	0	1	255	1	255	1.337E-171	531
NP_004106.1	raXP_015978639.1	0.991	247	2	0	1	247	1	247	3.924E-164	509
NP_787125.1	raXP_015978638.1	0.992	252	2	0	1	252	1	252	1.160E-171	531
NP_543016.1	raXP_015993606.1	0.961	464	18	0	1	464	1	464	2.152E-315	958
NP_954993.1	raXP_016012090.2	0.597	571	198	0	1	571	1	493	1.017E-216	679
NP_000890.1	raXP_036092223.1	0.821	274	49	0	1	273	1	274	3.182E-145	456
NP_003985.2	raXP_036092225.1	0.800	246	49	0	1	245	1	246	2.095E-127	403
NP_003231.2	raXP_016012940.2	0.858	367	52	0	1	366	1	367	4.036E-215	663
NP_000221.1	raXP_016004134.1	0.712	167	47	0	1	167	1	165	5.042E-71	236
NP_000221.1	raXP_016004135.1	0.712	167	47	0	1	167	1	165	5.042E-71	236
NP_001276957.1	raXP_015990021.1	0.772	352	80	0	1	352	1	350	5.051E-171	535
NP_001072998.1	raXP_015981555.2	0.680	197	62	0	1	197	1	196	5.787E-88	288
NP_003732.2	raXP_015990019.2	0.899	962	96	0	1	955	1	962	0.000E+00	1849
XP_005247907.1	raXP_015990020.2	0.899	961	96	0	1	954	1	961	0.000E+00	1847
NP_001137454.1	raXP_036082814.1	0.947	458	24	0	1	457	69	526	1.177E-318	967
NP_001153480.1	raXP_036084200.1	0.950	420	21	0	1	420	1	420	1.430E-271	829
NP_039250.2	raXP_015991653.2	0.941	645	38	0	1	645	1	644	0.000E+00	1254
NP_039251.2	raXP_015991655.2	0.940	637	38	0	1	637	1	636	0.000E+00	1237
NP_001014364.1	raXP_036091079.1	0.691	1275	393	0	1	1274	1	1275	0.000E+00	1689
NP_001191431.1	raXP_015977851.1	0.763	223	52	0	1	220	1	223	1.120E-103	334
NP_001191431.1	raXP_015977852.1	0.763	223	52	0	1	220	1	223	1.120E-103	334
NP_001191431.1	raXP_015977853.1	0.763	223	52	0	1	220	1	223	1.120E-103	334
NP_001191431.1	raXP_015977848.1	0.763	223	52	0	1	220	68	290	1.120E-103	334
NP_001191431.1	raXP_015977846.1	0.763	223	52	0	1	220	68	290	1.120E-103	334
NP_002955.2	raXP_015981546.1	0.685	89	28	0	1	89	1	89	6.698E-41	145
NP_002977.1	raXP_016018711.1	0.742	97	25	0	1	97	1	97	1.476E-42	150
NP_005399.1	raXP_016018688.1	0.704	98	29	0	1	98	1	98	1.899E-40	144
NP_116739.1	raXP_015978863.2	0.655	93	31	0	1	91	1	93	8.225E-39	139
NP_116741.2	raXP_015978511.1	0.490	110	48	0	1	110	1	96	8.665E-24	97
NP_002167.1	raXP_016015903.2	0.657	187	63	0	1	187	1	185	2.300E-72	241
NP_001193941.1	raXP_015989854.1	0.919	149	12	0	1	149	1	149	1.421E-92	297
NP_002623.2	raXP_015989853.1	0.923	170	13	0	1	170	1	170	9.161E-108	342
NP_443112.2	raXP_016021008.2	0.840	263	42	0	1	263	6	268	2.552E-151	473
NP_000939.1	raXP_016007352.1	0.790	229	47	0	1	227	1	229	7.889E-121	383
NP_001157030.1	raXP_016007352.1	0.790	229	47	0	1	227	1	229	7.889E-121	383
NP_004149.1	raXP_016000731.1	0.730	156	41	0	1	156	1	153	1.654E-69	231
NP_149126.1	raXP_016019158.2	0.909	364	33	0	1	364	1	364	3.163E-234	718
NP_002610.1	raXP_016009496.1	0.722	90	25	0	12	101	16	105	1.335E-37	136
NP_002610.1	raXP_036083759.1	0.725	91	24	0	12	101	16	106	1.335E-37	136
NP_115822.1	raXP_015977426.1	0.958	1139	48	0	1	1139	1	1139	0.000E+00	2578
NP_115821.2	raXP_015996501.2	0.878	1140	127	0	1	1044	1	1140	0.000E+00	2347
NP_001400.3	raXP_015999869.2	0.756	1563	374	0	1	1535	1	1563	0.000E+00	2870
NP_001258867.1	raXP_015985393.2	0.940	2845	167	0	1	2845	60	2851	0.000E+00	5952
XP_005268085.1	raXP_015978049.1	0.956	412	18	0	1	412	1	408	1.661E-274	837
XP_005268085.1	raXP_036094617.1	0.956	412	18	0	1	412	1	408	1.661E-274	837
XP_005268085.1	raXP_036094618.1	0.956	412	18	0	1	412	1	408	1.661E-274	837
NP_000451.1	raXP_015990021.1	0.772	352	80	0	1	352	1	350	5.051E-171	535
NP_001171068.1	raXP_015990022.1	0.770	348	79	0	1	348	1	346	5.534E-168	526
NP_001276926.1	raXP_015990024.1	0.794	282	58	0	1	282	1	282	1.640E-150	472
NP_039254.1	raXP_015991656.2	0.954	462	21	0	1	462	1	462	1.722E-299	912
NP_039256.2	raXP_015991658.2	0.905	422	40	0	1	422	1	418	3.670E-253	776
NP_039258.1	raXP_015991654.2	0.940	640	38	0	1	640	1	639	0.000E+00	1242
NP_004874.1	raXP_016021831.2	0.925	850	64	0	1	850	1	850	0.000E+00	1634
NP_053584.1	raXP_016021832.2	0.924	844	64	0	1	844	1	844	0.000E+00	1620
NP_053586.1	raXP_016021830.2	0.925	852	64	0	1	852	1	852	0.000E+00	1637
NP_001321.1	raXP_015988365.2	0.825	201	35	0	1	201	1	200	6.337E-102	327
NP_002987.1	raXP_016007065.2	0.572	421	169	0	1	397	1	421	1.697E-142	455
NP_001556.2	raXP_016011529.1	0.755	98	24	0	1	98	1	98	5.121E-46	160
NP_005400.1	raXP_016011532.2	0.797	94	19	0	1	94	1	94	8.491E-47	162
NP_000600.1	raXP_016014403.1	0.978	93	2	0	1	93	1	93	2.938E-57	192
NP_066382.1	raXP_016007245.1	0.967	396	13	0	1	396	1	396	2.853E-260	795
NP_002978.1	raXP_016007091.1	0.681	91	29	0	1	91	1	91	9.565E-38	136
NP_001193673.1	raXP_036080092.1	0.697	873	262	0	1	873	1	867	0.000E+00	1305
NP_004741.1	raXP_015987919.1	0.976	422	10	0	1	422	1	421	6.667E-290	882
NP_057274.1	raXP_036091078.1	0.547	421	178	0	1	421	1	394	1.692E-122	402
NP_001191.1	raXP_016001866.1	0.954	396	18	0	1	396	1	395	3.128E-259	792
NP_006410.1	raXP_036083708.1	0.509	104	50	0	1	103	1	104	4.842E-28	109
NP_002080.1	raXP_016009493.2	0.738	107	28	0	1	107	1	107	7.131E-47	163
NP_001390.1	raXP_036082392.1	0.933	391	26	0	1	391	1	387	2.328E-251	769
NP_005851.1	raXP_015982132.2	0.897	263	27	0	1	263	1	262	1.617E-173	537
NP_002160.1	raXP_016015901.1	0.714	189	54	0	1	189	1	189	3.034E-87	284
NP_005969.1	raXP_015996608.1	0.917	97	8	0	1	97	1	97	4.375E-55	186
NP_005969.1	raXP_015996619.1	0.917	97	8	0	1	97	1	97	4.375E-55	186
NP_002951.1	raXP_015997402.2	0.811	101	19	0	1	101	1	101	1.449E-52	179
NP_002952.1	raXP_036090806.1	0.970	101	3	0	1	101	1	101	5.316E-63	209
NP_062427.1	raXP_036090806.1	0.970	101	3	0	1	101	1	101	5.316E-63	209
NP_002953.2	raXP_036090805.1	0.935	93	6	0	1	92	1	93	4.634E-52	177
NP_002953.2	raXP_015995686.1	0.935	93	6	0	1	92	1	93	4.634E-52	177
NP_002953.2	raXP_015995687.1	0.935	93	6	0	1	92	1	93	4.634E-52	177
XP_005245487.1	raXP_015995685.2	0.936	94	6	0	18	110	26	119	4.983E-52	178
XP_005245487.1	raXP_015995685.2	0.936	94	6	0	18	110	26	119	4.983E-52	178
NP_002954.2	raXP_036091182.1	0.673	101	33	0	1	101	1	101	1.319E-45	159
XP_005245488.1	raXP_036091182.1	0.673	101	33	0	1	101	1	101	1.319E-45	159
NP_001954.2	raXP_036083514.1	0.792	1214	251	0	1	1207	1	1214	0.000E+00	2103
NP_149354.1	raXP_015975516.1	0.991	233	2	0	1	233	1	233	2.329E-154	480
NP_149355.1	raXP_015975518.1	1.000	204	0	0	1	204	1	204	1.447E-136	427
NP_002001.1	raXP_016007647.1	0.995	208	1	0	1	208	1	208	2.423E-141	441
NP_689642.3	raXP_016006793.2	0.713	258	73	0	1	258	1	255	6.029E-122	388
NP_004460.1	raXP_015974449.2	0.867	354	47	0	1	354	1	351	2.246E-224	689
NP_002007.1	raXP_036091080.1	0.374	2243	1149	0	1	2243	1	1837	0.000E+00	1152
NP_003003.3	raXP_015982926.1	0.968	314	10	0	1	314	1	314	9.547E-214	656
NP_003004.1	raXP_016000108.1	0.983	295	5	0	1	295	1	294	5.883E-201	618
NP_003005.2	raXP_015993538.2	0.950	346	17	0	1	346	95	440	1.494E-233	715
NP_003006.2	raXP_016019715.1	0.949	317	16	0	1	317	1	315	2.942E-211	649
NP_000184.1	raXP_016016423.2	0.909	462	40	0	1	462	1	443	6.926E-275	841
NP_009044.2	raXP_036091139.1	0.509	1943	737	0	1	1943	1	1501	0.000E+00	1535
NP_000470.2	raXP_016019040.2	0.764	567	130	0	9	560	8	574	9.070E-277	852
NP_001186788.1	raXP_016002924.1	0.965	497	17	0	1	497	1	497	0.000E+00	1023
NP_001112359.1	raXP_015988860.1	0.838	495	80	0	1	495	1	495	1.962E-288	882
NP_001138.1	raXP_015988858.1	0.838	496	80	0	1	496	1	496	4.165E-289	884
NP_057069.1	raXP_016004379.2	0.697	503	151	0	1	503	1	498	1.219E-226	704
NP_004664.1	raXP_015996690.2	0.922	491	38	0	1	491	1	491	1.966E-321	977
NP_004664.1	raXP_015996691.2	0.922	491	38	0	1	491	1	491	1.966E-321	977
NP_004664.1	raXP_015996688.2	0.922	491	38	0	1	491	56	546	1.966E-321	977
NP_004664.1	raXP_015996687.2	0.922	491	38	0	1	491	57	547	1.966E-321	977
NP_004616.2	raXP_015985070.1	0.997	349	1	0	1	349	1	349	8.674E-250	762
NP_006063.1	raXP_016001966.1	0.595	94	38	0	1	94	1	94	4.755E-37	134
NP_006655.1	raXP_015985949.2	0.510	147	51	0	1	105	1	147	2.234E-37	136
NP_683513.1	raXP_016016599.1	0.753	126	30	0	1	126	1	124	5.583E-59	199
NP_005121.1	raXP_015993903.2	0.486	254	120	0	1	234	1	254	9.617E-70	236
NP_005121.1	raXP_015993904.2	0.486	254	120	0	1	234	1	254	9.617E-70	236
NP_000748.3	raXP_016011070.1	0.701	554	165	0	1	554	1	553	1.064E-244	759
XP_006714126.1	raXP_036083708.1	0.509	104	50	0	1	103	1	104	4.842E-28	109
NP_006264.2	raXP_016018710.2	0.693	98	30	0	1	98	1	98	1.992E-40	144
NP_003203.1	raXP_015996739.2	0.752	186	46	0	1	186	1	185	4.015E-92	298
NP_001093161.1	raXP_016016873.1	0.930	159	11	0	1	159	1	159	5.248E-100	319
NP_001243474.1	raXP_015977426.1	0.958	1139	48	0	1	1139	1	1139	0.000E+00	2578
XP_006711409.1	raXP_036091078.1	0.547	421	178	0	1	421	1	394	1.692E-122	402
NP_757350.1	raXP_016011072.1	0.717	256	72	0	1	256	1	255	2.124E-115	369
NP_757351.1	raXP_016011070.1	0.701	554	165	0	1	554	1	553	1.064E-244	759
NP_000749.2	raXP_015973922.1	0.701	144	43	0	1	144	1	144	7.601E-64	214
NP_003859.1	raXP_015993609.1	0.980	207	4	0	1	207	1	207	1.381E-138	433
NP_003858.1	raXP_015997009.1	0.953	216	10	0	1	216	1	216	4.282E-139	435
XP_005273733.1	raXP_015997010.1	0.951	205	10	0	1	205	1	205	2.679E-130	409
NP_003853.1	raXP_016000573.1	0.990	206	2	0	1	206	1	206	6.826E-138	431
NP_005108.1	raXP_036077727.1	0.754	216	53	0	1	216	1	216	1.603E-107	344
NP_001997.5	raXP_016015706.2	0.974	155	4	0	134	288	1	155	3.656E-98	321
NP_062825.1	raXP_015985645.1	0.957	211	9	0	1	211	1	211	3.713E-138	432
NP_061986.1	raXP_015977928.2	0.806	202	39	0	8	209	8	208	3.418E-104	334
XP_005258788.1	raXP_015977928.2	0.806	202	39	0	8	209	8	208	3.418E-104	334
NP_065688.1	raXP_015982130.2	0.796	167	34	0	4	170	4	170	5.135E-89	288
NP_065689.1	raXP_016005625.1	0.700	259	74	0	4	251	93	351	6.958E-117	373
NP_005970.1	raXP_015996695.2	0.795	98	20	0	1	98	1	97	2.298E-46	161
NP_005970.1	raXP_015996703.2	0.795	98	20	0	1	98	1	97	2.298E-46	161
XP_005245491.1	raXP_015996695.2	0.795	98	20	0	1	98	1	97	2.298E-46	161
XP_005245491.1	raXP_015996703.2	0.795	98	20	0	1	98	1	97	2.298E-46	161
NP_065723.1	raXP_036090802.1	0.894	104	11	0	1	103	1	104	5.036E-57	192
NP_065723.1	raXP_036090803.1	0.894	104	11	0	1	103	1	104	5.036E-57	192
NP_065723.1	raXP_015997405.1	0.894	104	11	0	1	103	1	104	5.036E-57	192
XP_005245419.1	raXP_036090802.1	0.894	104	11	0	1	103	1	104	5.036E-57	192
XP_005245419.1	raXP_036090803.1	0.894	104	11	0	1	103	1	104	5.036E-57	192
XP_005245419.1	raXP_015997405.1	0.894	104	11	0	1	103	1	104	5.036E-57	192
XP_006711531.1	raXP_036090802.1	0.894	104	11	0	1	103	1	104	5.036E-57	192
XP_006711531.1	raXP_036090803.1	0.894	104	11	0	1	103	1	104	5.036E-57	192
XP_006711531.1	raXP_015997405.1	0.894	104	11	0	1	103	1	104	5.036E-57	192
NP_525127.1	raXP_015996651.1	0.900	101	10	0	1	101	1	101	2.154E-57	193
NP_525127.1	raXP_036090804.1	0.900	101	10	0	1	101	1	101	2.154E-57	193
NP_525127.1	raXP_015996660.1	0.900	101	10	0	1	101	1	101	2.154E-57	193
XP_005244962.1	raXP_015996651.1	0.900	101	10	0	1	101	1	101	2.154E-57	193
XP_005244962.1	raXP_036090804.1	0.900	101	10	0	1	101	1	101	2.154E-57	193
XP_005244962.1	raXP_015996660.1	0.900	101	10	0	1	101	1	101	2.154E-57	193
XP_005244963.1	raXP_015996651.1	0.900	101	10	0	1	101	1	101	2.154E-57	193
XP_005244963.1	raXP_036090804.1	0.900	101	10	0	1	101	1	101	2.154E-57	193
XP_005244963.1	raXP_015996660.1	0.900	101	10	0	1	101	1	101	2.154E-57	193
NP_004617.2	raXP_016017113.2	0.983	354	6	0	1	354	1	354	2.938E-247	755
NP_004617.2	raXP_036077302.1	0.983	354	6	0	1	354	1	354	2.938E-247	755
NP_004617.2	raXP_036077303.1	0.983	354	6	0	1	354	1	354	2.938E-247	755
XP_005274288.1	raXP_016017113.2	0.983	354	6	0	1	354	1	354	2.938E-247	755
XP_005274288.1	raXP_036077302.1	0.983	354	6	0	1	354	1	354	2.938E-247	755
XP_005274288.1	raXP_036077303.1	0.983	354	6	0	1	354	1	354	2.938E-247	755
NP_476509.1	raXP_015980743.1	0.931	365	25	0	1	365	1	362	6.501E-244	746
NP_647475.1	raXP_016018672.2	0.769	412	94	0	1	406	1	412	1.358E-212	658
NP_835228.2	raXP_015989515.2	0.917	388	32	0	1	388	1	388	4.930E-250	765
NP_114123.2	raXP_016009044.1	0.865	470	62	0	1	470	1	463	3.429E-278	851
NP_066969.1	raXP_016004880.2	0.904	346	33	0	1	346	1	344	1.104E-219	675
NP_001648.1	raXP_036083745.1	0.812	197	37	0	57	252	1	197	4.860E-104	336
NP_001648.1	raXP_036083746.1	0.812	197	37	0	57	252	1	197	4.860E-104	336
NP_001129687.1	raXP_015979186.2	0.813	230	42	0	1	228	4	233	1.318E-115	368
NP_003799.1	raXP_015992568.1	0.860	250	35	0	1	250	1	250	1.322E-143	450
NP_742084.1	raXP_015992569.1	0.858	234	33	0	1	234	1	234	7.187E-134	421
NP_001139117.1	raXP_016000733.1	0.815	270	49	0	1	266	1	270	2.386E-136	430
NP_006564.1	raXP_016000732.1	0.820	289	51	0	1	285	1	289	1.883E-148	466
NP_003798.2	raXP_016000889.1	0.789	241	50	0	1	240	1	241	8.217E-127	401
NP_005109.2	raXP_016007938.1	0.813	256	47	0	1	251	1	256	1.196E-136	430
NP_005083.2	raXP_016002665.2	0.610	177	69	0	23	199	1	177	7.953E-73	243
NP_003317.1	raXP_036090518.1	0.662	181	61	0	1	181	1	181	1.318E-76	253
NP_003317.1	raXP_036090519.1	0.662	181	61	0	1	181	1	181	1.318E-76	253
NP_003317.1	raXP_036090520.1	0.662	181	61	0	1	181	1	181	1.318E-76	253
NP_003317.1	raXP_036090521.1	0.662	181	61	0	1	181	1	181	1.318E-76	253
NP_003317.1	raXP_036090522.1	0.662	181	61	0	1	181	1	181	1.318E-76	253
NP_003317.1	raXP_036090523.1	0.662	181	61	0	1	181	1	181	1.318E-76	253
NP_003317.1	raXP_036090524.1	0.662	181	61	0	1	181	1	181	1.318E-76	253
NP_003317.1	raXP_036090525.1	0.662	181	61	0	1	181	1	181	1.318E-76	253
NP_003317.1	raXP_036090526.1	0.662	181	61	0	1	181	1	181	1.318E-76	253
NP_003317.1	raXP_036090527.1	0.662	181	61	0	1	181	1	181	1.318E-76	253
NP_003317.1	raXP_036090528.1	0.662	181	61	0	1	181	1	181	1.318E-76	253
NP_003317.1	raXP_036090529.1	0.662	181	61	0	1	181	1	181	1.318E-76	253
NP_003317.1	raXP_036090530.1	0.662	181	61	0	1	181	1	181	1.318E-76	253
XP_005245532.1	raXP_016002664.1	0.656	131	45	0	1	131	1	131	1.096E-54	187
NP_001235.1	raXP_016007950.1	0.782	234	51	0	1	234	1	234	2.207E-121	385
NP_004549.1	raXP_036089933.1	0.928	197	14	0	1	197	1	197	3.915E-122	385
NP_004549.1	raXP_016000512.1	0.928	197	14	0	1	197	1	197	3.915E-122	385
NP_004549.1	raXP_016000513.1	0.928	197	14	0	1	197	1	197	3.915E-122	385
NP_004549.1	raXP_016000521.1	0.928	197	14	0	1	197	1	197	3.915E-122	385
NP_001096124.1	raXP_016018396.1	0.966	270	9	0	1	270	1	270	4.147E-175	542
NP_006170.1	raXP_036087677.1	0.895	210	22	0	1	210	1	210	1.210E-124	393
NP_006170.1	raXP_036087678.1	0.895	210	22	0	1	210	1	210	1.210E-124	393
NP_006170.1	raXP_015977821.1	0.895	210	22	0	1	210	1	210	1.210E-124	393
XP_005259019.1	raXP_036087677.1	0.895	210	22	0	1	210	1	210	1.210E-124	393
XP_005259019.1	raXP_036087678.1	0.895	210	22	0	1	210	1	210	1.210E-124	393
XP_005259019.1	raXP_015977821.1	0.895	210	22	0	1	210	1	210	1.210E-124	393
XP_006723295.1	raXP_036087677.1	0.895	210	22	0	1	210	1	210	1.210E-124	393
XP_006723295.1	raXP_036087678.1	0.895	210	22	0	1	210	1	210	1.210E-124	393
XP_006723295.1	raXP_015977821.1	0.895	210	22	0	1	210	1	210	1.210E-124	393
NP_065391.1	raXP_015991044.2	0.569	252	100	0	1	252	1	234	3.844E-80	267
NP_005614.2	raXP_016018683.2	0.757	99	24	0	1	99	45	143	2.412E-46	161
NP_001276926.1	raXP_015990024.1	0.794	282	58	0	1	282	1	282	1.640E-150	472
NP_001276956.1	raXP_015990024.1	0.794	282	58	0	1	282	1	282	1.640E-150	472
NP_000585.2	raXP_015977185.1	0.871	233	30	0	1	233	1	232	9.977E-130	409
NP_003801.1	raXP_016011310.1	0.754	289	69	0	1	281	1	289	6.053E-142	447
NP_003692.1	raXP_016013674.2	0.902	318	31	0	1	317	1	318	2.626E-195	603
NP_143026.1	raXP_036084816.1	0.909	244	22	0	1	244	1	244	2.563E-150	469
NP_003800.1	raXP_015992567.1	0.879	249	30	0	1	249	1	249	6.233E-143	448
XP_006713387.1	raXP_015987167.1	0.994	360	2	0	6	365	1	360	5.223E-255	778
XP_006713387.1	raXP_015987168.1	0.994	360	2	0	6	365	1	360	5.223E-255	778
NP_878248.2	raXP_016000236.2	0.843	450	70	0	1	450	1	445	9.392E-248	762
NP_005251.1	raXP_015973876.2	0.789	454	96	0	1	454	1	454	2.502E-247	761
NP_000505.1	raXP_015997965.1	0.952	212	10	0	1	211	1	212	1.097E-134	422
NP_001177397.1	raXP_015997965.1	0.952	212	10	0	18	228	1	212	2.442E-134	422
NP_001177398.1	raXP_036081758.1	0.946	186	10	0	18	202	1	186	1.770E-116	369
NP_954701.1	raXP_036081758.1	0.946	186	10	0	1	185	1	186	7.924E-117	369
XP_006716019.1	raXP_036086193.1	0.931	730	50	0	1	728	1	730	0.000E+00	1535
XP_006716019.1	raXP_015982765.2	0.931	730	50	0	1	728	1	730	0.000E+00	1535
NP_001519.1	raXP_015979710.2	0.767	666	152	0	1	655	1	666	0.000E+00	1115
NP_000591.1	raXP_036086296.1	0.608	212	81	0	1	212	29	235	9.768E-77	255
NP_000871.1	raXP_036088671.1	0.648	179	62	0	1	177	55	233	1.609E-71	238
NP_000581.1	raXP_015993122.1	0.724	138	38	0	1	138	1	138	6.898E-65	217
NP_002182.1	raXP_016012283.2	0.813	364	68	0	3	366	5	367	3.225E-200	620
NP_002183.1	raXP_036086926.1	0.943	426	24	0	1	426	1	426	4.909E-278	848
NP_002183.1	raXP_036086927.1	0.943	426	24	0	1	426	1	426	4.909E-278	848
NP_002184.2	raXP_015983065.1	0.975	407	10	0	1	407	1	407	6.896E-282	858
NP_005529.1	raXP_015983236.2	0.829	352	60	0	1	352	1	351	3.220E-193	599
NP_113667.1	raXP_015983235.2	0.846	351	54	0	1	350	1	351	1.859E-198	614
NP_000198.1	raXP_016005239.1	0.758	112	26	0	1	110	1	112	1.110E-51	177
NP_001172026.1	raXP_016005239.1	0.758	112	26	0	1	110	1	112	1.110E-51	177
NP_001172027.1	raXP_016005239.1	0.758	112	26	0	1	110	1	112	1.110E-51	177
NP_001278826.1	raXP_016005239.1	0.758	112	26	0	1	110	1	112	1.110E-51	177
NP_005534.2	raXP_016022368.2	0.679	131	42	0	1	131	1	131	2.014E-55	189
NP_005469.2	raXP_015976331.2	0.696	135	41	0	1	135	1	135	1.090E-55	190
NP_003382.1	raXP_015990960.2	0.947	360	19	0	1	360	1	360	3.551E-248	758
NP_001278809.1	raXP_015979803.2	0.989	299	3	0	1	299	1	299	2.114E-214	657
NP_078613.1	raXP_015979804.1	0.964	393	14	0	1	391	1	393	2.187E-269	821
NP_110380.1	raXP_015995309.1	0.991	355	3	0	1	355	1	355	2.707E-257	784
NP_149122.1	raXP_015997867.1	0.940	352	21	0	1	352	1	352	5.114E-240	734
NP_110388.2	raXP_016004764.1	1.000	351	0	0	1	351	1	351	3.368E-244	746
XP_005245954.1	raXP_016004765.1	1.000	296	0	0	1	296	1	296	1.445E-208	640
NP_001243034.1	raXP_015987167.1	0.994	360	2	0	6	365	1	360	5.223E-255	778
NP_001243034.1	raXP_015987168.1	0.994	360	2	0	6	365	1	360	5.223E-255	778
NP_003383.2	raXP_015987167.1	0.994	360	2	0	21	380	1	360	1.056E-254	778
NP_003383.2	raXP_015987168.1	0.994	360	2	0	21	380	1	360	1.056E-254	778
NP_001137281.1	raXP_036076939.1	0.980	255	5	0	22	276	107	361	1.947E-169	526
NP_001137282.1	raXP_036076939.1	0.980	255	5	0	75	329	107	361	2.241E-168	526
NP_005238.1	raXP_015988224.2	0.881	218	25	0	1	215	1	218	4.254E-125	396
NP_001998.1	raXP_015988340.2	0.907	206	19	0	1	206	1	206	5.447E-123	388
XP_006718538.1	raXP_015988340.2	0.907	206	19	0	1	206	1	206	5.447E-123	388
NP_004455.2	raXP_016011650.2	0.918	269	22	0	1	268	1	269	9.600E-165	512
NP_066276.2	raXP_016005623.1	0.956	208	9	0	1	208	1	208	1.389E-130	410
NP_002000.1	raXP_036094638.1	0.948	194	10	0	1	194	1	194	1.044E-126	398
NP_006110.1	raXP_015975517.1	1.000	215	0	0	1	215	1	215	5.661E-144	449
NP_149353.1	raXP_015975515.1	0.991	244	2	0	1	244	1	244	2.030E-161	501
NP_001191432.1	raXP_015977851.1	0.763	223	52	0	1	220	1	223	1.120E-103	334
NP_001191432.1	raXP_015977852.1	0.763	223	52	0	1	220	1	223	1.120E-103	334
NP_001191432.1	raXP_015977853.1	0.763	223	52	0	1	220	1	223	1.120E-103	334
NP_001191432.1	raXP_015977848.1	0.763	223	52	0	1	220	68	290	1.120E-103	334
NP_001191432.1	raXP_015977846.1	0.763	223	52	0	1	220	68	290	1.120E-103	334
NP_001450.2	raXP_015977851.1	0.763	223	52	0	1	220	1	223	1.120E-103	334
NP_001450.2	raXP_015977852.1	0.763	223	52	0	1	220	1	223	1.120E-103	334
NP_001450.2	raXP_015977853.1	0.763	223	52	0	1	220	1	223	1.120E-103	334
NP_001450.2	raXP_015977848.1	0.763	223	52	0	1	220	68	290	1.120E-103	334
NP_001450.2	raXP_015977846.1	0.763	223	52	0	1	220	68	290	1.120E-103	334
XP_006723180.1	raXP_015977849.1	0.752	205	50	0	1	202	68	272	6.191E-93	302
XP_006723180.1	raXP_015977847.1	0.752	205	50	0	1	202	68	272	6.191E-93	302
NP_001454.2	raXP_016005266.2	0.975	325	8	0	1	325	1	325	1.693E-221	679
NP_006341.1	raXP_015997852.1	0.977	317	7	0	1	317	1	317	6.052E-229	700
NP_037541.1	raXP_015997849.1	0.979	344	7	0	1	344	1	344	8.246E-248	756
NP_009016.1	raXP_016014327.2	0.967	308	10	0	1	308	55	360	5.155E-209	642
NP_000790.2	raXP_015980191.1	0.829	193	33	0	1	193	1	193	2.869E-98	316
NP_001423.1	raXP_016009515.2	0.751	169	42	0	1	169	109	277	7.184E-85	276
NP_000630.1	raXP_016002662.2	0.882	281	33	0	1	281	1	281	1.544E-174	541
NP_000791.1	raXP_036080605.1	0.948	155	8	0	1	155	1	155	8.751E-101	321
NP_000791.1	raXP_036080606.1	0.948	155	8	0	1	155	1	155	8.751E-101	321
NP_000791.1	raXP_036080607.1	0.948	155	8	0	1	155	1	155	8.751E-101	321
NP_000791.1	raXP_036080608.1	0.948	155	8	0	1	155	1	155	8.751E-101	321
NP_000791.1	raXP_036080609.1	0.948	155	8	0	1	155	1	155	8.751E-101	321
NP_001138364.1	raXP_036080605.1	0.948	155	8	0	1	155	1	155	8.751E-101	321
NP_001138364.1	raXP_036080606.1	0.948	155	8	0	1	155	1	155	8.751E-101	321
NP_001138364.1	raXP_036080607.1	0.948	155	8	0	1	155	1	155	8.751E-101	321
NP_001138364.1	raXP_036080608.1	0.948	155	8	0	1	155	1	155	8.751E-101	321
NP_001138364.1	raXP_036080609.1	0.948	155	8	0	1	155	1	155	8.751E-101	321
NP_001138406.1	raXP_036080605.1	0.948	155	8	0	1	155	1	155	8.751E-101	321
NP_001138406.1	raXP_036080606.1	0.948	155	8	0	1	155	1	155	8.751E-101	321
NP_001138406.1	raXP_036080607.1	0.948	155	8	0	1	155	1	155	8.751E-101	321
NP_001138406.1	raXP_036080608.1	0.948	155	8	0	1	155	1	155	8.751E-101	321
NP_001138406.1	raXP_036080609.1	0.948	155	8	0	1	155	1	155	8.751E-101	321
NP_001138407.1	raXP_036080605.1	0.948	155	8	0	1	155	1	155	8.751E-101	321
NP_001138407.1	raXP_036080606.1	0.948	155	8	0	1	155	1	155	8.751E-101	321
NP_001138407.1	raXP_036080607.1	0.948	155	8	0	1	155	1	155	8.751E-101	321
NP_001138407.1	raXP_036080608.1	0.948	155	8	0	1	155	1	155	8.751E-101	321
NP_001138407.1	raXP_036080609.1	0.948	155	8	0	1	155	1	155	8.751E-101	321
NP_001244134.1	raXP_036080605.1	0.948	155	8	0	1	155	1	155	8.751E-101	321
NP_001244134.1	raXP_036080606.1	0.948	155	8	0	1	155	1	155	8.751E-101	321
NP_001244134.1	raXP_036080607.1	0.948	155	8	0	1	155	1	155	8.751E-101	321
NP_001244134.1	raXP_036080608.1	0.948	155	8	0	1	155	1	155	8.751E-101	321
NP_001244134.1	raXP_036080609.1	0.948	155	8	0	1	155	1	155	8.751E-101	321
NP_001244136.1	raXP_036080605.1	0.948	155	8	0	1	155	1	155	8.751E-101	321
NP_001244136.1	raXP_036080606.1	0.948	155	8	0	1	155	1	155	8.751E-101	321
NP_001244136.1	raXP_036080607.1	0.948	155	8	0	1	155	1	155	8.751E-101	321
NP_001244136.1	raXP_036080608.1	0.948	155	8	0	1	155	1	155	8.751E-101	321
NP_001244136.1	raXP_036080609.1	0.948	155	8	0	1	155	1	155	8.751E-101	321
NP_055297.1	raXP_015993352.1	0.891	424	46	0	1	424	1	424	1.048E-259	795
NP_996890.1	raXP_036079026.1	0.902	92	9	0	1	92	1	92	2.080E-52	178
NP_996890.1	raXP_036079026.1	0.902	92	9	0	1	92	1	92	2.080E-52	178
XP_005262278.1	raXP_036082819.1	0.947	459	24	0	1	458	4	462	2.500E-319	969
XP_005262278.1	raXP_036082818.1	0.947	459	24	0	1	458	21	479	2.500E-319	969
XP_005262278.1	raXP_036082813.1	0.947	459	24	0	1	458	69	527	2.500E-319	969
XP_005262279.1	raXP_036082814.1	0.947	458	24	0	1	457	69	526	1.177E-318	967
NP_001265402.1	raXP_016016977.2	0.874	429	54	0	1	429	1	429	1.144E-278	850
NP_056239.3	raXP_016016975.2	0.882	452	53	0	1	451	1	452	3.624E-294	896
NP_001159684.1	raXP_015987937.1	0.972	215	6	0	1	215	1	215	5.150E-145	452
NP_037378.1	raXP_015987927.2	0.973	225	6	0	1	225	56	280	1.924E-152	474
NP_000605.1	raXP_015974496.2	0.845	200	31	0	1	200	1	200	2.352E-112	357
NP_001873.2	raXP_015983266.1	0.909	322	29	0	1	322	1	322	3.513E-203	626
NP_001244138.1	raXP_036080605.1	0.948	155	8	0	1	155	1	155	8.751E-101	321
NP_001244138.1	raXP_036080606.1	0.948	155	8	0	1	155	1	155	8.751E-101	321
NP_001244138.1	raXP_036080607.1	0.948	155	8	0	1	155	1	155	8.751E-101	321
NP_001244138.1	raXP_036080608.1	0.948	155	8	0	1	155	1	155	8.751E-101	321
NP_001244138.1	raXP_036080609.1	0.948	155	8	0	1	155	1	155	8.751E-101	321
NP_001244139.1	raXP_036080605.1	0.948	155	8	0	1	155	1	155	8.751E-101	321
NP_001244139.1	raXP_036080606.1	0.948	155	8	0	1	155	1	155	8.751E-101	321
NP_001244139.1	raXP_036080607.1	0.948	155	8	0	1	155	1	155	8.751E-101	321
NP_001244139.1	raXP_036080608.1	0.948	155	8	0	1	155	1	155	8.751E-101	321
NP_001244139.1	raXP_036080609.1	0.948	155	8	0	1	155	1	155	8.751E-101	321
NP_149127.1	raXP_036080612.1	0.933	60	4	0	1	60	1	60	4.871E-36	129
NP_149128.1	raXP_036080611.1	0.946	56	3	0	1	56	1	56	1.277E-33	122
NP_004456.1	raXP_016016604.1	0.962	213	8	0	1	208	1	213	1.198E-140	439
XP_005248321.1	raXP_016016604.1	0.962	213	8	0	1	208	1	213	1.198E-140	439
NP_004103.1	raXP_015997629.1	0.968	225	7	0	1	225	1	225	1.675E-145	454
NP_004104.3	raXP_015991827.1	1.000	181	0	0	1	181	1	181	2.211E-120	379
NP_110402.2	raXP_015981472.1	0.941	359	21	0	1	359	1	358	1.312E-241	739
NP_110402.2	raXP_036091874.1	0.941	359	21	0	1	359	123	480	1.312E-241	739
NP_116031.1	raXP_015981472.1	0.941	359	21	0	1	359	1	358	1.312E-241	739
NP_116031.1	raXP_036091874.1	0.941	359	21	0	1	359	123	480	1.312E-241	739
NP_006513.1	raXP_016012365.1	0.958	365	15	0	1	365	1	365	3.733E-250	764
NP_478679.1	raXP_015991190.1	0.994	349	2	0	1	349	1	349	9.518E-249	759
NP_490645.1	raXP_036080542.1	0.894	350	37	0	1	350	48	397	2.576E-221	680
NP_003384.2	raXP_015979746.2	0.996	322	1	0	30	351	1	322	1.480E-227	698
NP_001188288.1	raXP_036089687.1	0.566	150	64	0	1	148	1	150	4.925E-46	163
NP_001188288.1	raXP_036089686.1	0.566	150	64	0	1	148	22	171	4.925E-46	163
NP_001188288.1	raXP_016018655.1	0.566	150	64	0	1	148	22	171	4.925E-46	163
NP_001188288.1	raXP_016018656.1	0.566	150	64	0	1	148	22	171	4.925E-46	163
NP_001188288.1	raXP_016018654.2	0.566	150	64	0	1	148	78	227	4.925E-46	163
NP_001188288.1	raXP_016018653.1	0.566	150	64	0	1	148	86	235	4.925E-46	163
NP_001001437.2	raXP_015992654.2	0.774	93	21	0	1	93	1	93	8.955E-46	159
NP_000506.2	raXP_015984836.1	0.688	217	67	0	1	217	1	216	5.642E-94	305
NP_001276927.1	raXP_015990021.1	0.772	352	80	0	1	352	1	350	5.051E-171	535
NP_001276932.1	raXP_015990021.1	0.772	352	80	0	141	492	1	350	2.164E-168	535
NP_001276951.1	raXP_015990022.1	0.770	348	79	0	1	348	1	346	5.534E-168	526
NP_001276956.1	raXP_015990024.1	0.794	282	58	0	1	282	1	282	1.640E-150	472
NP_001165095.1	raXP_036074329.1	0.939	215	13	0	1	215	1	214	3.076E-142	444
NP_001165096.1	raXP_015984226.1	0.942	209	12	0	1	209	1	208	3.377E-138	432
NP_001165097.1	raXP_015984227.1	0.937	191	12	0	1	191	1	190	2.012E-126	397
NP_001165099.1	raXP_015984228.1	0.918	147	12	0	1	147	1	146	2.872E-92	296
NP_783165.1	raXP_015989231.1	0.942	576	33	0	1	576	1	575	0.000E+00	1180
NP_009122.2	raXP_015995397.1	0.947	379	20	0	1	379	1	379	1.801E-265	809
NP_005421.1	raXP_016007344.1	0.991	370	3	0	1	370	1	370	1.556E-262	800
NP_079492.2	raXP_016012150.2	0.947	417	22	0	1	417	1	417	2.036E-283	863
NP_003385.2	raXP_016007341.1	0.971	389	11	0	1	389	1	389	1.816E-270	824
NP_003385.2	raXP_016007342.1	0.971	389	11	0	1	389	1	389	1.816E-270	824
NP_066286.1	raXP_015992654.2	0.774	93	21	0	1	93	1	93	8.955E-46	159
NP_002975.1	raXP_036079026.1	0.891	92	10	0	1	92	1	92	2.080E-52	178
NP_996890.1	raXP_036079026.1	0.902	92	9	0	1	92	1	92	2.080E-52	178
NP_071920.1	raXP_036089416.1	0.964	700	25	0	1	700	1	700	0.000E+00	1462
NP_002972.1	raXP_016018682.2	0.483	93	47	0	1	92	1	93	1.817E-24	98
NP_001936.1	raXP_036080552.1	0.860	208	29	0	1	208	1	208	4.743E-117	371
NP_005325.2	raXP_016014309.2	0.933	2047	136	0	1	2035	1	2047	0.000E+00	3847
XP_006724879.1	raXP_016014306.2	0.932	2091	141	0	1	2079	1	2091	0.000E+00	3922
XP_006724878.1	raXP_016014305.2	0.932	2092	141	0	1	2080	1	2092	0.000E+00	3924
NP_037452.1	raXP_015982523.2	0.949	792	40	0	1	792	1	792	0.000E+00	1592
NP_000592.3	raXP_036086193.1	0.931	730	50	0	1	728	1	730	0.000E+00	1535
NP_000592.3	raXP_015982765.2	0.931	730	50	0	1	728	1	730	0.000E+00	1535
NP_001010932.1	raXP_015982766.2	0.931	725	50	0	1	723	1	725	0.000E+00	1525
NP_002816.1	raXP_015978368.1	0.976	168	4	0	1	168	1	168	2.550E-112	355
XP_005250572.1	raXP_015978368.1	0.976	168	4	0	1	168	1	168	2.550E-112	355
NP_001116437.1	raXP_015981528.2	0.549	784	301	0	1	784	1	668	1.363E-252	794
NP_006262.1	raXP_015996718.1	0.978	94	2	0	1	94	1	94	6.877E-57	191
NP_006262.1	raXP_015996727.1	0.978	94	2	0	1	94	1	94	6.877E-57	191
NP_006262.1	raXP_015996730.1	0.978	94	2	0	1	94	1	94	6.877E-57	191
NP_002957.1	raXP_015981564.1	0.989	97	1	0	1	97	1	97	4.825E-62	206
NP_002957.1	raXP_015981565.1	0.989	97	1	0	1	97	1	97	4.825E-62	206
NP_005611.1	raXP_015981563.1	0.865	97	13	0	1	97	1	97	8.730E-52	177
NP_005612.1	raXP_036091158.1	0.739	92	24	0	1	92	1	92	7.071E-40	142
NP_005612.1	raXP_036091159.1	0.739	92	24	0	1	92	1	92	7.071E-40	142
NP_001019381.1	raXP_015996695.2	0.795	98	20	0	1	98	1	97	2.298E-46	161
NP_001019381.1	raXP_015996703.2	0.795	98	20	0	1	98	1	97	2.298E-46	161
NP_001019383.1	raXP_015996695.2	0.795	98	20	0	1	98	1	97	2.298E-46	161
NP_001019383.1	raXP_015996703.2	0.795	98	20	0	1	98	1	97	2.298E-46	161
NP_001019384.1	raXP_015996695.2	0.795	98	20	0	1	98	1	97	2.298E-46	161
NP_001019384.1	raXP_015996703.2	0.795	98	20	0	1	98	1	97	2.298E-46	161
NP_001244137.1	raXP_036080605.1	0.948	155	8	0	1	155	1	155	8.751E-101	321
NP_001244137.1	raXP_036080606.1	0.948	155	8	0	1	155	1	155	8.751E-101	321
NP_001244137.1	raXP_036080607.1	0.948	155	8	0	1	155	1	155	8.751E-101	321
NP_001244137.1	raXP_036080608.1	0.948	155	8	0	1	155	1	155	8.751E-101	321
NP_001244137.1	raXP_036080609.1	0.948	155	8	0	1	155	1	155	8.751E-101	321
NP_001073966.2	raXP_016011440.2	0.855	602	87	0	1	602	1	599	0.000E+00	1109
NP_066278.3	raXP_016005437.2	0.861	724	100	0	1	724	1	722	0.000E+00	1417
NP_066278.3	raXP_016005438.2	0.861	724	100	0	1	724	1	722	0.000E+00	1417
NP_005250.1	raXP_016002878.1	0.978	375	8	0	1	375	1	375	3.126E-257	785
NP_002497.2	raXP_015979895.2	0.841	246	38	0	1	241	1	246	1.523E-137	432
NP_001137.2	raXP_016002923.1	0.965	498	17	0	1	498	1	498	0.000E+00	1026
XP_005245634.1	raXP_015996690.2	0.922	491	38	0	1	491	1	491	1.966E-321	977
XP_005245634.1	raXP_015996691.2	0.922	491	38	0	1	491	1	491	1.966E-321	977
XP_005245634.1	raXP_015996688.2	0.922	491	38	0	1	491	56	546	1.966E-321	977
XP_005245634.1	raXP_015996687.2	0.922	491	38	0	1	491	57	547	1.966E-321	977
NP_036230.1	raXP_015987189.2	0.957	493	21	0	1	493	1	493	0.000E+00	1022
NP_036230.1	raXP_036074200.1	0.957	493	21	0	1	493	1	493	0.000E+00	1022
NP_795372.1	raXP_036073636.1	0.793	189	39	0	1	189	1	189	1.399E-96	312
NP_795372.1	raXP_036073637.1	0.793	189	39	0	1	189	1	189	1.399E-96	312
NP_000610.2	raXP_016003963.1	0.621	164	62	0	1	164	2	165	4.640E-63	213
NP_064509.2	raXP_016011759.1	0.682	207	64	0	1	207	1	201	1.270E-88	289
NP_002168.1	raXP_016015902.2	0.556	185	82	0	1	185	1	185	3.399E-63	215
NP_000609.1	raXP_015982542.1	0.973	153	4	0	1	153	1	153	1.768E-100	320
NP_001104754.1	raXP_015982543.1	0.963	137	5	0	1	137	1	137	2.615E-88	284
NP_001104755.1	raXP_015982541.1	0.960	150	6	0	1	150	1	150	7.693E-97	312
NP_001104753.1	raXP_015982541.1	0.960	150	6	0	1	150	1	150	1.349E-97	312
NP_000603.1	raXP_036077103.1	0.811	186	34	0	1	180	1	186	7.030E-99	317
NP_001007140.2	raXP_036077103.1	0.811	186	34	0	1	180	1	186	7.030E-99	317
NP_001153471.1	raXP_015991648.2	0.946	612	33	0	13	624	245	855	0.000E+00	1197
NP_001020538.2	raXP_015984226.1	0.942	209	12	0	181	389	1	208	1.082E-134	432
NP_001020539.2	raXP_015984227.1	0.937	191	12	0	181	371	1	190	6.362E-123	397
NP_001020541.2	raXP_015984228.1	0.918	147	12	0	181	327	1	146	8.057E-89	296
XP_006714871.1	raXP_016021835.1	0.824	716	114	0	1	647	1	716	0.000E+00	1217
NP_000651.3	raXP_015991163.1	0.902	390	38	0	1	390	1	390	3.857E-245	751
NP_001129071.1	raXP_016020553.2	0.950	442	22	0	1	442	1	442	6.360E-292	889
NP_003229.1	raXP_016020554.2	0.954	414	19	0	1	414	1	414	3.695E-275	839
NP_003230.1	raXP_015978049.1	0.956	412	18	0	1	412	1	408	1.661E-274	837
NP_003230.1	raXP_036094617.1	0.956	412	18	0	1	412	1	408	1.661E-274	837
NP_003230.1	raXP_036094618.1	0.956	412	18	0	1	412	1	408	1.661E-274	837
