NP_996890.1	rfXP_032947688.1	0.880	92	11	0	1	92	1	92	8.320E-52	176
NP_002976.2	rfXP_032946746.1	0.835	91	15	0	1	91	1	91	2.163E-49	169
NP_001020538.2	rfXP_032952374.1	0.942	209	12	0	181	389	1	208	3.932E-135	433
NP_001020539.2	rfXP_032952381.1	0.937	191	12	0	181	371	1	190	2.313E-123	398
NP_001020541.2	rfXP_032952390.1	0.918	147	12	0	181	327	1	146	2.932E-89	297
NP_000470.2	rfXP_032990275.1	0.770	568	129	0	1	560	1	568	9.520E-283	869
NP_001137.2	rfXP_032982723.1	0.963	498	18	0	1	498	1	498	0.000E+00	1022
NP_001186788.1	rfXP_032982724.1	0.963	497	18	0	1	497	1	497	0.000E+00	1020
NP_001112359.1	rfXP_032960378.1	0.911	495	44	0	1	495	1	495	1.784E-313	954
NP_001132970.1	rfXP_032973909.1	0.989	199	2	0	1	199	1	199	7.299E-131	410
XP_005245436.1	rfXP_032949962.1	0.950	783	39	0	1	783	1	783	0.000E+00	1578
NP_001244139.1	rfXP_032951947.1	0.961	155	6	0	1	155	1	155	3.169E-101	322
NP_001244139.1	rfXP_032951948.1	0.961	155	6	0	1	155	1	155	3.169E-101	322
NP_001244139.1	rfXP_032951949.1	0.961	155	6	0	1	155	1	155	3.169E-101	322
NP_001244139.1	rfXP_032951950.1	0.961	155	6	0	1	155	1	155	3.169E-101	322
NP_001244139.1	rfXP_032951951.1	0.961	155	6	0	1	155	1	155	3.169E-101	322
NP_001244139.1	rfXP_032951952.1	0.961	155	6	0	1	155	1	155	3.169E-101	322
NP_001244139.1	rfXP_032951945.1	0.961	155	6	0	1	155	1	155	3.169E-101	322
NP_066286.1	rfXP_032947686.1	0.688	93	29	0	1	93	1	93	2.682E-40	143
NP_757373.1	rfXP_032946912.1	0.810	195	37	0	10	204	1	195	2.899E-101	325
NP_065723.1	rfXP_032949717.1	0.912	103	9	0	1	103	1	103	3.321E-59	198
NP_795372.1	rfXP_032979986.1	0.761	189	45	0	1	189	1	189	3.021E-94	305
NP_775270.1	rfXP_032956859.1	0.645	155	55	0	3	157	4	158	4.558E-65	218
NP_000568.1	rfXP_032956874.1	0.784	158	34	0	1	158	1	158	3.985E-84	273
NP_776213.1	rfXP_032956873.1	0.787	155	33	0	25	179	19	173	5.245E-83	271
NP_776214.1	rfXP_032956872.1	0.772	176	40	0	1	176	1	176	4.743E-91	294
XP_005269501.1	rfXP_032987312.1	0.938	725	45	0	1	720	1	725	0.000E+00	1395
NP_004549.1	rfXP_032989369.1	0.923	197	15	0	1	197	1	197	3.813E-120	379
NP_004549.1	rfXP_032989370.1	0.923	197	15	0	1	197	1	197	3.813E-120	379
NP_004549.1	rfXP_032989371.1	0.923	197	15	0	1	197	1	197	3.813E-120	379
NP_004549.1	rfXP_032989373.1	0.923	197	15	0	1	197	1	197	3.813E-120	379
NP_001096124.1	rfXP_032973419.1	0.962	270	10	0	1	270	1	270	8.152E-174	538
NP_002518.1	rfXP_032973420.1	0.964	257	9	0	1	257	1	257	8.506E-167	517
NP_002518.1	rfXP_032973421.1	0.964	257	9	0	1	257	1	257	8.506E-167	517
NP_006170.1	rfXP_032984523.1	0.904	210	20	0	1	210	1	210	3.631E-127	400
XP_005259019.1	rfXP_032984523.1	0.904	210	20	0	1	210	1	210	3.631E-127	400
XP_006723295.1	rfXP_032984523.1	0.904	210	20	0	1	210	1	210	3.631E-127	400
NP_065391.1	rfXP_032953144.1	0.612	252	91	0	1	252	1	235	2.579E-91	299
NP_004455.2	rfXP_032962187.1	0.914	268	23	0	1	268	1	268	1.719E-164	511
NP_149134.1	rfXP_032962189.1	0.870	123	16	0	1	123	1	123	9.247E-66	218
NP_066276.2	rfXP_032973783.1	0.913	208	18	0	1	208	1	208	1.973E-124	392
NP_002000.1	rfXP_032963955.1	0.958	194	8	0	1	194	1	194	6.955E-129	404
NP_006110.1	rfXP_032986792.1	1.000	215	0	0	1	215	1	215	4.560E-144	449
NP_149353.1	rfXP_032986790.1	0.987	244	3	0	1	244	1	244	3.636E-161	500
NP_071920.1	rfXP_032990529.1	0.977	700	16	0	1	700	1	700	0.000E+00	1474
NP_570128.2	rfXP_032965908.1	0.797	99	20	0	1	99	1	99	1.756E-47	164
NP_001010932.1	rfXP_032944792.1	0.929	724	51	0	1	722	1	724	0.000E+00	1525
NP_001193673.1	rfXP_032980115.1	0.762	916	217	0	1	916	1	912	0.000E+00	1504
NP_004581.1	rfXP_032947653.1	0.644	107	38	0	1	107	1	107	1.579E-42	151
XP_005258077.1	rfXP_032947653.1	0.644	107	38	0	1	107	1	107	1.579E-42	151
XP_006725397.1	rfXP_032947653.1	0.644	107	38	0	1	107	1	107	1.579E-42	151
NP_002978.1	rfXP_032983835.1	0.677	93	30	0	1	93	1	93	6.274E-40	142
NP_002978.1	rfXP_032983836.1	0.677	93	30	0	1	93	1	93	6.274E-40	142
NP_002978.1	rfXP_032983837.1	0.677	93	30	0	1	93	1	93	6.274E-40	142
NP_000790.2	rfXP_032965920.1	0.818	192	35	0	2	193	85	275	3.374E-94	304
NP_001423.1	rfXP_032961156.1	0.845	155	24	0	15	169	9	163	8.780E-89	287
NP_001423.1	rfXP_032961157.1	0.845	155	24	0	15	169	9	163	8.780E-89	287
NP_001136016.1	rfXP_032957623.1	0.840	200	31	0	1	200	1	195	2.409E-101	325
NP_001321.1	rfXP_032957622.1	0.840	201	31	0	1	201	1	196	5.105E-102	327
NP_002987.1	rfXP_032983838.1	0.559	397	167	0	1	397	1	380	5.754E-125	404
NP_001556.2	rfXP_032962014.1	0.734	98	26	0	1	98	1	98	1.127E-43	153
NP_005400.1	rfXP_032962016.1	0.747	94	24	0	1	94	1	94	2.814E-40	143
NP_001029058.1	rfXP_032985878.1	0.890	119	13	0	1	119	1	119	5.674E-69	227
NP_001400.3	rfXP_032971845.1	0.773	1575	347	0	1	1531	41	1615	0.000E+00	2915
NP_001258867.1	rfXP_032983168.1	0.943	2845	159	0	1	2845	1	2789	0.000E+00	5964
NP_001165095.1	rfXP_032952366.1	0.944	215	12	0	1	215	1	214	2.254E-143	447
NP_001165096.1	rfXP_032952374.1	0.942	209	12	0	1	209	1	208	1.223E-138	433
NP_001165097.1	rfXP_032952381.1	0.937	191	12	0	1	191	1	190	7.290E-127	398
NP_001165099.1	rfXP_032952390.1	0.918	147	12	0	1	147	1	146	1.040E-92	297
NP_110402.2	rfXP_032973773.1	0.924	359	27	0	1	359	26	383	1.394E-238	730
NP_116031.1	rfXP_032973773.1	0.924	359	27	0	1	359	26	383	1.394E-238	730
NP_004616.2	rfXP_032988806.1	0.991	349	3	0	1	349	1	349	7.667E-249	759
XP_005272133.1	rfXP_032952663.1	0.859	369	52	0	1	368	1	369	9.697E-222	682
NP_003384.2	rfXP_032986696.1	0.982	351	6	0	1	351	1	351	2.713E-244	746
XP_006715796.1	rfXP_032952547.1	0.878	197	24	0	1	197	1	197	5.832E-114	362
XP_006715796.1	rfXP_032952551.1	0.878	197	24	0	1	197	1	197	5.832E-114	362
NP_002599.1	rfXP_032973915.1	0.929	241	17	0	1	241	1	241	1.633E-151	472
NP_057289.1	rfXP_032991375.1	0.953	345	16	0	1	345	1	345	1.382E-231	709
NP_057289.1	rfXP_032991376.1	0.953	345	16	0	1	345	1	345	1.382E-231	709
NP_079484.1	rfXP_032977430.1	0.927	370	27	0	1	370	1	370	7.960E-242	740
NP_149126.1	rfXP_032977431.1	0.925	364	27	0	1	364	1	364	8.697E-238	728
NP_002610.1	rfXP_032961191.1	0.716	106	28	0	1	101	1	106	1.766E-40	144
XP_006723180.1	rfXP_032983048.1	0.759	204	48	0	1	202	17	220	2.045E-94	306
NP_001454.2	rfXP_032968872.1	0.975	325	8	0	1	325	1	325	1.643E-219	673
NP_006341.1	rfXP_032967163.1	0.984	317	5	0	1	317	1	317	9.872E-230	702
NP_037541.1	rfXP_032967161.1	0.985	344	5	0	1	344	1	344	1.345E-248	758
NP_009016.1	rfXP_032989092.1	0.977	308	7	0	1	308	2	307	7.662E-211	647
NP_005851.1	rfXP_032991227.1	0.874	263	33	0	1	263	1	262	4.210E-169	524
NP_001483.3	rfXP_032989524.1	0.799	372	74	0	1	372	1	371	5.895E-194	602
NP_004953.1	rfXP_032985600.1	0.864	478	64	0	1	478	1	475	4.366E-277	848
NP_005802.1	rfXP_032972681.1	0.982	407	7	0	1	407	1	405	7.325E-279	849
XP_006719256.1	rfXP_032972681.1	0.982	407	7	0	1	407	1	405	7.325E-279	849
XP_006719257.1	rfXP_032972681.1	0.982	407	7	0	1	407	1	405	7.325E-279	849
NP_004855.2	rfXP_032989928.1	0.590	295	121	0	14	308	1	295	2.419E-110	357
NP_057288.1	rfXP_032985731.1	0.830	431	73	0	1	429	1	431	4.566E-243	747
NP_065685.1	rfXP_032974162.1	0.810	364	69	0	1	364	1	364	8.894E-203	627
NP_000548.2	rfXP_032950856.1	0.966	501	17	0	1	501	1	499	0.000E+00	1022
NP_001001557.1	rfXP_032982360.1	0.889	461	50	0	1	455	1	461	5.691E-280	855
NP_002179.2	rfXP_032951489.1	0.640	142	47	0	15	146	1	142	1.169E-49	173
NP_000576.1	rfXP_032991382.1	0.808	162	31	0	1	162	1	162	1.124E-82	269
NP_665905.2	rfXP_032947685.1	0.443	112	61	0	1	110	1	112	8.552E-25	100
NP_005615.2	rfXP_032990482.1	0.560	150	65	0	1	149	1	150	6.924E-49	171
NP_006063.1	rfXP_032966819.1	0.559	93	41	0	1	93	1	93	1.433E-31	118
NP_006655.1	rfXP_032979195.1	0.758	112	27	0	1	112	1	111	1.087E-50	174
NP_683513.1	rfXP_032966719.1	0.771	127	29	0	1	127	1	127	5.549E-65	216
NP_001001437.2	rfXP_032947686.1	0.688	93	29	0	1	93	1	93	2.682E-40	143
NP_002975.1	rfXP_032947688.1	0.869	92	12	0	1	92	1	92	8.320E-52	176
NP_001019384.1	rfXP_032949714.1	0.887	98	11	0	1	98	1	98	5.009E-52	177
NP_001019384.1	rfXP_032949715.1	0.887	98	11	0	1	98	1	98	5.009E-52	177
NP_001019384.1	rfXP_032949713.1	0.887	98	11	0	1	98	21	118	5.009E-52	177
NP_009122.2	rfXP_032972036.1	0.944	379	21	0	1	379	1	379	1.451E-265	809
NP_001186815.1	rfXP_032982421.1	0.699	133	39	0	1	133	1	132	1.328E-58	198
NP_001244138.1	rfXP_032951947.1	0.961	155	6	0	1	155	1	155	3.169E-101	322
NP_001244138.1	rfXP_032951948.1	0.961	155	6	0	1	155	1	155	3.169E-101	322
NP_001244138.1	rfXP_032951949.1	0.961	155	6	0	1	155	1	155	3.169E-101	322
NP_001244138.1	rfXP_032951950.1	0.961	155	6	0	1	155	1	155	3.169E-101	322
NP_001244138.1	rfXP_032951951.1	0.961	155	6	0	1	155	1	155	3.169E-101	322
NP_001244138.1	rfXP_032951952.1	0.961	155	6	0	1	155	1	155	3.169E-101	322
NP_001244138.1	rfXP_032951945.1	0.961	155	6	0	1	155	1	155	3.169E-101	322
NP_004456.1	rfXP_032967164.1	0.915	224	18	0	1	208	1	224	6.340E-137	428
XP_005248321.1	rfXP_032967164.1	0.915	224	18	0	1	208	1	224	6.340E-137	428
NP_004103.1	rfXP_032946918.1	0.973	225	6	0	1	225	1	225	2.729E-146	456
NP_004104.3	rfXP_032943280.1	0.983	181	3	0	1	181	1	181	4.359E-119	375
NP_006513.1	rfXP_032967327.1	0.978	365	8	0	1	365	1	365	8.522E-256	780
NP_003386.1	rfXP_032951690.1	0.978	365	8	0	1	365	1	364	3.008E-250	764
NP_950252.1	rfXP_032955761.1	0.971	766	22	0	1	766	1	766	0.000E+00	1574
NP_001171068.1	rfXP_032946675.1	0.781	348	76	0	1	348	1	348	2.835E-173	541
NP_001034860.1	rfXP_032964213.1	0.926	205	15	0	1	205	1	205	7.008E-126	396
NP_001553.1	rfXP_032977140.1	0.730	193	52	0	1	193	1	192	1.094E-89	291
NP_037503.2	rfXP_032949873.1	0.825	172	30	0	1	172	1	172	4.743E-91	294
NP_715639.1	rfXP_032949873.1	0.825	172	30	0	39	210	1	172	2.709E-90	294
NP_000566.3	rfXP_032956812.1	0.671	270	88	0	1	270	1	269	4.818E-111	357
NP_000567.1	rfXP_032956722.1	0.548	269	119	0	1	269	1	265	1.694E-86	286
NP_003387.1	rfXP_032946756.1	0.955	358	16	0	1	357	1	358	1.270E-238	730
NP_000630.1	rfXP_032947903.1	0.846	281	43	0	1	281	1	278	5.816E-166	516
NP_000791.1	rfXP_032951947.1	0.961	155	6	0	1	155	1	155	3.169E-101	322
NP_000791.1	rfXP_032951948.1	0.961	155	6	0	1	155	1	155	3.169E-101	322
NP_000791.1	rfXP_032951949.1	0.961	155	6	0	1	155	1	155	3.169E-101	322
NP_000791.1	rfXP_032951950.1	0.961	155	6	0	1	155	1	155	3.169E-101	322
NP_000791.1	rfXP_032951951.1	0.961	155	6	0	1	155	1	155	3.169E-101	322
NP_000791.1	rfXP_032951952.1	0.961	155	6	0	1	155	1	155	3.169E-101	322
NP_000791.1	rfXP_032951945.1	0.961	155	6	0	1	155	1	155	3.169E-101	322
NP_001138364.1	rfXP_032951947.1	0.961	155	6	0	1	155	1	155	3.169E-101	322
NP_001138364.1	rfXP_032951948.1	0.961	155	6	0	1	155	1	155	3.169E-101	322
NP_001138364.1	rfXP_032951949.1	0.961	155	6	0	1	155	1	155	3.169E-101	322
NP_001138364.1	rfXP_032951950.1	0.961	155	6	0	1	155	1	155	3.169E-101	322
NP_001138364.1	rfXP_032951951.1	0.961	155	6	0	1	155	1	155	3.169E-101	322
NP_001138364.1	rfXP_032951952.1	0.961	155	6	0	1	155	1	155	3.169E-101	322
NP_001138364.1	rfXP_032951945.1	0.961	155	6	0	1	155	1	155	3.169E-101	322
NP_001138406.1	rfXP_032951947.1	0.961	155	6	0	1	155	1	155	3.169E-101	322
NP_001138406.1	rfXP_032951948.1	0.961	155	6	0	1	155	1	155	3.169E-101	322
NP_001138406.1	rfXP_032951949.1	0.961	155	6	0	1	155	1	155	3.169E-101	322
NP_001138406.1	rfXP_032951950.1	0.961	155	6	0	1	155	1	155	3.169E-101	322
NP_001138406.1	rfXP_032951951.1	0.961	155	6	0	1	155	1	155	3.169E-101	322
NP_001138406.1	rfXP_032951952.1	0.961	155	6	0	1	155	1	155	3.169E-101	322
NP_001138406.1	rfXP_032951945.1	0.961	155	6	0	1	155	1	155	3.169E-101	322
NP_001138407.1	rfXP_032951947.1	0.961	155	6	0	1	155	1	155	3.169E-101	322
NP_001138407.1	rfXP_032951948.1	0.961	155	6	0	1	155	1	155	3.169E-101	322
NP_001138407.1	rfXP_032951949.1	0.961	155	6	0	1	155	1	155	3.169E-101	322
NP_001138407.1	rfXP_032951950.1	0.961	155	6	0	1	155	1	155	3.169E-101	322
NP_001138407.1	rfXP_032951951.1	0.961	155	6	0	1	155	1	155	3.169E-101	322
NP_001138407.1	rfXP_032951952.1	0.961	155	6	0	1	155	1	155	3.169E-101	322
NP_001138407.1	rfXP_032951945.1	0.961	155	6	0	1	155	1	155	3.169E-101	322
NP_001244134.1	rfXP_032951947.1	0.961	155	6	0	1	155	1	155	3.169E-101	322
NP_001244134.1	rfXP_032951948.1	0.961	155	6	0	1	155	1	155	3.169E-101	322
NP_001244134.1	rfXP_032951949.1	0.961	155	6	0	1	155	1	155	3.169E-101	322
NP_001244134.1	rfXP_032951950.1	0.961	155	6	0	1	155	1	155	3.169E-101	322
NP_001244134.1	rfXP_032951951.1	0.961	155	6	0	1	155	1	155	3.169E-101	322
NP_001244134.1	rfXP_032951952.1	0.961	155	6	0	1	155	1	155	3.169E-101	322
NP_001244134.1	rfXP_032951945.1	0.961	155	6	0	1	155	1	155	3.169E-101	322
NP_001244136.1	rfXP_032951947.1	0.961	155	6	0	1	155	1	155	3.169E-101	322
NP_001244136.1	rfXP_032951948.1	0.961	155	6	0	1	155	1	155	3.169E-101	322
NP_001244136.1	rfXP_032951949.1	0.961	155	6	0	1	155	1	155	3.169E-101	322
NP_001244136.1	rfXP_032951950.1	0.961	155	6	0	1	155	1	155	3.169E-101	322
NP_001244136.1	rfXP_032951951.1	0.961	155	6	0	1	155	1	155	3.169E-101	322
NP_001244136.1	rfXP_032951952.1	0.961	155	6	0	1	155	1	155	3.169E-101	322
NP_001244136.1	rfXP_032951945.1	0.961	155	6	0	1	155	1	155	3.169E-101	322
NP_001244137.1	rfXP_032951947.1	0.961	155	6	0	1	155	1	155	3.169E-101	322
NP_001244137.1	rfXP_032951948.1	0.961	155	6	0	1	155	1	155	3.169E-101	322
NP_001244137.1	rfXP_032951949.1	0.961	155	6	0	1	155	1	155	3.169E-101	322
NP_001244137.1	rfXP_032951950.1	0.961	155	6	0	1	155	1	155	3.169E-101	322
NP_001244137.1	rfXP_032951951.1	0.961	155	6	0	1	155	1	155	3.169E-101	322
NP_001244137.1	rfXP_032951952.1	0.961	155	6	0	1	155	1	155	3.169E-101	322
NP_001244137.1	rfXP_032951945.1	0.961	155	6	0	1	155	1	155	3.169E-101	322
NP_005970.1	rfXP_032949714.1	0.887	98	11	0	1	98	1	98	5.009E-52	177
NP_005970.1	rfXP_032949715.1	0.887	98	11	0	1	98	1	98	5.009E-52	177
NP_005970.1	rfXP_032949713.1	0.887	98	11	0	1	98	21	118	5.009E-52	177
NP_002332.1	rfXP_032958942.1	0.833	244	40	0	1	244	1	241	1.469E-128	406
NP_033666.1	rfXP_032958943.1	0.831	77	13	0	1	77	1	77	1.140E-33	123
NP_001012333.1	rfXP_032977656.1	0.930	143	10	0	1	143	1	143	7.782E-94	300
NP_001012333.1	rfXP_032977657.1	0.930	143	10	0	1	143	1	143	7.782E-94	300
NP_001012333.1	rfXP_032977658.1	0.930	143	10	0	1	143	1	143	7.782E-94	300
NP_001012333.1	rfXP_032977659.1	0.930	143	10	0	1	143	1	143	7.782E-94	300
NP_001012334.1	rfXP_032977656.1	0.930	143	10	0	1	143	1	143	7.782E-94	300
NP_001012334.1	rfXP_032977657.1	0.930	143	10	0	1	143	1	143	7.782E-94	300
NP_001012334.1	rfXP_032977658.1	0.930	143	10	0	1	143	1	143	7.782E-94	300
NP_001012334.1	rfXP_032977659.1	0.930	143	10	0	1	143	1	143	7.782E-94	300
NP_001073966.2	rfXP_032978603.1	0.847	602	91	0	1	602	1	598	0.000E+00	1100
NP_066278.3	rfXP_032987953.1	0.868	725	95	0	1	725	1	723	0.000E+00	1440
NP_005250.1	rfXP_032968269.1	0.984	375	6	0	1	375	1	375	1.033E-258	789
NP_006263.1	rfXP_032979818.1	0.978	92	2	0	1	92	1	92	1.118E-56	190
NP_006263.1	rfXP_032979827.1	0.978	92	2	0	1	92	1	92	1.118E-56	190
NP_006263.1	rfXP_032979810.1	0.978	92	2	0	1	92	1	92	1.118E-56	190
NP_005971.1	rfXP_032961323.1	0.857	91	13	0	1	91	1	91	1.306E-48	167
NP_036407.1	rfXP_032956721.1	0.666	114	38	0	42	155	1	114	2.556E-45	161
NP_775262.1	rfXP_032956721.1	0.666	114	38	0	42	155	1	114	2.556E-45	161
XP_005263695.1	rfXP_032956721.1	0.666	114	38	0	42	155	1	114	2.556E-45	161
NP_055254.2	rfXP_032956749.1	0.562	215	93	0	1	215	1	213	3.271E-72	242
NP_002986.1	rfXP_032949535.1	0.601	108	41	0	1	108	1	104	4.397E-37	135
NP_001183980.1	rfXP_032975821.1	0.956	575	25	0	1	569	1	575	0.000E+00	1138
NP_444251.1	rfXP_032975820.1	0.956	576	25	0	1	570	1	576	0.000E+00	1139
NP_001014364.1	rfXP_032949452.1	0.547	1422	617	0	1	1364	1	1422	0.000E+00	1414
NP_001191431.1	rfXP_032983046.1	0.770	222	50	0	1	220	1	222	8.224E-105	337
NP_001191431.1	rfXP_032983047.1	0.770	222	50	0	1	220	1	222	8.224E-105	337
NP_878248.2	rfXP_032981109.1	0.857	452	64	0	1	450	1	452	2.373E-252	775
NP_766638.2	rfXP_032974194.1	0.934	988	65	0	1	988	1	988	0.000E+00	2076
NP_001275753.1	rfXP_032952941.1	0.771	368	84	0	1	366	1	368	5.895E-191	593
NP_005251.1	rfXP_032952940.1	0.750	456	113	0	1	454	1	456	4.586E-229	708
NP_000505.1	rfXP_032966563.1	0.957	211	9	0	1	211	1	211	3.614E-136	426
NP_001177397.1	rfXP_032966563.1	0.957	211	9	0	18	228	1	211	8.058E-136	426
NP_000506.2	rfXP_032947352.1	0.669	217	71	0	1	217	1	216	2.702E-91	297
NP_758525.1	rfXP_032964930.1	0.809	168	30	0	1	160	1	168	4.514E-92	296
NP_060872.1	rfXP_032974420.1	0.852	169	25	0	1	169	1	169	8.764E-90	290
NP_001166242.1	rfXP_032983068.1	0.741	228	58	0	1	228	1	225	1.510E-109	351
NP_002181.1	rfXP_032950206.1	0.748	155	38	0	1	155	1	153	1.442E-76	251
NP_055258.1	rfXP_032952518.1	0.927	180	13	0	1	180	1	180	6.698E-114	360
NP_037410.1	rfXP_032985212.1	0.764	195	45	0	3	195	2	196	1.511E-96	311
XP_005250572.1	rfXP_032954496.1	0.976	168	4	0	1	168	1	168	9.236E-113	356
XP_005250572.1	rfXP_032954497.1	0.976	168	4	0	1	168	1	168	9.236E-113	356
NP_006262.1	rfXP_032947954.1	0.978	94	2	0	1	94	1	94	5.540E-57	191
NP_006262.1	rfXP_032947955.1	0.978	94	2	0	1	94	1	94	5.540E-57	191
NP_002957.1	rfXP_032949474.1	0.989	97	1	0	1	97	1	97	3.887E-62	206
NP_002957.1	rfXP_032949475.1	0.989	97	1	0	1	97	1	97	3.887E-62	206
NP_002957.1	rfXP_032949476.1	0.989	97	1	0	1	97	1	97	3.887E-62	206
NP_005611.1	rfXP_032949471.1	0.872	94	12	0	1	94	72	165	1.916E-49	170
NP_005612.1	rfXP_032948956.1	0.728	92	25	0	1	92	1	92	1.270E-39	141
NP_001019381.1	rfXP_032949714.1	0.887	98	11	0	1	98	1	98	5.009E-52	177
NP_001019381.1	rfXP_032949715.1	0.887	98	11	0	1	98	1	98	5.009E-52	177
NP_001019381.1	rfXP_032949713.1	0.887	98	11	0	1	98	21	118	5.009E-52	177
NP_000871.1	rfXP_032982415.1	0.649	177	61	0	1	177	1	176	1.425E-70	235
NP_001186816.1	rfXP_032982420.1	0.641	159	56	0	1	159	1	158	6.658E-62	209
NP_000581.1	rfXP_032952893.1	0.739	138	36	0	2	139	1	138	5.043E-66	220
NP_002182.1	rfXP_032968023.1	0.810	364	69	0	3	366	5	367	3.415E-197	611
NP_002183.1	rfXP_032943939.1	0.931	426	29	0	1	426	1	426	1.268E-273	835
NP_002183.1	rfXP_032943940.1	0.931	426	29	0	1	426	1	426	1.268E-273	835
NP_002184.2	rfXP_032968217.1	0.977	407	9	0	1	407	1	407	1.125E-282	860
NP_066360.1	rfXP_032943270.1	0.987	243	3	0	1	243	1	243	8.468E-160	496
NP_003382.1	rfXP_032954582.1	0.938	360	22	0	1	360	1	360	1.413E-247	756
NP_002167.1	rfXP_032979833.1	0.636	187	67	0	1	187	1	186	8.334E-73	242
NP_000610.2	rfXP_032974153.1	0.656	166	57	0	1	166	1	166	2.323E-68	228
NP_064509.2	rfXP_032979477.1	0.658	208	70	0	1	207	1	208	2.496E-87	285
NP_002168.1	rfXP_032979472.1	0.628	194	71	0	1	194	1	193	1.192E-72	242
NP_000609.1	rfXP_032973107.1	0.973	153	4	0	1	153	1	153	6.403E-101	321
NP_001104754.1	rfXP_032973108.1	0.963	137	5	0	1	137	1	137	2.106E-88	284
NP_001104755.1	rfXP_032973105.1	0.895	191	19	0	1	186	1	191	7.410E-112	355
NP_001278791.1	rfXP_032975466.1	0.889	181	20	0	1	180	1	181	5.874E-107	340
NP_001278791.1	rfXP_032975467.1	0.889	181	20	0	1	180	1	181	5.874E-107	340
NP_002172.2	rfXP_032968969.1	0.951	411	20	0	1	411	1	410	1.199E-266	814
NP_000563.1	rfXP_032949086.1	0.842	178	28	0	1	178	1	178	5.671E-98	314
NP_000632.1	rfXP_032984783.1	0.919	199	16	0	1	199	1	199	1.024E-118	375
NP_001254647.1	rfXP_032984784.1	0.933	120	8	0	1	120	1	120	5.395E-70	230
XP_005247492.1	rfXP_032987328.1	0.826	208	35	0	35	239	1	208	1.820E-106	342
NP_002178.2	rfXP_032952481.1	0.817	329	60	0	1	328	1	329	5.249E-182	565
NP_612141.1	rfXP_032959943.1	0.806	175	34	0	2	176	152	325	1.503E-90	294
NP_443104.1	rfXP_032959181.1	0.552	152	65	0	12	163	4	150	1.018E-50	177
XP_005268072.1	rfXP_032965438.1	0.975	409	10	0	1	408	1	409	9.230E-277	843
XP_005268072.1	rfXP_032965439.1	0.975	409	10	0	1	408	1	409	9.230E-277	843
NP_066551.1	rfXP_032959501.1	0.982	454	8	0	1	454	1	454	9.298E-309	938
NP_001709.1	rfXP_032969810.1	0.910	513	45	0	1	513	1	501	1.828E-322	981
NP_001710.1	rfXP_032951323.1	0.986	431	6	0	1	431	1	431	2.550E-294	895
NP_001007538.1	rfXP_032960513.1	0.861	332	46	0	1	332	1	332	3.266E-207	638
NP_001007538.1	rfXP_032960514.1	0.861	332	46	0	1	332	1	332	3.266E-207	638
NP_004343.1	rfXP_032985353.1	0.989	193	2	0	1	193	1	193	1.961E-125	394
NP_872317.1	rfXP_032991504.1	0.950	224	11	0	1	224	1	224	2.734E-137	430
NP_872317.1	rfXP_032991505.1	0.950	224	11	0	1	224	1	224	2.734E-137	430
NP_872317.1	rfXP_032991507.1	0.950	224	11	0	1	224	1	224	2.734E-137	430
NP_872317.1	rfXP_032991503.1	0.950	224	11	0	1	224	62	285	2.734E-137	430
NP_872317.1	rfXP_032991502.1	0.950	224	11	0	1	224	66	289	2.734E-137	430
NP_757366.2	rfXP_032956139.1	0.760	1331	313	0	1	1331	48	1354	0.000E+00	1975
NP_078613.1	rfXP_032948417.1	0.961	394	15	0	1	391	1	394	2.324E-266	812
NP_078613.1	rfXP_032948418.1	0.961	394	15	0	1	391	1	394	2.324E-266	812
NP_110380.1	rfXP_032944947.1	0.994	355	2	0	1	355	1	355	2.181E-257	784
NP_149122.1	rfXP_032951697.1	0.946	352	19	0	1	352	1	352	3.120E-243	743
NP_110388.2	rfXP_032971693.1	0.997	351	1	0	1	351	1	351	6.029E-244	745
NP_001243034.1	rfXP_032988955.1	0.991	365	3	0	1	365	1	365	1.573E-257	785
NP_003383.2	rfXP_032988953.1	0.992	380	3	0	1	380	1	380	2.808E-267	814
XP_006713387.1	rfXP_032988955.1	0.991	365	3	0	1	365	1	365	1.573E-257	785
NP_001954.2	rfXP_032961162.1	0.793	1213	250	0	1	1207	1	1213	0.000E+00	2083
NP_001161362.1	rfXP_032967155.1	0.824	554	97	0	1	553	1	554	0.000E+00	1020
NP_039250.2	rfXP_032960223.1	0.934	645	42	0	1	645	1	642	0.000E+00	1242
NP_039251.2	rfXP_032960225.1	0.934	637	42	0	1	637	1	634	0.000E+00	1225
NP_039254.1	rfXP_032960233.1	0.943	462	26	0	1	462	1	460	2.191E-294	897
NP_115934.1	rfXP_032973595.1	0.598	228	89	0	1	222	14	241	5.602E-86	282
NP_003732.2	rfXP_032947607.1	0.899	957	96	0	1	955	1	957	0.000E+00	1840
XP_005247907.1	rfXP_032947607.1	0.898	957	97	0	1	954	1	957	0.000E+00	1840
NP_001137453.1	rfXP_032969708.1	0.934	459	30	0	1	458	1	459	2.908E-315	957
NP_001137454.1	rfXP_032969726.1	0.934	458	30	0	1	457	1	458	1.370E-314	955
XP_005273733.1	rfXP_032990813.1	0.960	205	8	0	1	205	1	205	1.786E-132	415
NP_003853.1	rfXP_032952330.1	0.990	206	2	0	1	206	1	206	2.473E-138	432
NP_005108.1	rfXP_032975945.1	0.782	216	47	0	1	216	1	216	3.635E-113	360
NP_001997.5	rfXP_032990257.1	0.843	287	45	0	3	288	87	373	6.922E-159	496
XP_005250397.1	rfXP_032954924.1	0.602	166	64	0	1	166	1	163	3.586E-55	190
NP_002300.1	rfXP_032953134.1	0.915	202	17	0	1	202	1	202	1.230E-126	398
NP_002300.1	rfXP_032953135.1	0.915	202	17	0	1	202	1	202	1.230E-126	398
NP_002300.1	rfXP_032953136.1	0.915	202	17	0	1	202	1	202	1.230E-126	398
XP_006724303.1	rfXP_032953134.1	0.915	202	17	0	1	202	1	202	1.230E-126	398
XP_006724303.1	rfXP_032953135.1	0.915	202	17	0	1	202	1	202	1.230E-126	398
XP_006724303.1	rfXP_032953136.1	0.915	202	17	0	1	202	1	202	1.230E-126	398
NP_000586.2	rfXP_032959547.1	0.765	205	48	0	1	205	1	205	6.143E-102	327
NP_000586.2	rfXP_032959548.1	0.765	205	48	0	1	205	1	205	6.143E-102	327
NP_001153212.1	rfXP_032959547.1	0.765	205	48	0	1	205	1	205	6.143E-102	327
NP_001153212.1	rfXP_032959548.1	0.765	205	48	0	1	205	1	205	6.143E-102	327
NP_004874.1	rfXP_032952313.1	0.955	850	38	0	1	850	1	844	0.000E+00	1682
NP_053584.1	rfXP_032952315.1	0.955	844	38	0	1	844	1	838	0.000E+00	1668
NP_053585.1	rfXP_032952311.1	0.955	858	38	0	1	858	1	852	0.000E+00	1699
NP_053586.1	rfXP_032952312.1	0.955	852	38	0	1	852	1	846	0.000E+00	1685
NP_000603.1	rfXP_032975466.1	0.889	181	20	0	1	180	1	181	5.874E-107	340
NP_000603.1	rfXP_032975467.1	0.889	181	20	0	1	180	1	181	5.874E-107	340
NP_057274.1	rfXP_032949467.1	0.639	495	176	0	1	495	1	489	1.722E-188	593
XP_006722457.1	rfXP_032991504.1	0.950	224	11	0	1	224	1	224	2.734E-137	430
XP_006722457.1	rfXP_032991505.1	0.950	224	11	0	1	224	1	224	2.734E-137	430
XP_006722457.1	rfXP_032991507.1	0.950	224	11	0	1	224	1	224	2.734E-137	430
XP_006722457.1	rfXP_032991503.1	0.950	224	11	0	1	224	62	285	2.734E-137	430
XP_006722457.1	rfXP_032991502.1	0.950	224	11	0	1	224	66	289	2.734E-137	430
NP_542184.1	rfXP_032950279.1	0.980	202	4	0	1	201	1	202	5.800E-126	396
NP_597716.1	rfXP_032991467.1	0.901	407	40	0	1	406	1	407	1.332E-271	828
XP_005266705.1	rfXP_032991467.1	0.901	407	40	0	1	406	1	407	1.332E-271	828
XP_006722456.1	rfXP_032991467.1	0.901	407	40	0	1	406	1	407	1.332E-271	828
NP_002598.4	rfXP_032952547.1	0.878	197	24	0	1	197	1	197	5.832E-114	362
NP_002598.4	rfXP_032952551.1	0.878	197	24	0	1	197	1	197	5.832E-114	362
NP_148983.1	rfXP_032952548.1	0.882	196	23	0	1	196	1	196	2.890E-114	362
NP_001137282.1	rfXP_032974835.1	0.927	330	24	0	1	329	1	330	2.471E-208	641
NP_005529.1	rfXP_032972098.1	0.852	352	52	0	1	352	1	351	1.642E-198	614
NP_113667.1	rfXP_032972148.1	0.854	351	51	0	1	350	1	351	8.638E-205	632
NP_000198.1	rfXP_032975469.1	0.890	110	12	0	1	110	14	123	2.984E-63	210
NP_001172026.1	rfXP_032975469.1	0.890	110	12	0	1	110	14	123	2.984E-63	210
NP_001172027.1	rfXP_032975469.1	0.890	110	12	0	1	110	14	123	2.984E-63	210
NP_001278826.1	rfXP_032975469.1	0.890	110	12	0	1	110	14	123	2.984E-63	210
NP_005534.2	rfXP_032990568.1	0.761	130	31	0	1	130	1	130	3.325E-64	214
NP_005469.2	rfXP_032969174.1	0.703	135	40	0	1	135	24	158	6.549E-59	199
NP_003203.1	rfXP_032988672.1	0.747	186	47	0	1	186	19	203	9.552E-89	288
NP_039258.1	rfXP_032960224.1	0.934	640	42	0	1	640	1	637	0.000E+00	1230
NP_001010848.2	rfXP_032987315.1	0.938	701	43	0	1	696	1	701	0.000E+00	1348
NP_001132972.1	rfXP_032973872.1	0.992	255	2	0	1	255	1	255	2.394E-171	530
NP_001132972.1	rfXP_032973880.1	0.992	255	2	0	1	255	1	255	2.394E-171	530
NP_001132972.1	rfXP_032973888.1	0.992	255	2	0	1	255	1	255	2.394E-171	530
NP_001132972.1	rfXP_032973895.1	0.992	255	2	0	1	255	1	255	2.394E-171	530
NP_004105.1	rfXP_032973902.1	0.991	245	2	0	1	245	1	245	1.715E-161	501
NP_378668.1	rfXP_032973918.1	0.989	192	2	0	1	192	1	192	8.410E-126	395
XP_005262456.1	rfXP_032973872.1	0.992	255	2	0	1	255	1	255	2.394E-171	530
XP_005262456.1	rfXP_032973880.1	0.992	255	2	0	1	255	1	255	2.394E-171	530
XP_005262456.1	rfXP_032973888.1	0.992	255	2	0	1	255	1	255	2.394E-171	530
XP_005262456.1	rfXP_032973895.1	0.992	255	2	0	1	255	1	255	2.394E-171	530
NP_004106.1	rfXP_032960162.1	0.987	247	3	0	1	247	1	247	1.562E-163	507
NP_787125.1	rfXP_032960161.1	0.992	252	2	0	1	252	1	252	9.342E-172	531
NP_003859.1	rfXP_032971475.1	0.995	207	1	0	1	207	1	207	9.203E-141	439
NP_003858.1	rfXP_032990812.1	0.962	216	8	0	1	216	1	216	2.856E-141	441
NP_149354.1	rfXP_032986791.1	0.987	233	3	0	1	233	1	233	9.274E-154	478
NP_149355.1	rfXP_032986794.1	1.000	204	0	0	1	204	1	204	1.165E-136	427
NP_002001.1	rfXP_032960985.1	1.000	208	0	0	1	208	1	208	8.780E-142	442
NP_005121.1	rfXP_032961304.1	0.519	252	112	0	1	234	34	285	4.157E-77	257
NP_689642.3	rfXP_032986500.1	0.724	258	70	0	1	258	1	255	5.326E-121	385
NP_689642.3	rfXP_032986502.1	0.724	258	70	0	1	258	1	255	5.326E-121	385
NP_689642.3	rfXP_032986503.1	0.724	258	70	0	1	258	1	255	5.326E-121	385
NP_004460.1	rfXP_032967903.1	0.870	354	46	0	1	354	1	351	9.794E-223	684
NP_001093161.1	rfXP_032981378.1	0.918	159	13	0	1	159	1	159	4.655E-99	316
NP_003227.1	rfXP_032981377.1	0.918	160	13	0	1	160	1	160	9.866E-100	318
NP_000651.3	rfXP_032984626.1	0.905	390	37	0	1	390	1	390	3.107E-245	751
NP_001129071.1	rfXP_032955455.1	0.972	442	12	0	1	442	1	442	1.213E-299	911
NP_003229.1	rfXP_032955456.1	0.975	414	10	0	1	414	1	414	3.807E-281	856
NP_003230.1	rfXP_032963355.1	0.941	412	24	0	1	412	1	408	3.572E-272	830
NP_003230.1	rfXP_032963356.1	0.941	412	24	0	1	412	1	408	3.572E-272	830
XP_005268085.1	rfXP_032963355.1	0.941	412	24	0	1	412	1	408	3.572E-272	830
XP_005268085.1	rfXP_032963356.1	0.941	412	24	0	1	412	1	408	3.572E-272	830
NP_000451.1	rfXP_032946669.1	0.784	352	76	0	1	352	1	352	2.588E-176	550
NP_000451.1	rfXP_032946660.1	0.784	352	76	0	1	352	1	352	2.588E-176	550
NP_001171069.1	rfXP_032946681.1	0.764	319	75	0	1	319	1	319	4.016E-163	510
NP_003801.1	rfXP_032944581.1	0.719	284	79	0	1	281	1	284	2.257E-133	422
NP_003692.1	rfXP_032960448.1	0.900	321	32	0	1	317	1	321	9.520E-196	604
NP_003800.1	rfXP_032947184.1	0.915	249	21	0	1	249	1	249	2.867E-149	466
NP_003799.1	rfXP_032947182.1	0.856	250	36	0	1	250	1	250	1.169E-142	447
NP_742084.1	rfXP_032947181.1	0.854	234	34	0	1	234	1	234	6.359E-133	418
NP_001235.1	rfXP_032977994.1	0.782	234	51	0	1	234	1	234	1.620E-122	388
NP_003802.1	rfXP_032990625.1	0.614	252	95	0	1	252	1	247	2.166E-85	282
XP_006722994.1	rfXP_032990625.1	0.614	252	95	0	1	252	1	247	2.166E-85	282
NP_000538.3	rfXP_032980115.1	0.762	916	217	0	1	916	1	912	0.000E+00	1504
NP_002972.1	rfXP_032945083.1	0.479	96	48	0	1	94	1	96	8.987E-22	90
NP_002977.1	rfXP_032946544.1	0.705	95	28	0	3	97	2	96	1.616E-39	141
NP_005399.1	rfXP_032947194.1	0.707	99	28	0	1	98	1	99	8.421E-39	139
NP_116739.1	rfXP_032947654.1	0.595	94	37	0	1	92	1	94	3.651E-37	134
NP_001019382.1	rfXP_032949714.1	0.887	98	11	0	1	98	1	98	5.009E-52	177
NP_001019382.1	rfXP_032949715.1	0.887	98	11	0	1	98	1	98	5.009E-52	177
NP_001019382.1	rfXP_032949713.1	0.887	98	11	0	1	98	21	118	5.009E-52	177
NP_001019383.1	rfXP_032949714.1	0.887	98	11	0	1	98	1	98	5.009E-52	177
NP_001019383.1	rfXP_032949715.1	0.887	98	11	0	1	98	1	98	5.009E-52	177
NP_001019383.1	rfXP_032949713.1	0.887	98	11	0	1	98	21	118	5.009E-52	177
NP_005746.2	rfXP_032990525.1	0.755	229	56	0	1	229	1	229	1.868E-118	376
NP_001005609.1	rfXP_032974244.1	0.938	392	24	0	1	389	1	392	1.421E-253	775
NP_001005612.2	rfXP_032974262.1	0.938	389	24	0	1	386	1	389	6.686E-252	770
NP_001005613.1	rfXP_032974280.1	0.860	136	18	0	1	133	1	136	1.528E-72	239
NP_001390.1	rfXP_032974235.1	0.939	394	24	0	1	391	1	394	6.405E-255	779
NP_005421.1	rfXP_032973871.1	0.991	370	3	0	1	370	1	370	2.785E-262	799
NP_079492.2	rfXP_032968239.1	0.964	417	15	0	1	417	1	417	5.108E-288	876
NP_003385.2	rfXP_032973382.1	0.974	389	10	0	1	389	1	389	2.963E-271	826
NP_003385.2	rfXP_032973383.1	0.974	389	10	0	1	389	1	389	2.963E-271	826
NP_003385.2	rfXP_032973384.1	0.974	389	10	0	1	389	1	389	2.963E-271	826
NP_004617.2	rfXP_032974874.1	0.983	354	6	0	1	354	2	355	5.258E-247	754
NP_004617.2	rfXP_032974875.1	0.983	354	6	0	1	354	2	355	5.258E-247	754
NP_004617.2	rfXP_032974876.1	0.983	354	6	0	1	354	2	355	5.258E-247	754
XP_005274288.1	rfXP_032974874.1	0.983	354	6	0	1	354	2	355	5.258E-247	754
XP_005274288.1	rfXP_032974875.1	0.983	354	6	0	1	354	2	355	5.258E-247	754
XP_005274288.1	rfXP_032974876.1	0.983	354	6	0	1	354	2	355	5.258E-247	754
NP_476509.1	rfXP_032954900.1	0.939	365	22	0	1	365	1	362	2.149E-245	750
NP_996890.1	rfXP_032947688.1	0.880	92	11	0	1	92	1	92	8.320E-52	176
NP_009110.2	rfXP_032978006.1	0.635	204	73	0	1	204	1	202	1.667E-77	257
NP_543016.1	rfXP_032951189.1	0.943	464	26	0	1	464	1	464	5.557E-311	945
NP_954993.1	rfXP_032963133.1	0.568	571	213	0	1	571	1	493	4.361E-196	619
NP_000890.1	rfXP_032974083.1	0.806	273	53	0	1	273	1	273	3.709E-141	444
NP_003985.2	rfXP_032974084.1	0.788	245	52	0	1	245	1	245	1.101E-123	392
NP_003231.2	rfXP_032955728.1	0.842	367	58	0	1	366	1	367	4.691E-211	651
NP_000221.1	rfXP_032954923.1	0.604	167	65	0	1	167	1	164	7.584E-56	192
NP_001257479.1	rfXP_032977656.1	0.930	143	10	0	1	143	1	143	7.782E-94	300
NP_001257479.1	rfXP_032977657.1	0.930	143	10	0	1	143	1	143	7.782E-94	300
NP_001257479.1	rfXP_032977658.1	0.930	143	10	0	1	143	1	143	7.782E-94	300
NP_001257479.1	rfXP_032977659.1	0.930	143	10	0	1	143	1	143	7.782E-94	300
NP_001257480.1	rfXP_032977656.1	0.930	143	10	0	1	143	1	143	7.782E-94	300
NP_001257480.1	rfXP_032977657.1	0.930	143	10	0	1	143	1	143	7.782E-94	300
NP_001257480.1	rfXP_032977658.1	0.930	143	10	0	1	143	1	143	7.782E-94	300
NP_001257480.1	rfXP_032977659.1	0.930	143	10	0	1	143	1	143	7.782E-94	300
NP_001936.1	rfXP_032952777.1	0.918	208	17	0	1	208	1	208	8.874E-125	393
NP_005325.2	rfXP_032959198.1	0.935	2051	132	0	1	2035	1	2051	0.000E+00	3863
XP_006724879.1	rfXP_032959191.1	0.935	2095	135	0	1	2079	1	2095	0.000E+00	3939
XP_006724878.1	rfXP_032959189.1	0.935	2096	135	0	1	2080	1	2096	0.000E+00	3940
NP_037452.1	rfXP_032972387.1	0.950	792	40	0	1	792	1	792	0.000E+00	1599
NP_000592.3	rfXP_032944791.1	0.930	729	51	0	1	727	1	729	0.000E+00	1534
XP_006716019.1	rfXP_032944791.1	0.930	729	51	0	1	727	1	729	0.000E+00	1534
NP_001519.1	rfXP_032961891.1	0.826	655	113	0	1	655	1	652	0.000E+00	1192
NP_660277.2	rfXP_032969734.1	0.934	457	30	0	1	456	1	457	6.450E-314	953
XP_005262278.1	rfXP_032969708.1	0.934	459	30	0	1	458	1	459	2.908E-315	957
XP_005262279.1	rfXP_032969726.1	0.934	458	30	0	1	457	1	458	1.370E-314	955
NP_001265402.1	rfXP_032976244.1	0.885	429	49	0	1	429	1	429	1.418E-282	861
NP_056239.3	rfXP_032976246.1	0.887	452	51	0	1	451	1	452	2.920E-294	896
NP_001159684.1	rfXP_032975172.1	0.967	215	7	0	1	215	1	215	4.149E-145	452
NP_001159684.1	rfXP_032975173.1	0.967	215	7	0	1	215	1	215	4.149E-145	452
NP_037378.1	rfXP_032975171.1	0.964	225	8	0	1	225	1	225	3.446E-152	473
NP_000605.1	rfXP_032974997.1	0.855	200	29	0	1	200	1	200	3.833E-113	359
NP_001873.2	rfXP_032966844.1	0.900	322	32	0	1	322	4	325	6.899E-202	622
NP_002497.2	rfXP_032948947.1	0.875	240	30	0	1	240	1	240	1.555E-143	449
XP_006710726.1	rfXP_032948947.1	0.875	240	30	0	1	240	1	240	1.555E-143	449
XP_006710727.1	rfXP_032948947.1	0.875	240	30	0	1	240	1	240	1.555E-143	449
XP_006710728.1	rfXP_032948947.1	0.875	240	30	0	1	240	1	240	1.555E-143	449
NP_060525.3	rfXP_032987186.1	0.850	347	52	0	1	347	1	347	2.007E-202	625
NP_002982.2	rfXP_032966792.1	0.721	97	27	0	1	97	1	97	3.358E-42	150
NP_689669.2	rfXP_032983063.1	0.742	229	58	0	1	229	1	226	3.201E-110	353
NP_689669.2	rfXP_032983064.1	0.742	229	58	0	1	229	1	226	3.201E-110	353
NP_689669.2	rfXP_032983066.1	0.742	229	58	0	1	229	1	226	3.201E-110	353
NP_689669.2	rfXP_032983067.1	0.742	229	58	0	1	229	1	226	3.201E-110	353
NP_000870.1	rfXP_032952832.1	0.686	134	41	0	1	134	75	206	2.503E-52	180
NP_001193941.1	rfXP_032962854.1	0.870	155	19	0	1	149	16	170	1.530E-89	288
NP_002623.2	rfXP_032962853.1	0.880	176	20	0	1	170	16	191	4.423E-105	334
NP_443112.2	rfXP_032954247.1	0.863	263	36	0	1	263	6	268	6.375E-156	486
NP_002695.1	rfXP_032961189.1	0.598	127	46	0	1	127	1	116	6.815E-39	141
NP_001276926.1	rfXP_032946692.1	0.800	286	57	0	1	286	1	286	2.225E-153	480
NP_001276927.1	rfXP_032946669.1	0.784	352	76	0	1	352	1	352	2.588E-176	550
NP_001276927.1	rfXP_032946660.1	0.784	352	76	0	1	352	1	352	2.588E-176	550
NP_001276932.1	rfXP_032946669.1	0.784	352	76	0	141	492	1	352	1.148E-173	550
NP_001276932.1	rfXP_032946660.1	0.784	352	76	0	141	492	1	352	1.148E-173	550
NP_001276951.1	rfXP_032946675.1	0.781	348	76	0	1	348	1	348	2.835E-173	541
NP_001276955.1	rfXP_032946681.1	0.764	319	75	0	1	319	1	319	4.016E-163	510
NP_001276956.1	rfXP_032946692.1	0.800	286	57	0	1	286	1	286	2.225E-153	480
NP_001276957.1	rfXP_032946669.1	0.784	352	76	0	1	352	1	352	2.588E-176	550
NP_001276957.1	rfXP_032946660.1	0.784	352	76	0	1	352	1	352	2.588E-176	550
NP_001276926.1	rfXP_032946692.1	0.800	286	57	0	1	286	1	286	2.225E-153	480
NP_001276956.1	rfXP_032946692.1	0.800	286	57	0	1	286	1	286	2.225E-153	480
NP_000585.2	rfXP_032958638.1	0.854	233	34	0	1	233	1	233	7.319E-131	412
NP_004048.1	rfXP_032962612.1	0.784	79	17	0	1	79	26	104	4.571E-36	130
NP_066025.2	rfXP_032977798.1	0.929	971	69	0	1	971	1	966	0.000E+00	1989
XP_005253090.2	rfXP_032977796.1	0.900	1023	100	0	1	999	1	1023	0.000E+00	2035
NP_689966.2	rfXP_032959584.1	0.970	993	30	0	1	993	1	993	0.000E+00	2168
XP_005249000.1	rfXP_032959586.1	0.971	1009	29	0	1	1009	1	1009	0.000E+00	2200
NP_003003.3	rfXP_032960709.1	0.961	314	12	0	1	314	1	314	1.876E-212	652
NP_003004.1	rfXP_032989556.1	0.983	295	5	0	1	295	1	294	4.739E-201	618
NP_003005.2	rfXP_032943842.1	0.962	346	13	0	1	346	1	346	1.846E-237	726
NP_003006.2	rfXP_032986448.1	0.952	317	15	0	1	317	1	315	9.720E-213	653
NP_000184.1	rfXP_032955114.1	0.917	462	37	0	1	462	4	452	2.950E-282	862
NP_000184.1	rfXP_032955113.1	0.917	462	37	0	1	462	4	452	2.950E-282	862
NP_009044.2	rfXP_032949462.1	0.450	1526	596	0	1	1526	1	1084	1.482E-323	1052
NP_001008536.1	rfXP_032949477.1	0.562	905	396	0	1	904	1	905	1.420E-300	939
NP_005439.2	rfXP_032973399.1	0.739	394	102	0	1	392	1	394	1.215E-195	608
NP_001191.1	rfXP_032951174.1	0.949	396	20	0	1	396	1	395	2.762E-258	789
NP_001192.2	rfXP_032962565.1	0.880	475	57	0	1	472	1	475	2.525E-280	857
NP_001193.2	rfXP_032965438.1	0.975	409	10	0	1	408	1	409	9.230E-277	843
NP_001193.2	rfXP_032965439.1	0.975	409	10	0	1	408	1	409	9.230E-277	843
NP_570911.2	rfXP_032965438.1	0.975	409	10	0	1	408	1	409	9.230E-277	843
NP_570911.2	rfXP_032965439.1	0.975	409	10	0	1	408	1	409	9.230E-277	843
NP_570912.2	rfXP_032965438.1	0.975	409	10	0	1	408	1	409	9.230E-277	843
NP_570912.2	rfXP_032965439.1	0.975	409	10	0	1	408	1	409	9.230E-277	843
NP_004741.1	rfXP_032990076.1	0.978	422	9	0	1	422	1	421	9.925E-292	887
NP_057070.3	rfXP_032946010.1	0.954	438	20	0	5	442	1	438	1.498E-288	879
XP_006711409.1	rfXP_032949467.1	0.639	495	176	0	1	495	1	489	1.722E-188	593
NP_000748.3	rfXP_032949247.1	0.720	554	154	0	1	554	1	552	1.919E-253	784
NP_757350.1	rfXP_032949248.1	0.718	256	71	0	1	256	1	254	1.014E-112	361
NP_757351.1	rfXP_032949247.1	0.720	554	154	0	1	554	1	552	1.919E-253	784
NP_000749.2	rfXP_032952841.1	0.597	139	55	0	1	139	1	138	3.958E-52	180
NP_000577.2	rfXP_032990779.1	0.701	154	45	0	1	153	1	154	8.436E-65	217
NP_001230662.1	rfXP_032977811.1	0.962	188	7	0	1	188	1	188	3.124E-126	396
NP_003368.1	rfXP_032977809.1	0.961	207	8	0	1	207	1	207	1.478E-135	424
NP_005420.1	rfXP_032959733.1	0.882	415	49	0	1	415	1	414	1.740E-266	814
NP_940972.2	rfXP_032943948.1	0.941	325	19	0	1	325	1	325	1.243E-222	682
NP_940972.2	rfXP_032943949.1	0.941	325	19	0	1	325	1	325	1.243E-222	682
NP_940972.2	rfXP_032943950.1	0.941	325	19	0	1	325	1	325	1.243E-222	682
NP_001073969.1	rfXP_032968482.1	0.995	222	1	0	1	222	1	222	7.237E-168	518
NP_444514.1	rfXP_032957482.1	0.880	549	66	0	1	548	1	549	0.000E+00	1047
NP_004878.2	rfXP_032952710.1	0.969	99	3	0	13	111	1	99	3.460E-62	207
NP_002080.1	rfXP_032962203.1	0.757	107	26	0	1	107	1	107	4.698E-49	169
NP_002985.1	rfXP_032961187.1	0.640	114	39	0	1	114	30	139	3.597E-39	141
NP_000575.1	rfXP_032962261.1	0.762	97	23	0	1	97	1	97	9.650E-46	159
NP_002407.1	rfXP_032962013.1	0.734	128	33	0	1	125	1	128	5.501E-56	190
NP_066382.1	rfXP_032972009.1	0.969	396	12	0	1	396	1	396	9.434E-262	799
NP_001191432.1	rfXP_032983046.1	0.770	222	50	0	1	220	1	222	8.224E-105	337
NP_001191432.1	rfXP_032983047.1	0.770	222	50	0	1	220	1	222	8.224E-105	337
NP_001450.2	rfXP_032983046.1	0.770	222	50	0	1	220	1	222	8.224E-105	337
NP_001450.2	rfXP_032983047.1	0.770	222	50	0	1	220	1	222	8.224E-105	337
NP_002951.1	rfXP_032949574.1	0.881	101	12	0	1	101	1	101	2.595E-60	201
NP_002952.1	rfXP_032948946.1	0.970	101	3	0	1	101	1	101	9.539E-63	208
NP_062427.1	rfXP_032948946.1	0.970	101	3	0	1	101	1	101	9.539E-63	208
NP_002953.2	rfXP_032949157.1	0.923	92	7	0	1	92	1	92	8.320E-52	176
XP_005245487.1	rfXP_032949157.1	0.923	92	7	0	19	110	1	92	1.992E-51	176
XP_005245487.1	rfXP_032949157.1	0.923	92	7	0	19	110	1	92	1.992E-51	176
NP_002954.2	rfXP_032949447.1	0.584	101	42	0	1	101	1	101	1.320E-35	130
XP_005245488.1	rfXP_032949447.1	0.584	101	42	0	1	101	1	101	1.320E-35	130
NP_000939.1	rfXP_032970932.1	0.755	229	55	0	1	227	1	229	9.238E-117	371
NP_001157030.1	rfXP_032970932.1	0.755	229	55	0	1	227	1	229	9.238E-117	371
NP_004149.1	rfXP_032989266.1	0.772	156	35	0	1	156	1	153	8.234E-75	246
NP_002816.1	rfXP_032954496.1	0.976	168	4	0	1	168	1	168	9.236E-113	356
NP_002816.1	rfXP_032954497.1	0.976	168	4	0	1	168	1	168	9.236E-113	356
NP_783165.1	rfXP_032947562.1	0.944	576	32	0	1	576	1	575	0.000E+00	1192
NP_002382.1	rfXP_032977656.1	0.930	143	10	0	1	143	1	143	7.782E-94	300
NP_002382.1	rfXP_032977657.1	0.930	143	10	0	1	143	1	143	7.782E-94	300
NP_002382.1	rfXP_032977658.1	0.930	143	10	0	1	143	1	143	7.782E-94	300
NP_002382.1	rfXP_032977659.1	0.930	143	10	0	1	143	1	143	7.782E-94	300
NP_001243474.1	rfXP_032966826.1	0.960	1140	46	0	1	1140	1	1140	0.000E+00	2587
NP_001243474.1	rfXP_032966823.1	0.960	1140	46	0	1	1140	1	1140	0.000E+00	2587
NP_001243474.1	rfXP_032966824.1	0.960	1140	46	0	1	1140	1	1140	0.000E+00	2587
NP_001243474.1	rfXP_032966822.1	0.960	1140	46	0	1	1140	9	1148	0.000E+00	2587
NP_001243474.1	rfXP_032966821.1	0.960	1140	46	0	1	1140	16	1155	0.000E+00	2587
NP_001243474.1	rfXP_032966820.1	0.960	1140	46	0	1	1140	47	1186	0.000E+00	2587
NP_115822.1	rfXP_032966826.1	0.960	1140	46	0	1	1140	1	1140	0.000E+00	2587
NP_115822.1	rfXP_032966823.1	0.960	1140	46	0	1	1140	1	1140	0.000E+00	2587
NP_115822.1	rfXP_032966824.1	0.960	1140	46	0	1	1140	1	1140	0.000E+00	2587
NP_115822.1	rfXP_032966822.1	0.960	1140	46	0	1	1140	9	1148	0.000E+00	2587
NP_115822.1	rfXP_032966821.1	0.960	1140	46	0	1	1140	16	1155	0.000E+00	2587
NP_115822.1	rfXP_032966820.1	0.960	1140	46	0	1	1140	47	1186	0.000E+00	2587
NP_115821.2	rfXP_032963247.1	0.954	1044	48	0	1	1044	1	1044	0.000E+00	2372
NP_062825.1	rfXP_032960572.1	0.962	211	8	0	1	211	1	211	6.051E-139	434
NP_061986.1	rfXP_032984499.1	0.784	209	45	0	1	209	1	208	6.122E-104	333
XP_005258788.1	rfXP_032984499.1	0.784	209	45	0	1	209	1	208	6.122E-104	333
NP_065688.1	rfXP_032990986.1	0.764	170	40	0	1	170	1	170	1.226E-85	278
NP_065689.1	rfXP_032973406.1	0.809	251	47	0	1	251	1	247	5.733E-134	422
NP_005238.1	rfXP_032975944.1	0.909	220	19	0	1	215	1	220	8.810E-132	415
NP_001998.1	rfXP_032975946.1	0.932	206	14	0	1	206	1	206	7.347E-126	396
XP_006718538.1	rfXP_032975946.1	0.932	206	14	0	1	206	1	206	7.347E-126	396
NP_061194.2	rfXP_032950060.1	0.727	176	48	0	1	176	1	176	1.066E-81	267
NP_065386.1	rfXP_032974528.1	0.750	179	45	0	1	179	1	179	1.347E-80	264
XP_005268986.1	rfXP_032974528.1	0.750	179	45	0	1	179	1	179	1.347E-80	264
NP_057668.1	rfXP_032972095.1	0.819	194	34	0	1	189	1	194	1.313E-102	328
NP_001172085.1	rfXP_032949918.1	0.692	179	55	0	29	207	5	183	1.278E-77	257
NP_006841.1	rfXP_032949918.1	0.692	179	55	0	28	206	5	183	1.223E-77	257
NP_000591.1	rfXP_032944564.1	0.594	212	84	0	1	212	1	209	2.688E-80	265
NP_055297.1	rfXP_032981024.1	0.905	424	40	0	1	424	1	424	1.561E-261	800
NP_001711.2	rfXP_032969546.1	0.905	402	38	0	1	402	1	402	1.976E-256	784
NP_001711.2	rfXP_032970087.1	0.905	402	38	0	1	402	1	402	1.976E-256	784
NP_066988.1	rfXP_032949962.1	0.950	783	39	0	1	783	1	783	0.000E+00	1578
XP_005245174.1	rfXP_032955761.1	0.971	766	22	0	1	766	1	766	0.000E+00	1574
XP_005245175.1	rfXP_032955761.1	0.971	766	22	0	1	766	1	766	0.000E+00	1574
XP_005245176.1	rfXP_032955761.1	0.971	766	22	0	1	766	1	766	0.000E+00	1574
XP_005245177.1	rfXP_032955761.1	0.971	766	22	0	1	766	1	766	0.000E+00	1574
NP_001720.1	rfXP_032961197.1	0.764	178	41	0	1	178	1	173	1.617E-86	281
NP_006265.1	rfXP_032978476.1	0.734	98	25	0	1	98	5	100	1.530E-40	144
NP_006265.1	rfXP_032978475.1	0.734	98	25	0	1	98	71	166	1.530E-40	144
NP_001123518.1	rfXP_032968554.1	0.684	95	30	0	1	95	2	96	2.666E-41	146
NP_004582.1	rfXP_032968553.1	0.687	96	30	0	1	96	2	97	1.255E-41	147
NP_002980.1	rfXP_032978477.1	0.738	134	34	0	1	134	1	130	1.144E-60	204
NP_002981.2	rfXP_032983716.1	0.663	92	31	0	1	92	1	92	1.477E-38	138
NP_000600.1	rfXP_032985876.1	0.881	93	11	0	1	93	1	93	7.898E-53	179
NP_958854.1	rfXP_032979937.1	0.862	270	37	0	4	272	6	275	1.072E-163	509
NP_958854.1	rfXP_032979938.1	0.862	270	37	0	4	272	6	275	1.072E-163	509
NP_958854.1	rfXP_032979939.1	0.862	270	37	0	4	272	6	275	1.072E-163	509
NP_085155.1	rfXP_032952814.1	0.884	294	34	0	1	293	1	294	8.607E-185	571
NP_001257918.1	rfXP_032962316.1	0.864	125	17	0	25	149	1	124	1.001E-71	237
NP_056322.2	rfXP_032967165.1	0.824	553	97	0	1	552	1	553	0.000E+00	1019
NP_057299.1	rfXP_032979937.1	0.862	270	37	0	4	272	6	275	1.072E-163	509
NP_057299.1	rfXP_032979938.1	0.862	270	37	0	4	272	6	275	1.072E-163	509
NP_057299.1	rfXP_032979939.1	0.862	270	37	0	4	272	6	275	1.072E-163	509
XP_005245491.1	rfXP_032949714.1	0.887	98	11	0	1	98	1	98	5.009E-52	177
XP_005245491.1	rfXP_032949715.1	0.887	98	11	0	1	98	1	98	5.009E-52	177
XP_005245491.1	rfXP_032949713.1	0.887	98	11	0	1	98	21	118	5.009E-52	177
XP_005245419.1	rfXP_032949717.1	0.912	103	9	0	1	103	1	103	3.321E-59	198
XP_006711531.1	rfXP_032949717.1	0.912	103	9	0	1	103	1	103	3.321E-59	198
NP_525127.1	rfXP_032950065.1	0.893	103	11	0	1	103	1	103	1.570E-58	196
NP_525127.1	rfXP_032950066.1	0.893	103	11	0	1	103	1	103	1.570E-58	196
XP_005244962.1	rfXP_032950065.1	0.893	103	11	0	1	103	1	103	1.570E-58	196
XP_005244962.1	rfXP_032950066.1	0.893	103	11	0	1	103	1	103	1.570E-58	196
XP_005244963.1	rfXP_032950065.1	0.893	103	11	0	1	103	1	103	1.570E-58	196
XP_005244963.1	rfXP_032950066.1	0.893	103	11	0	1	103	1	103	1.570E-58	196
NP_005969.1	rfXP_032948014.1	0.886	97	11	0	1	97	1	97	8.686E-54	182
NP_005969.1	rfXP_032948015.1	0.886	97	11	0	1	97	1	97	8.686E-54	182
NP_005969.1	rfXP_032948016.1	0.886	97	11	0	1	97	1	97	8.686E-54	182
NP_002955.2	rfXP_032949090.1	0.696	89	27	0	1	89	1	89	2.420E-41	146
NP_002956.1	rfXP_032949639.1	0.635	107	38	0	6	111	3	109	7.248E-40	143
NP_003367.4	rfXP_032952366.1	0.944	215	12	0	181	395	1	214	7.325E-140	447
NP_000580.1	rfXP_032952834.1	0.505	150	66	0	1	150	1	134	1.106E-36	136
NP_002160.1	rfXP_032979153.1	0.732	176	47	0	1	176	1	176	7.212E-84	274
NP_001166243.1	rfXP_032983063.1	0.742	229	58	0	1	229	1	226	3.201E-110	353
NP_001166243.1	rfXP_032983064.1	0.742	229	58	0	1	229	1	226	3.201E-110	353
NP_001166243.1	rfXP_032983066.1	0.742	229	58	0	1	229	1	226	3.201E-110	353
NP_001166243.1	rfXP_032983067.1	0.742	229	58	0	1	229	1	226	3.201E-110	353
NP_001138.1	rfXP_032960377.1	0.911	496	44	0	1	496	1	496	3.788E-314	956
NP_057069.1	rfXP_032950617.1	0.705	503	147	0	1	503	1	498	3.714E-229	711
NP_004664.1	rfXP_032948583.1	0.945	491	27	0	1	491	12	502	0.000E+00	1004
XP_005245634.1	rfXP_032948583.1	0.945	491	27	0	1	491	12	502	0.000E+00	1004
NP_036230.1	rfXP_032978466.1	0.969	493	15	0	1	493	1	493	0.000E+00	1036
NP_055310.1	rfXP_032969967.1	0.839	460	74	0	1	460	1	459	2.338E-266	816
NP_647475.1	rfXP_032991111.1	0.798	412	82	0	1	406	1	412	5.805E-220	679
NP_835228.2	rfXP_032977424.1	0.907	388	36	0	1	388	1	388	2.356E-247	757
NP_114123.2	rfXP_032989866.1	0.882	470	54	0	1	470	1	462	1.601E-284	869
NP_114123.2	rfXP_032989868.1	0.882	470	54	0	1	470	1	462	1.601E-284	869
NP_114123.2	rfXP_032989869.1	0.882	470	54	0	1	470	1	462	1.601E-284	869
NP_114123.2	rfXP_032989870.1	0.882	470	54	0	1	470	1	462	1.601E-284	869
NP_114123.2	rfXP_032989871.1	0.882	470	54	0	1	470	1	462	1.601E-284	869
NP_066969.1	rfXP_032969363.1	0.901	346	34	0	1	346	1	344	1.977E-219	674
NP_001648.1	rfXP_032962195.1	0.790	253	53	0	1	252	1	253	1.464E-132	418
NP_476432.2	rfXP_032969236.1	0.790	220	46	0	1	220	1	220	1.968E-113	361
NP_001007140.2	rfXP_032975466.1	0.889	181	20	0	1	180	1	181	5.874E-107	340
NP_001007140.2	rfXP_032975467.1	0.889	181	20	0	1	180	1	181	5.874E-107	340
NP_001121070.1	rfXP_032975468.1	0.873	237	30	0	1	236	1	237	1.067E-136	429
NP_001278790.1	rfXP_032975466.1	0.889	181	20	0	1	180	1	181	5.874E-107	340
NP_001278790.1	rfXP_032975467.1	0.889	181	20	0	1	180	1	181	5.874E-107	340
NP_006564.1	rfXP_032960508.1	0.817	290	52	0	1	285	1	290	1.262E-150	472
NP_003798.2	rfXP_032990501.1	0.793	241	49	0	1	240	1	241	7.976E-125	395
NP_005083.2	rfXP_032949037.1	0.696	178	54	0	23	199	1	178	2.773E-82	270
NP_003317.1	rfXP_032949036.1	0.664	182	60	0	1	182	1	180	2.850E-74	246
NP_996890.1	rfXP_032947688.1	0.880	92	11	0	1	92	1	92	8.320E-52	176
NP_006264.2	rfXP_032946543.1	0.673	98	32	0	1	98	1	98	8.832E-39	139
NP_005614.2	rfXP_032946827.1	0.686	99	31	0	1	99	1	99	2.918E-42	149
