NP_001007538.1	sbXP_066110943.1	0.849	332	50	0	1	332	1	332	8.822E-205	631
NP_001007538.1	sbXP_066110944.1	0.849	332	50	0	1	332	1	332	8.822E-205	631
NP_001007538.1	sbXP_066110945.1	0.849	332	50	0	1	332	1	332	8.822E-205	631
NP_001007538.1	sbXP_066110946.1	0.849	332	50	0	1	332	1	332	8.822E-205	631
NP_001007538.1	sbXP_066110947.1	0.849	332	50	0	1	332	1	332	8.822E-205	631
NP_004616.2	sbXP_066097319.1	0.994	349	2	0	1	349	1	349	1.722E-248	758
NP_002178.2	sbXP_066133555.1	0.820	328	58	0	1	328	1	325	1.813E-185	575
XP_005269501.1	sbXP_066099820.1	0.923	735	55	0	1	720	1	735	0.000E+00	1375
NP_612640.1	sbXP_066094585.1	0.801	111	22	0	1	110	1	111	5.175E-60	201
NP_612640.1	sbXP_066094586.1	0.801	111	22	0	1	110	1	111	5.175E-60	201
NP_612640.1	sbXP_066094587.1	0.801	111	22	0	1	110	1	111	5.175E-60	201
NP_612640.1	sbXP_066094589.1	0.801	111	22	0	1	110	1	111	5.175E-60	201
NP_612640.1	sbXP_066094590.1	0.801	111	22	0	1	110	1	111	5.175E-60	201
NP_004549.1	sbXP_066109465.1	0.878	197	24	0	1	197	1	197	1.514E-113	360
NP_004549.1	sbXP_066109466.1	0.878	197	24	0	1	197	1	197	1.514E-113	360
NP_004549.1	sbXP_066109463.1	0.878	197	24	0	1	197	1	197	1.514E-113	360
NP_004549.1	sbXP_066109464.1	0.878	197	24	0	1	197	1	197	1.514E-113	360
NP_001096124.1	sbXP_066109220.1	0.962	270	10	0	1	270	1	270	3.707E-174	539
NP_878248.2	sbXP_066092960.1	0.843	450	70	0	1	450	1	450	5.830E-251	771
NP_001275753.1	sbXP_066134438.1	0.811	366	68	0	1	366	1	362	1.182E-200	621
NP_001275753.1	sbXP_066134439.1	0.811	366	68	0	1	366	1	362	1.182E-200	621
NP_001275753.1	sbXP_066134440.1	0.811	366	68	0	1	366	1	362	1.182E-200	621
NP_005251.1	sbXP_066134437.1	0.800	454	90	0	1	454	1	450	5.418E-245	754
NP_000505.1	sbXP_066109641.1	0.938	211	13	0	1	211	1	210	1.079E-132	416
XP_006716019.1	sbXP_066095953.1	0.920	729	58	0	1	727	1	729	0.000E+00	1519
NP_002952.1	sbXP_066111302.1	0.960	101	4	0	1	101	1	101	2.148E-62	207
NP_000651.3	sbXP_066099035.1	0.897	390	40	0	1	390	1	389	2.041E-241	740
NP_001129071.1	sbXP_066094206.1	0.975	442	11	0	1	442	1	442	5.034E-301	915
NP_003229.1	sbXP_066094207.1	0.973	414	11	0	1	414	1	414	1.732E-281	857
NP_003230.1	sbXP_066132587.1	0.951	412	20	0	1	412	1	408	3.294E-273	833
XP_005268085.1	sbXP_066132587.1	0.951	412	20	0	1	412	1	408	3.294E-273	833
XP_005245436.1	sbXP_066117308.1	0.950	783	39	0	1	783	1	783	0.000E+00	1574
NP_950252.1	sbXP_066109610.1	0.955	766	34	0	1	766	1	766	0.000E+00	1555
NP_950252.1	sbXP_066109611.1	0.955	766	34	0	1	766	1	766	0.000E+00	1555
NP_950252.1	sbXP_066109612.1	0.955	766	34	0	1	766	1	766	0.000E+00	1555
XP_005245174.1	sbXP_066109610.1	0.955	766	34	0	1	766	1	766	0.000E+00	1555
XP_005245174.1	sbXP_066109611.1	0.955	766	34	0	1	766	1	766	0.000E+00	1555
XP_005245174.1	sbXP_066109612.1	0.955	766	34	0	1	766	1	766	0.000E+00	1555
XP_005245175.1	sbXP_066109610.1	0.955	766	34	0	1	766	1	766	0.000E+00	1555
XP_005245175.1	sbXP_066109611.1	0.955	766	34	0	1	766	1	766	0.000E+00	1555
XP_005245175.1	sbXP_066109612.1	0.955	766	34	0	1	766	1	766	0.000E+00	1555
XP_005245176.1	sbXP_066109610.1	0.955	766	34	0	1	766	1	766	0.000E+00	1555
XP_005245176.1	sbXP_066109611.1	0.955	766	34	0	1	766	1	766	0.000E+00	1555
XP_005245176.1	sbXP_066109612.1	0.955	766	34	0	1	766	1	766	0.000E+00	1555
XP_005245177.1	sbXP_066109610.1	0.955	766	34	0	1	766	1	766	0.000E+00	1555
XP_005245177.1	sbXP_066109611.1	0.955	766	34	0	1	766	1	766	0.000E+00	1555
XP_005245177.1	sbXP_066109612.1	0.955	766	34	0	1	766	1	766	0.000E+00	1555
NP_001720.1	sbXP_066137161.1	0.719	178	48	0	1	178	1	171	4.834E-83	271
NP_002977.1	sbXP_066111474.1	0.742	97	25	0	1	97	1	96	1.085E-43	153
NP_005399.1	sbXP_066111475.1	0.684	95	30	0	1	95	1	95	8.512E-39	139
NP_116739.1	sbXP_066119479.1	0.569	93	38	0	1	89	1	93	6.193E-32	119
NP_116741.2	sbXP_066119475.1	0.477	113	56	0	1	109	1	113	1.051E-27	108
NP_004581.1	sbXP_066119477.1	0.710	100	29	0	1	100	1	100	7.917E-42	149
XP_005258077.1	sbXP_066119477.1	0.710	100	29	0	1	100	1	100	7.917E-42	149
XP_006725397.1	sbXP_066119477.1	0.710	100	29	0	1	100	1	100	7.917E-42	149
NP_002978.1	sbXP_066099452.1	0.670	91	30	0	1	91	17	107	3.872E-37	134
NP_006265.1	sbXP_066110802.1	0.742	97	24	0	2	98	26	120	1.139E-43	153
NP_001123518.1	sbXP_066137086.1	0.652	92	32	0	4	95	6	97	4.062E-37	134
NP_004455.2	sbXP_066136446.1	0.914	268	23	0	1	268	1	268	2.522E-160	499
NP_066276.2	sbXP_066110878.1	0.932	208	14	0	1	208	1	208	1.366E-128	404
NP_002000.1	sbXP_066133133.1	0.953	194	9	0	1	194	1	194	1.563E-128	403
NP_006110.1	sbXP_066095540.1	1.000	215	0	0	1	215	1	215	4.609E-144	449
NP_149353.1	sbXP_066095538.1	0.991	244	2	0	1	244	1	244	1.653E-161	501
NP_149354.1	sbXP_066095539.1	0.991	233	2	0	1	233	1	233	1.897E-154	480
NP_149355.1	sbXP_066095541.1	1.000	204	0	0	1	204	1	204	1.178E-136	427
NP_002001.1	sbXP_066115125.1	0.995	209	1	0	1	208	13	221	2.169E-140	438
NP_002001.1	sbXP_066115127.1	0.995	209	1	0	1	208	13	221	2.169E-140	438
NP_005121.1	sbXP_066089016.1	0.544	245	106	0	1	234	21	265	2.264E-75	252
NP_000591.1	sbXP_066096104.1	0.500	212	104	0	1	212	29	236	2.833E-62	213
NP_000871.1	sbXP_066122460.1	0.604	177	69	0	1	177	1	176	5.129E-65	219
NP_000581.1	sbXP_066132875.1	0.683	139	44	0	1	139	1	139	9.124E-60	202
NP_002182.1	sbXP_066136328.1	0.793	364	75	0	3	366	5	366	3.151E-198	614
NP_002183.1	sbXP_066132654.1	0.927	426	31	0	1	426	1	420	3.120E-272	831
NP_002184.2	sbXP_066088885.1	0.963	407	15	0	1	407	1	407	8.119E-278	846
NP_002976.2	sbXP_066111480.1	0.835	91	15	0	1	91	1	91	4.872E-49	168
NP_005614.2	sbXP_066111472.1	0.676	99	32	0	1	99	1	99	7.278E-41	145
NP_115934.1	sbXP_066092360.1	0.544	214	90	0	1	198	14	227	7.605E-74	247
NP_003732.2	sbXP_066097509.1	0.888	956	107	0	1	955	1	956	0.000E+00	1820
XP_005247907.1	sbXP_066097508.1	0.887	957	108	0	1	954	1	957	0.000E+00	1818
NP_001137454.1	sbXP_066104969.1	0.956	458	20	0	1	457	69	526	3.261E-322	977
NP_001321.1	sbXP_066131814.1	0.826	202	34	0	1	199	1	202	6.230E-100	321
NP_039251.2	sbXP_066091713.1	0.930	637	44	0	1	637	1	636	0.000E+00	1223
NP_039256.2	sbXP_066091716.1	0.905	425	40	0	1	422	1	425	9.337E-258	789
NP_039258.1	sbXP_066091712.1	0.931	640	44	0	1	640	1	639	0.000E+00	1228
NP_004874.1	sbXP_066128774.1	0.944	850	47	0	1	850	1	834	0.000E+00	1646
NP_053584.1	sbXP_066128775.1	0.944	844	46	0	1	844	1	828	0.000E+00	1632
NP_053586.1	sbXP_066128773.1	0.944	852	47	0	1	852	1	836	0.000E+00	1649
NP_775184.1	sbXP_066120924.1	0.827	151	26	0	1	151	49	199	3.510E-82	267
NP_000600.1	sbXP_066098711.1	0.935	93	6	0	1	93	1	93	1.314E-55	187
NP_001244134.1	sbXP_066128921.1	0.948	155	8	0	1	155	1	155	3.527E-100	319
NP_001244134.1	sbXP_066128923.1	0.948	155	8	0	1	155	1	155	3.527E-100	319
NP_001244134.1	sbXP_066128924.1	0.948	155	8	0	1	155	1	155	3.527E-100	319
NP_001244134.1	sbXP_066128925.1	0.948	155	8	0	1	155	1	155	3.527E-100	319
NP_001244134.1	sbXP_066128926.1	0.948	155	8	0	1	155	1	155	3.527E-100	319
NP_001244134.1	sbXP_066128927.1	0.948	155	8	0	1	155	1	155	3.527E-100	319
NP_001244134.1	sbXP_066128928.1	0.948	155	8	0	1	155	1	155	3.527E-100	319
NP_757373.1	sbXP_066110677.1	0.691	201	60	0	2	202	30	223	3.199E-83	273
NP_005238.1	sbXP_066110181.1	0.891	220	23	0	1	215	1	220	1.178E-128	406
NP_002984.1	sbXP_066135897.1	0.549	111	46	0	1	104	1	111	2.002E-29	113
NP_000575.1	sbXP_066135720.1	0.773	97	22	0	1	97	1	97	2.174E-45	158
NP_002407.1	sbXP_066088684.1	0.706	125	36	0	1	125	1	125	2.028E-50	174
NP_066382.1	sbXP_066110912.1	0.974	396	10	0	1	396	1	396	3.256E-265	809
XP_006724879.1	sbXP_066106338.1	0.916	2100	175	0	1	2079	1	2100	0.000E+00	3869
XP_006724878.1	sbXP_066106337.1	0.916	2101	175	0	1	2080	1	2101	0.000E+00	3870
NP_037452.1	sbXP_066119194.1	0.934	792	52	0	1	792	1	791	0.000E+00	1561
NP_000592.3	sbXP_066095953.1	0.920	729	58	0	1	727	1	729	0.000E+00	1519
NP_001010931.1	sbXP_066095955.1	0.916	289	24	0	1	289	1	289	6.030E-196	603
NP_001010932.1	sbXP_066095954.1	0.919	724	58	0	1	722	1	724	0.000E+00	1509
NP_001186788.1	sbXP_066121915.1	0.933	497	33	0	1	497	1	495	0.000E+00	990
NP_001137283.1	sbXP_066107260.1	0.983	247	4	0	1	247	1	247	6.467E-165	511
NP_001137283.1	sbXP_066107261.1	0.983	247	4	0	1	247	1	247	6.467E-165	511
NP_057299.1	sbXP_066111874.1	0.798	272	55	0	1	272	1	272	2.744E-153	479
NP_057299.1	sbXP_066111875.1	0.798	272	55	0	1	272	1	272	2.744E-153	479
NP_001257918.1	sbXP_066088988.1	0.824	154	26	0	1	154	1	149	1.430E-84	274
NP_071920.1	sbXP_066088770.1	0.962	700	27	0	1	700	1	700	0.000E+00	1456
NP_001278791.1	sbXP_066108446.1	0.872	181	23	0	1	180	1	181	1.598E-104	333
NP_001278791.1	sbXP_066108447.1	0.872	181	23	0	1	180	1	181	1.598E-104	333
NP_001278791.1	sbXP_066108448.1	0.872	181	23	0	1	180	1	181	1.598E-104	333
NP_872317.1	sbXP_066103376.1	0.964	224	8	0	1	224	1	224	1.030E-139	437
NP_872317.1	sbXP_066103374.1	0.964	224	8	0	1	224	58	281	1.030E-139	437
NP_872317.1	sbXP_066103373.1	0.964	224	8	0	1	224	73	296	1.030E-139	437
NP_001244139.1	sbXP_066128921.1	0.948	155	8	0	1	155	1	155	3.527E-100	319
NP_001244139.1	sbXP_066128923.1	0.948	155	8	0	1	155	1	155	3.527E-100	319
NP_001244139.1	sbXP_066128924.1	0.948	155	8	0	1	155	1	155	3.527E-100	319
NP_001244139.1	sbXP_066128925.1	0.948	155	8	0	1	155	1	155	3.527E-100	319
NP_001244139.1	sbXP_066128926.1	0.948	155	8	0	1	155	1	155	3.527E-100	319
NP_001244139.1	sbXP_066128927.1	0.948	155	8	0	1	155	1	155	3.527E-100	319
NP_001244139.1	sbXP_066128928.1	0.948	155	8	0	1	155	1	155	3.527E-100	319
NP_004456.1	sbXP_066096723.1	0.914	223	18	0	1	208	1	223	3.168E-136	426
XP_005248321.1	sbXP_066096723.1	0.914	223	18	0	1	208	1	223	3.168E-136	426
NP_004103.1	sbXP_066120228.1	0.973	225	6	0	1	225	1	225	5.582E-147	458
NP_004104.3	sbXP_066097306.1	1.000	181	0	0	1	181	1	181	1.801E-120	379
NP_066360.1	sbXP_066097304.1	1.000	243	0	0	1	243	1	243	1.577E-161	501
NP_001132970.1	sbXP_066105876.1	0.989	199	2	0	1	199	1	199	7.377E-131	410
NP_001132972.1	sbXP_066105871.1	0.988	255	3	0	1	255	1	255	5.378E-171	529
NP_001132972.1	sbXP_066105872.1	0.988	255	3	0	1	255	1	255	5.378E-171	529
NP_001132972.1	sbXP_066105873.1	0.988	255	3	0	1	255	1	255	5.378E-171	529
NP_001132973.1	sbXP_066105875.1	0.991	226	2	0	1	226	1	226	1.805E-151	471
NP_001132974.1	sbXP_066105875.1	0.991	226	2	0	1	226	1	226	1.805E-151	471
NP_004105.1	sbXP_066105874.1	0.991	245	2	0	1	245	1	245	1.733E-161	501
NP_378668.1	sbXP_066105877.1	0.989	192	2	0	1	192	1	192	8.500E-126	395
NP_003227.1	sbXP_066123437.1	0.906	160	15	0	1	160	1	160	1.098E-98	315
NP_000451.1	sbXP_066097759.1	0.776	353	78	0	1	351	1	353	2.027E-170	533
NP_000451.1	sbXP_066097760.1	0.776	353	78	0	1	351	1	353	2.027E-170	533
NP_001171068.1	sbXP_066097761.1	0.773	349	79	0	1	347	1	349	2.221E-167	524
NP_001171069.1	sbXP_066097765.1	0.786	318	68	0	1	318	1	318	1.952E-171	534
NP_001276926.1	sbXP_066097762.1	0.807	285	55	0	1	285	1	285	3.789E-156	488
NP_001276927.1	sbXP_066097759.1	0.776	353	78	0	1	351	1	353	2.027E-170	533
NP_001276927.1	sbXP_066097760.1	0.776	353	78	0	1	351	1	353	2.027E-170	533
NP_001276932.1	sbXP_066097759.1	0.776	353	78	0	141	491	1	353	8.645E-168	533
NP_001276932.1	sbXP_066097760.1	0.776	353	78	0	141	491	1	353	8.645E-168	533
NP_001276951.1	sbXP_066097761.1	0.773	349	79	0	1	347	1	349	2.221E-167	524
NP_001276955.1	sbXP_066097765.1	0.786	318	68	0	1	318	1	318	1.952E-171	534
NP_001276956.1	sbXP_066097762.1	0.807	285	55	0	1	285	1	285	3.789E-156	488
NP_001244138.1	sbXP_066128921.1	0.948	155	8	0	1	155	1	155	3.527E-100	319
NP_001244138.1	sbXP_066128923.1	0.948	155	8	0	1	155	1	155	3.527E-100	319
NP_001244138.1	sbXP_066128924.1	0.948	155	8	0	1	155	1	155	3.527E-100	319
NP_001244138.1	sbXP_066128925.1	0.948	155	8	0	1	155	1	155	3.527E-100	319
NP_001244138.1	sbXP_066128926.1	0.948	155	8	0	1	155	1	155	3.527E-100	319
NP_001244138.1	sbXP_066128927.1	0.948	155	8	0	1	155	1	155	3.527E-100	319
NP_001244138.1	sbXP_066128928.1	0.948	155	8	0	1	155	1	155	3.527E-100	319
XP_006722457.1	sbXP_066103376.1	0.964	224	8	0	1	224	1	224	1.030E-139	437
XP_006722457.1	sbXP_066103374.1	0.964	224	8	0	1	224	58	281	1.030E-139	437
XP_006722457.1	sbXP_066103373.1	0.964	224	8	0	1	224	73	296	1.030E-139	437
NP_001034860.1	sbXP_066133688.1	0.926	205	15	0	1	205	1	205	3.186E-126	397
NP_542184.1	sbXP_066093381.1	0.975	201	5	0	1	201	1	201	5.862E-126	396
NP_597716.1	sbXP_066103206.1	0.856	411	58	0	1	404	1	411	9.014E-259	791
XP_005266705.1	sbXP_066103206.1	0.856	411	58	0	1	404	1	411	9.014E-259	791
XP_006722456.1	sbXP_066103206.1	0.856	411	58	0	1	404	1	411	9.014E-259	791
NP_037378.1	sbXP_066108286.1	0.960	225	9	0	1	225	1	225	4.206E-150	467
NP_000605.1	sbXP_066107677.1	0.815	200	37	0	1	200	1	200	6.833E-107	341
NP_003368.1	sbXP_066107961.1	0.927	207	15	0	1	207	1	206	6.443E-128	402
NP_005420.1	sbXP_066090908.1	0.822	412	73	0	8	419	8	419	6.939E-251	769
NP_940972.2	sbXP_066095213.1	0.926	328	24	0	1	325	1	328	1.513E-220	676
NP_001073969.1	sbXP_066135857.1	0.986	222	3	0	1	222	1	222	1.965E-165	511
NP_444514.1	sbXP_066134471.1	0.870	548	71	0	1	548	1	547	0.000E+00	1030
NP_006410.1	sbXP_066089218.1	0.468	96	50	0	1	95	1	96	8.031E-21	88
XP_006714126.1	sbXP_066089218.1	0.468	96	50	0	1	95	1	96	8.031E-21	88
NP_004878.2	sbXP_066128627.1	0.939	99	6	0	13	111	1	99	4.268E-60	201
NP_002080.1	sbXP_066088860.1	0.768	108	25	0	1	107	1	108	4.749E-49	169
XP_005262456.1	sbXP_066105871.1	0.988	255	3	0	1	255	1	255	5.378E-171	529
XP_005262456.1	sbXP_066105872.1	0.988	255	3	0	1	255	1	255	5.378E-171	529
XP_005262456.1	sbXP_066105873.1	0.988	255	3	0	1	255	1	255	5.378E-171	529
NP_004106.1	sbXP_066090792.1	0.995	247	1	0	1	247	1	247	1.438E-164	510
NP_787125.1	sbXP_066090791.1	0.996	252	1	0	1	252	1	252	1.911E-172	533
NP_003859.1	sbXP_066105337.1	0.927	207	15	0	1	207	1	207	4.014E-133	417
NP_003858.1	sbXP_066109356.1	0.948	212	11	0	1	212	1	212	1.029E-135	425
XP_005273733.1	sbXP_066109358.1	0.945	201	11	0	1	201	1	201	6.444E-127	399
NP_003853.1	sbXP_066133661.1	0.990	206	2	0	1	206	1	206	5.559E-138	431
NP_005108.1	sbXP_066110178.1	0.786	215	46	0	2	216	5	219	7.436E-114	362
NP_001997.5	sbXP_066089808.1	0.967	155	5	0	134	288	1	155	2.977E-98	321
NP_062825.1	sbXP_066092284.1	0.962	211	8	0	1	211	1	211	6.116E-139	434
NP_110380.1	sbXP_066111421.1	0.994	355	2	0	1	355	1	355	2.204E-257	784
NP_149122.1	sbXP_066122380.1	0.931	352	24	0	1	352	1	352	4.164E-240	734
NP_110388.2	sbXP_066126256.1	1.000	351	0	0	1	351	1	351	2.742E-244	746
NP_003383.2	sbXP_066101356.1	0.992	380	3	0	1	380	1	380	6.307E-267	813
NP_110402.2	sbXP_066114806.1	0.924	359	27	0	1	359	28	385	6.343E-239	731
NP_116031.1	sbXP_066114806.1	0.924	359	27	0	1	359	28	385	6.343E-239	731
NP_006513.1	sbXP_066136257.1	0.956	365	16	0	1	365	1	365	8.914E-247	754
NP_005802.1	sbXP_066114568.1	0.975	407	10	0	1	407	1	400	4.394E-276	841
XP_006719256.1	sbXP_066114568.1	0.975	407	10	0	1	407	1	400	4.394E-276	841
XP_006719257.1	sbXP_066114568.1	0.975	407	10	0	1	407	1	400	4.394E-276	841
NP_004855.2	sbXP_066125459.1	0.561	321	135	0	1	308	8	328	7.696E-106	344
NP_057288.1	sbXP_066098875.1	0.819	426	77	0	5	429	5	430	1.766E-236	728
NP_065685.1	sbXP_066109207.1	0.808	365	70	0	1	364	1	365	1.822E-203	629
NP_000548.2	sbXP_066091444.1	0.958	501	21	0	1	501	1	499	0.000E+00	1009
NP_001001557.1	sbXP_066120744.1	0.896	461	47	0	1	455	1	461	1.166E-280	857
NP_003317.1	sbXP_066117276.1	0.659	182	61	0	1	182	1	181	3.477E-72	240
NP_003367.4	sbXP_066107483.1	0.914	187	16	0	209	395	1	186	2.490E-115	376
NP_003367.4	sbXP_066107492.1	0.914	187	16	0	209	395	1	186	2.490E-115	376
NP_001230662.1	sbXP_066107959.1	0.920	188	15	0	1	188	1	187	1.368E-118	374
NP_000586.2	sbXP_066108995.1	0.673	205	63	0	1	205	1	193	3.672E-82	270
NP_000586.2	sbXP_066108996.1	0.673	205	63	0	1	205	1	193	3.672E-82	270
NP_001153212.1	sbXP_066108995.1	0.673	205	63	0	1	205	1	193	3.672E-82	270
NP_001153212.1	sbXP_066108996.1	0.673	205	63	0	1	205	1	193	3.672E-82	270
NP_002332.1	sbXP_066124303.1	0.764	244	57	0	1	244	1	241	5.440E-114	364
NP_001012333.1	sbXP_066107490.1	0.944	143	8	0	1	143	1	143	3.208E-95	304
NP_001012333.1	sbXP_066107491.1	0.944	143	8	0	1	143	1	143	3.208E-95	304
NP_001012333.1	sbXP_066107493.1	0.944	143	8	0	1	143	1	143	3.208E-95	304
NP_001012334.1	sbXP_066107490.1	0.944	143	8	0	1	143	1	143	3.208E-95	304
NP_001012334.1	sbXP_066107491.1	0.944	143	8	0	1	143	1	143	3.208E-95	304
NP_001012334.1	sbXP_066107493.1	0.944	143	8	0	1	143	1	143	3.208E-95	304
NP_001257479.1	sbXP_066107490.1	0.944	143	8	0	1	143	1	143	3.208E-95	304
NP_001257479.1	sbXP_066107491.1	0.944	143	8	0	1	143	1	143	3.208E-95	304
NP_001257479.1	sbXP_066107493.1	0.944	143	8	0	1	143	1	143	3.208E-95	304
NP_001257480.1	sbXP_066107490.1	0.944	143	8	0	1	143	1	143	3.208E-95	304
NP_001257480.1	sbXP_066107491.1	0.944	143	8	0	1	143	1	143	3.208E-95	304
NP_001257480.1	sbXP_066107493.1	0.944	143	8	0	1	143	1	143	3.208E-95	304
NP_002382.1	sbXP_066107490.1	0.944	143	8	0	1	143	1	143	3.208E-95	304
NP_002382.1	sbXP_066107491.1	0.944	143	8	0	1	143	1	143	3.208E-95	304
NP_002382.1	sbXP_066107493.1	0.944	143	8	0	1	143	1	143	3.208E-95	304
NP_001243474.1	sbXP_066130352.1	0.954	1135	52	0	1	1135	1	1135	0.000E+00	2565
NP_115822.1	sbXP_066130352.1	0.954	1135	52	0	1	1135	1	1135	0.000E+00	2565
NP_115821.2	sbXP_066129401.1	0.861	1141	145	0	1	1044	1	1141	0.000E+00	2307
NP_001400.3	sbXP_066126733.1	0.768	1625	357	0	1	1539	1	1625	0.000E+00	2985
NP_001258867.1	sbXP_066128074.1	0.915	2845	237	0	1	2845	1	2789	0.000E+00	5788
NP_001258867.1	sbXP_066128075.1	0.915	2845	237	0	1	2845	1	2789	0.000E+00	5788
NP_003382.1	sbXP_066118266.1	0.944	360	20	0	1	360	1	360	2.892E-248	758
NP_001278809.1	sbXP_066102855.1	0.993	299	2	0	1	299	1	299	3.485E-215	659
NP_078613.1	sbXP_066102854.1	0.964	394	14	0	1	391	1	394	1.781E-269	821
NP_001244136.1	sbXP_066128921.1	0.948	155	8	0	1	155	1	155	3.527E-100	319
NP_001244136.1	sbXP_066128923.1	0.948	155	8	0	1	155	1	155	3.527E-100	319
NP_001244136.1	sbXP_066128924.1	0.948	155	8	0	1	155	1	155	3.527E-100	319
NP_001244136.1	sbXP_066128925.1	0.948	155	8	0	1	155	1	155	3.527E-100	319
NP_001244136.1	sbXP_066128926.1	0.948	155	8	0	1	155	1	155	3.527E-100	319
NP_001244136.1	sbXP_066128927.1	0.948	155	8	0	1	155	1	155	3.527E-100	319
NP_001244136.1	sbXP_066128928.1	0.948	155	8	0	1	155	1	155	3.527E-100	319
NP_001244137.1	sbXP_066128921.1	0.948	155	8	0	1	155	1	155	3.527E-100	319
NP_001244137.1	sbXP_066128923.1	0.948	155	8	0	1	155	1	155	3.527E-100	319
NP_001244137.1	sbXP_066128924.1	0.948	155	8	0	1	155	1	155	3.527E-100	319
NP_001244137.1	sbXP_066128925.1	0.948	155	8	0	1	155	1	155	3.527E-100	319
NP_001244137.1	sbXP_066128926.1	0.948	155	8	0	1	155	1	155	3.527E-100	319
NP_001244137.1	sbXP_066128927.1	0.948	155	8	0	1	155	1	155	3.527E-100	319
NP_001244137.1	sbXP_066128928.1	0.948	155	8	0	1	155	1	155	3.527E-100	319
NP_001998.1	sbXP_066110179.1	0.932	206	14	0	1	206	1	206	3.671E-125	394
XP_006718538.1	sbXP_066110179.1	0.932	206	14	0	1	206	1	206	3.671E-125	394
NP_005109.2	sbXP_066112498.1	0.771	257	57	0	1	251	18	274	4.994E-127	402
NP_005083.2	sbXP_066117274.1	0.581	177	74	0	23	199	1	177	1.731E-70	236
NP_005083.2	sbXP_066117272.1	0.581	177	74	0	23	199	1	177	1.731E-70	236
NP_005083.2	sbXP_066117271.1	0.581	177	74	0	23	199	23	199	1.731E-70	236
NP_001235.1	sbXP_066112497.1	0.760	234	56	0	1	234	1	233	1.070E-118	377
NP_003802.1	sbXP_066109461.1	0.598	250	100	0	1	250	1	249	3.720E-79	264
XP_006722994.1	sbXP_066109461.1	0.598	250	100	0	1	250	1	249	3.720E-79	264
NP_000538.3	sbXP_066091308.1	0.724	922	250	0	1	922	62	967	0.000E+00	1409
NP_001193673.1	sbXP_066091308.1	0.724	922	250	0	1	922	62	967	0.000E+00	1409
NP_006170.1	sbXP_066121374.1	0.890	210	23	0	1	210	1	210	1.083E-123	390
NP_006170.1	sbXP_066121375.1	0.890	210	23	0	1	210	1	210	1.083E-123	390
XP_005259019.1	sbXP_066121374.1	0.890	210	23	0	1	210	1	210	1.083E-123	390
XP_005259019.1	sbXP_066121375.1	0.890	210	23	0	1	210	1	210	1.083E-123	390
XP_006723295.1	sbXP_066121374.1	0.890	210	23	0	1	210	1	210	1.083E-123	390
XP_006723295.1	sbXP_066121375.1	0.890	210	23	0	1	210	1	210	1.083E-123	390
NP_065391.1	sbXP_066116264.1	0.559	252	104	0	1	252	1	236	2.005E-76	256
XP_005253090.2	sbXP_066107013.1	0.916	999	83	0	1	999	1	991	0.000E+00	2030
NP_689966.2	sbXP_066089139.1	0.961	993	39	0	1	993	1	993	0.000E+00	2151
XP_005249000.1	sbXP_066089078.1	0.960	1009	40	0	1	1009	1	1009	0.000E+00	2181
NP_003003.3	sbXP_066091509.1	0.964	314	11	0	1	314	1	314	8.531E-213	653
NP_003004.1	sbXP_066136509.1	0.979	295	6	0	1	295	1	294	2.366E-200	616
NP_003005.2	sbXP_066132729.1	0.936	346	22	0	1	346	97	442	1.606E-230	706
NP_061986.1	sbXP_066121380.1	0.787	198	42	0	12	209	10	206	2.002E-99	320
XP_005258788.1	sbXP_066121380.1	0.787	198	42	0	12	209	10	206	2.002E-99	320
NP_065688.1	sbXP_066109497.1	0.763	165	39	0	6	170	6	170	1.363E-84	275
NP_065689.1	sbXP_066110877.1	0.822	250	44	0	1	250	1	247	1.288E-133	421
NP_002179.2	sbXP_066134007.1	0.622	127	47	0	15	141	1	125	1.041E-42	153
NP_000576.1	sbXP_066089051.1	0.776	161	36	0	1	161	1	161	1.250E-81	266
NP_000576.1	sbXP_066089083.1	0.776	161	36	0	1	161	1	161	1.250E-81	266
NP_000576.1	sbXP_066089089.1	0.776	161	36	0	1	161	1	161	1.250E-81	266
NP_000576.1	sbXP_066089058.1	0.776	161	36	0	1	161	1	161	1.250E-81	266
NP_000576.1	sbXP_066089061.1	0.776	161	36	0	1	161	1	161	1.250E-81	266
NP_000576.1	sbXP_066089099.1	0.776	161	36	0	1	161	1	161	1.250E-81	266
NP_000576.1	sbXP_066089072.1	0.776	161	36	0	1	161	1	161	1.250E-81	266
NP_000576.1	sbXP_066089043.1	0.776	161	36	0	1	161	1	161	1.250E-81	266
NP_001165599.1	sbXP_066094450.1	0.772	1330	295	0	1	1330	48	1344	0.000E+00	1995
NP_002181.1	sbXP_066109070.1	0.685	155	48	0	1	155	1	154	7.713E-67	223
NP_055258.1	sbXP_066133463.1	0.905	180	17	0	1	180	1	180	1.823E-111	353
NP_037410.1	sbXP_066098091.1	0.766	197	45	0	3	197	2	198	5.690E-99	318
NP_037410.1	sbXP_066098090.1	0.766	197	45	0	3	197	28	224	5.690E-99	318
NP_001010848.2	sbXP_066099822.1	0.922	711	54	0	1	696	1	711	0.000E+00	1328
NP_443112.2	sbXP_066116210.1	0.866	263	35	0	1	263	6	268	1.432E-155	485
NP_002695.1	sbXP_066135880.1	0.666	108	34	0	20	127	11	114	7.600E-38	138
NP_005612.1	sbXP_066111308.1	0.706	92	27	0	1	92	1	92	6.382E-39	139
NP_036230.1	sbXP_066112268.1	0.963	493	18	0	1	493	1	493	0.000E+00	1031
NP_001954.2	sbXP_066136528.1	0.793	1197	246	0	1	1190	1	1197	0.000E+00	2067
NP_001161362.1	sbXP_066105349.1	0.805	554	108	0	1	553	1	554	0.000E+00	994
NP_002598.4	sbXP_066129683.1	0.900	210	21	0	1	210	1	210	8.553E-127	399
NP_002598.4	sbXP_066129685.1	0.900	210	21	0	1	210	1	210	8.553E-127	399
NP_002598.4	sbXP_066129686.1	0.900	210	21	0	1	210	1	210	8.553E-127	399
NP_148983.1	sbXP_066129684.1	0.897	196	20	0	1	196	1	196	4.444E-118	373
XP_006715796.1	sbXP_066129683.1	0.900	210	21	0	1	210	1	210	8.553E-127	399
XP_006715796.1	sbXP_066129685.1	0.900	210	21	0	1	210	1	210	8.553E-127	399
XP_006715796.1	sbXP_066129686.1	0.900	210	21	0	1	210	1	210	8.553E-127	399
NP_002599.1	sbXP_066113812.1	0.884	243	28	0	1	241	1	243	7.766E-143	447
NP_057289.1	sbXP_066135820.1	0.936	345	22	0	1	345	1	345	4.494E-227	696
NP_079484.1	sbXP_066103755.1	0.883	370	43	0	1	370	1	370	7.569E-234	717
NP_149126.1	sbXP_066103756.1	0.881	364	43	0	1	364	1	364	1.838E-229	704
NP_002610.1	sbXP_066136849.1	0.641	106	36	0	1	101	1	106	2.685E-36	132
NP_002610.1	sbXP_066136851.1	0.641	106	36	0	1	101	1	106	2.685E-36	132
NP_002610.1	sbXP_066136852.1	0.641	106	36	0	1	101	1	106	2.685E-36	132
NP_003203.1	sbXP_066101464.1	0.725	182	49	0	5	186	9	189	5.246E-87	283
NP_005439.2	sbXP_066106212.1	0.731	395	105	0	1	392	10	404	2.277E-197	613
NP_001191.1	sbXP_066092062.1	0.941	396	23	0	1	396	1	395	3.356E-256	783
NP_001191.1	sbXP_066092063.1	0.941	396	23	0	1	396	1	395	3.356E-256	783
NP_001192.2	sbXP_066136451.1	0.838	476	76	0	1	472	1	476	1.404E-269	826
NP_001193.2	sbXP_066132646.1	0.973	410	11	0	1	408	1	410	4.199E-277	844
NP_001193.2	sbXP_066132642.1	0.973	410	11	0	1	408	13	422	4.199E-277	844
NP_001193.2	sbXP_066132643.1	0.973	410	11	0	1	408	13	422	4.199E-277	844
NP_001193.2	sbXP_066132644.1	0.973	410	11	0	1	408	13	422	4.199E-277	844
NP_001193.2	sbXP_066132645.1	0.973	410	11	0	1	408	13	422	4.199E-277	844
NP_062427.1	sbXP_066111302.1	0.960	101	4	0	1	101	1	101	2.148E-62	207
NP_002953.2	sbXP_066111303.1	0.946	93	5	0	1	92	1	93	1.693E-52	178
XP_005245487.1	sbXP_066111303.1	0.946	93	5	0	19	110	1	93	4.058E-52	178
XP_005245487.1	sbXP_066111303.1	0.946	93	5	0	19	110	1	93	4.058E-52	178
NP_002954.2	sbXP_066110613.1	0.649	97	34	0	1	97	1	97	3.978E-40	143
XP_005245488.1	sbXP_066110613.1	0.649	97	34	0	1	97	1	97	3.978E-40	143
NP_001936.1	sbXP_066128791.1	0.908	208	19	0	1	208	1	208	1.084E-122	387
NP_005325.2	sbXP_066106342.1	0.916	2056	171	0	1	2035	1	2056	0.000E+00	3793
NP_001073966.2	sbXP_066112472.1	0.857	602	86	0	1	602	1	600	0.000E+00	1099
NP_066278.3	sbXP_066100602.1	0.867	725	96	0	1	725	1	723	0.000E+00	1422
NP_001137.2	sbXP_066121914.1	0.933	498	33	0	1	498	1	496	0.000E+00	992
NP_001112359.1	sbXP_066090742.1	0.826	495	86	0	1	495	1	495	1.749E-287	879
NP_001138.1	sbXP_066090741.1	0.826	496	86	0	1	496	1	496	3.713E-288	881
NP_057069.1	sbXP_066091728.1	0.690	500	153	0	1	500	1	495	5.825E-224	696
NP_004664.1	sbXP_066117327.1	0.934	491	32	0	1	491	1	491	6.423E-323	981
XP_005245634.1	sbXP_066117327.1	0.934	491	32	0	1	491	1	491	6.423E-323	981
NP_001711.2	sbXP_066125659.1	0.912	402	35	0	1	402	1	402	2.400E-254	778
NP_066988.1	sbXP_066117308.1	0.950	783	39	0	1	783	1	783	0.000E+00	1574
NP_002160.1	sbXP_066110847.1	0.671	189	62	0	1	189	1	189	1.282E-77	256
NP_002167.1	sbXP_066110844.1	0.614	187	72	0	1	187	1	187	1.552E-74	247
NP_612141.1	sbXP_066115095.1	0.760	187	44	0	2	188	8	190	1.832E-88	288
NP_443104.1	sbXP_066109072.1	0.564	163	68	0	1	163	1	156	1.427E-55	191
NP_001553.1	sbXP_066100908.1	0.722	191	52	0	3	193	2	190	1.770E-84	276
NP_037503.2	sbXP_066111247.1	0.801	171	34	0	1	171	1	171	7.017E-87	282
NP_715639.1	sbXP_066111247.1	0.801	171	34	0	39	209	1	171	3.966E-86	282
NP_000566.3	sbXP_066120917.1	0.723	270	74	0	1	270	1	269	5.726E-118	377
NP_000567.1	sbXP_066120918.1	0.615	267	101	0	1	267	1	263	3.485E-96	314
NP_115945.4	sbXP_066120924.1	0.827	151	26	0	1	151	49	199	3.510E-82	267
NP_002623.2	sbXP_066130725.1	0.725	171	46	0	1	170	16	186	6.744E-84	273
NP_478679.1	sbXP_066111591.1	0.994	349	2	0	1	349	1	349	7.750E-249	759
NP_490645.1	sbXP_066132877.1	0.922	349	27	0	1	349	1	349	1.002E-229	704
NP_003384.2	sbXP_066095995.1	0.980	351	7	0	1	351	1	351	2.742E-244	746
NP_003386.1	sbXP_066122530.1	0.975	365	9	0	1	365	1	364	7.409E-249	760
NP_003387.1	sbXP_066111423.1	0.949	358	18	0	1	357	1	358	6.335E-238	728
NP_002986.1	sbXP_066111203.1	0.619	113	42	0	1	113	1	111	7.326E-40	143
NP_001183980.1	sbXP_066107675.1	0.947	571	30	0	1	569	1	571	0.000E+00	1118
NP_000790.2	sbXP_066134133.1	0.814	193	36	0	1	193	1	193	2.568E-97	313
NP_001423.1	sbXP_066088582.1	0.833	156	26	0	14	169	5	160	1.075E-86	281
NP_000630.1	sbXP_066111209.1	0.779	281	59	0	1	281	1	269	1.276E-148	466
NP_000791.1	sbXP_066128921.1	0.948	155	8	0	1	155	1	155	3.527E-100	319
NP_000791.1	sbXP_066128923.1	0.948	155	8	0	1	155	1	155	3.527E-100	319
NP_000791.1	sbXP_066128924.1	0.948	155	8	0	1	155	1	155	3.527E-100	319
NP_000791.1	sbXP_066128925.1	0.948	155	8	0	1	155	1	155	3.527E-100	319
NP_000791.1	sbXP_066128926.1	0.948	155	8	0	1	155	1	155	3.527E-100	319
NP_000791.1	sbXP_066128927.1	0.948	155	8	0	1	155	1	155	3.527E-100	319
NP_000791.1	sbXP_066128928.1	0.948	155	8	0	1	155	1	155	3.527E-100	319
NP_001138364.1	sbXP_066128921.1	0.948	155	8	0	1	155	1	155	3.527E-100	319
NP_001138364.1	sbXP_066128923.1	0.948	155	8	0	1	155	1	155	3.527E-100	319
NP_001138364.1	sbXP_066128924.1	0.948	155	8	0	1	155	1	155	3.527E-100	319
NP_001138364.1	sbXP_066128925.1	0.948	155	8	0	1	155	1	155	3.527E-100	319
NP_001138364.1	sbXP_066128926.1	0.948	155	8	0	1	155	1	155	3.527E-100	319
NP_001138364.1	sbXP_066128927.1	0.948	155	8	0	1	155	1	155	3.527E-100	319
NP_001138364.1	sbXP_066128928.1	0.948	155	8	0	1	155	1	155	3.527E-100	319
NP_001138406.1	sbXP_066128921.1	0.948	155	8	0	1	155	1	155	3.527E-100	319
NP_001138406.1	sbXP_066128923.1	0.948	155	8	0	1	155	1	155	3.527E-100	319
NP_001138406.1	sbXP_066128924.1	0.948	155	8	0	1	155	1	155	3.527E-100	319
NP_001138406.1	sbXP_066128925.1	0.948	155	8	0	1	155	1	155	3.527E-100	319
NP_001138406.1	sbXP_066128926.1	0.948	155	8	0	1	155	1	155	3.527E-100	319
NP_001138406.1	sbXP_066128927.1	0.948	155	8	0	1	155	1	155	3.527E-100	319
NP_001138406.1	sbXP_066128928.1	0.948	155	8	0	1	155	1	155	3.527E-100	319
NP_001138407.1	sbXP_066128921.1	0.948	155	8	0	1	155	1	155	3.527E-100	319
NP_001138407.1	sbXP_066128923.1	0.948	155	8	0	1	155	1	155	3.527E-100	319
NP_001138407.1	sbXP_066128924.1	0.948	155	8	0	1	155	1	155	3.527E-100	319
NP_001138407.1	sbXP_066128925.1	0.948	155	8	0	1	155	1	155	3.527E-100	319
NP_001138407.1	sbXP_066128926.1	0.948	155	8	0	1	155	1	155	3.527E-100	319
NP_001138407.1	sbXP_066128927.1	0.948	155	8	0	1	155	1	155	3.527E-100	319
NP_001138407.1	sbXP_066128928.1	0.948	155	8	0	1	155	1	155	3.527E-100	319
NP_003799.1	sbXP_066120238.1	0.820	250	45	0	1	250	1	250	1.350E-132	418
NP_001139117.1	sbXP_066090853.1	0.818	268	48	0	1	266	1	268	4.735E-135	426
NP_006564.1	sbXP_066090852.1	0.820	287	51	0	1	285	1	287	4.095E-146	459
NP_003798.2	sbXP_066109460.1	0.793	241	49	0	1	240	1	241	2.743E-128	405
NP_002955.2	sbXP_066111307.1	0.730	89	24	0	1	89	1	89	9.906E-43	150
NP_002956.1	sbXP_066111309.1	0.685	108	33	0	6	112	3	110	2.202E-44	156
NP_006263.1	sbXP_066115220.1	0.945	91	5	0	1	91	1	91	1.383E-54	184
NP_006263.1	sbXP_066115221.1	0.945	91	5	0	1	91	1	91	1.383E-54	184
NP_004048.1	sbXP_066105441.1	0.822	79	14	0	1	79	1	79	4.162E-37	133
NP_005971.1	sbXP_066089417.1	0.817	93	17	0	1	93	1	93	7.259E-47	162
NP_766638.2	sbXP_066112020.1	0.926	988	73	0	1	988	1	988	0.000E+00	2064
NP_066025.2	sbXP_066107014.1	0.917	971	80	0	1	971	1	963	0.000E+00	1962
NP_775294.1	sbXP_066120920.1	0.598	197	78	0	1	197	1	194	8.581E-69	231
NP_006262.1	sbXP_066118180.1	0.989	94	1	0	1	94	1	94	1.128E-57	193
NP_006262.1	sbXP_066118181.1	0.989	94	1	0	1	94	1	94	1.128E-57	193
NP_002957.1	sbXP_066135956.1	0.989	97	1	0	1	97	1	97	3.929E-62	206
NP_002957.1	sbXP_066118229.1	0.989	97	1	0	1	97	1	97	3.929E-62	206
NP_002957.1	sbXP_066118230.1	0.989	97	1	0	1	97	1	97	3.929E-62	206
NP_001137453.1	sbXP_066104968.1	0.956	459	20	0	1	458	69	527	6.917E-323	979
NP_005250.1	sbXP_066135840.1	0.973	375	10	0	1	375	1	375	2.792E-256	782
NP_002497.2	sbXP_066124313.1	0.887	241	27	0	1	241	1	241	1.572E-143	449
NP_002497.2	sbXP_066124314.1	0.887	241	27	0	1	241	1	241	1.572E-143	449
XP_006710726.1	sbXP_066124313.1	0.887	241	27	0	1	241	1	241	1.572E-143	449
XP_006710726.1	sbXP_066124314.1	0.887	241	27	0	1	241	1	241	1.572E-143	449
XP_006710727.1	sbXP_066124313.1	0.887	241	27	0	1	241	1	241	1.572E-143	449
XP_006710727.1	sbXP_066124314.1	0.887	241	27	0	1	241	1	241	1.572E-143	449
XP_006710728.1	sbXP_066124313.1	0.887	241	27	0	1	241	1	241	1.572E-143	449
XP_006710728.1	sbXP_066124314.1	0.887	241	27	0	1	241	1	241	1.572E-143	449
NP_060525.3	sbXP_066099088.1	0.839	347	56	0	1	347	1	347	5.936E-199	615
NP_958854.1	sbXP_066111874.1	0.798	272	55	0	1	272	1	272	2.744E-153	479
NP_958854.1	sbXP_066111875.1	0.798	272	55	0	1	272	1	272	2.744E-153	479
NP_085155.1	sbXP_066115272.1	0.840	289	46	0	1	288	1	289	1.192E-172	536
XP_005248023.1	sbXP_066088897.1	0.823	657	115	0	1	657	1	648	0.000E+00	1184
NP_066551.1	sbXP_066108890.1	0.969	454	14	0	1	454	1	454	5.083E-307	933
NP_057070.3	sbXP_066119389.1	0.970	438	13	0	5	442	1	438	5.178E-292	889
NP_057274.1	sbXP_066118201.1	0.484	651	253	0	1	492	1	651	1.109E-165	527
XP_006711409.1	sbXP_066118201.1	0.484	651	253	0	1	492	1	651	1.109E-165	527
NP_000748.3	sbXP_066102711.1	0.677	554	177	0	1	554	1	550	4.582E-234	728
NP_000748.3	sbXP_066102712.1	0.677	554	177	0	1	554	1	550	4.582E-234	728
NP_001157030.1	sbXP_066121011.1	0.772	229	52	0	1	227	1	229	8.504E-118	374
NP_005611.1	sbXP_066111322.1	0.867	98	13	0	1	98	1	98	6.429E-53	180
NP_001019381.1	sbXP_066118176.1	0.897	98	10	0	1	98	1	98	1.020E-52	179
NP_001019381.1	sbXP_066118177.1	0.897	98	10	0	1	98	1	98	1.020E-52	179
NP_001019381.1	sbXP_066118178.1	0.897	98	10	0	1	98	1	98	1.020E-52	179
NP_001019381.1	sbXP_066118179.1	0.897	98	10	0	1	98	1	98	1.020E-52	179
NP_001019382.1	sbXP_066118176.1	0.897	98	10	0	1	98	1	98	1.020E-52	179
NP_001019382.1	sbXP_066118177.1	0.897	98	10	0	1	98	1	98	1.020E-52	179
NP_001019382.1	sbXP_066118178.1	0.897	98	10	0	1	98	1	98	1.020E-52	179
NP_001019382.1	sbXP_066118179.1	0.897	98	10	0	1	98	1	98	1.020E-52	179
NP_001019383.1	sbXP_066118176.1	0.897	98	10	0	1	98	1	98	1.020E-52	179
NP_001019383.1	sbXP_066118177.1	0.897	98	10	0	1	98	1	98	1.020E-52	179
NP_001019383.1	sbXP_066118178.1	0.897	98	10	0	1	98	1	98	1.020E-52	179
NP_001019383.1	sbXP_066118179.1	0.897	98	10	0	1	98	1	98	1.020E-52	179
NP_001019384.1	sbXP_066118176.1	0.897	98	10	0	1	98	1	98	1.020E-52	179
NP_001019384.1	sbXP_066118177.1	0.897	98	10	0	1	98	1	98	1.020E-52	179
NP_001019384.1	sbXP_066118178.1	0.897	98	10	0	1	98	1	98	1.020E-52	179
NP_001019384.1	sbXP_066118179.1	0.897	98	10	0	1	98	1	98	1.020E-52	179
NP_000470.2	sbXP_066132938.1	0.726	564	152	0	5	560	5	568	1.146E-262	811
NP_795372.1	sbXP_066110462.1	0.742	190	49	0	1	190	1	190	8.181E-92	298
NP_000610.2	sbXP_066110901.1	0.656	166	57	0	1	166	2	167	1.405E-65	220
NP_064509.2	sbXP_066110853.1	0.668	208	68	0	1	207	1	208	2.769E-86	282
NP_002168.1	sbXP_066110848.1	0.670	194	64	0	1	194	1	194	2.569E-81	267
NP_000609.1	sbXP_066119099.1	0.947	153	8	0	1	153	1	153	1.747E-98	314
NP_001104754.1	sbXP_066119106.1	0.941	137	8	0	1	137	1	137	1.162E-86	279
NP_001104755.1	sbXP_066119071.1	0.903	187	18	0	1	186	1	187	3.063E-113	359
NP_001104753.1	sbXP_066119117.1	0.933	150	10	0	1	150	1	150	1.467E-94	303
NP_000603.1	sbXP_066108446.1	0.872	181	23	0	1	180	1	181	1.598E-104	333
NP_000603.1	sbXP_066108447.1	0.872	181	23	0	1	180	1	181	1.598E-104	333
NP_000603.1	sbXP_066108448.1	0.872	181	23	0	1	180	1	181	1.598E-104	333
NP_001007140.2	sbXP_066108446.1	0.872	181	23	0	1	180	1	181	1.598E-104	333
NP_001007140.2	sbXP_066108447.1	0.872	181	23	0	1	180	1	181	1.598E-104	333
NP_001007140.2	sbXP_066108448.1	0.872	181	23	0	1	180	1	181	1.598E-104	333
NP_001121070.1	sbXP_066108445.1	0.856	237	34	0	1	236	1	237	1.568E-132	417
NP_001278790.1	sbXP_066108446.1	0.872	181	23	0	1	180	1	181	1.598E-104	333
NP_001278790.1	sbXP_066108447.1	0.872	181	23	0	1	180	1	181	1.598E-104	333
NP_001278790.1	sbXP_066108448.1	0.872	181	23	0	1	180	1	181	1.598E-104	333
NP_002172.2	sbXP_066137298.1	0.946	413	22	0	1	411	1	413	2.456E-267	816
NP_000563.1	sbXP_066111248.1	0.689	177	55	0	1	177	1	177	3.842E-77	254
NP_000632.1	sbXP_066121332.1	0.941	120	7	0	80	199	1	120	1.898E-69	233
NP_001254647.1	sbXP_066121332.1	0.941	120	7	0	1	120	1	120	4.942E-71	233
NP_000873.2	sbXP_066115149.1	0.780	214	47	0	40	253	6	219	3.777E-105	339
NP_733929.1	sbXP_066107260.1	0.983	247	4	0	1	247	1	247	6.467E-165	511
NP_733929.1	sbXP_066107261.1	0.983	247	4	0	1	247	1	247	6.467E-165	511
NP_733931.1	sbXP_066107260.1	0.983	247	4	0	1	247	1	247	6.467E-165	511
NP_733931.1	sbXP_066107261.1	0.983	247	4	0	1	247	1	247	6.467E-165	511
NP_055297.1	sbXP_066120866.1	0.912	424	37	0	1	424	1	424	5.399E-265	810
XP_005262278.1	sbXP_066104968.1	0.956	459	20	0	1	458	69	527	6.917E-323	979
XP_005262279.1	sbXP_066104969.1	0.956	458	20	0	1	457	69	526	3.261E-322	977
NP_001265402.1	sbXP_066109817.1	0.899	429	43	0	1	429	1	429	2.205E-286	872
NP_056239.3	sbXP_066109816.1	0.902	452	44	0	1	451	1	452	3.450E-301	916
NP_001191432.1	sbXP_066127656.1	0.775	223	49	0	1	220	56	278	1.535E-106	342
NP_001191432.1	sbXP_066127651.1	0.775	223	49	0	1	220	56	278	1.535E-106	342
NP_001450.2	sbXP_066127656.1	0.775	223	49	0	1	220	56	278	1.535E-106	342
NP_001450.2	sbXP_066127651.1	0.775	223	49	0	1	220	56	278	1.535E-106	342
XP_006723180.1	sbXP_066127653.1	0.765	205	47	0	1	202	56	260	8.477E-96	310
NP_001454.2	sbXP_066088881.1	0.972	325	9	0	1	325	1	325	3.362E-220	675
NP_006341.1	sbXP_066096885.1	0.971	317	9	0	1	317	1	317	1.202E-227	696
NP_037541.1	sbXP_066096870.1	0.973	344	9	0	1	344	1	344	3.638E-246	751
NP_009016.1	sbXP_066097337.1	0.954	308	14	0	1	308	2	309	1.124E-206	635
NP_005851.1	sbXP_066134331.1	0.873	245	31	0	1	245	1	242	2.406E-158	493
NP_003006.2	sbXP_066096091.1	0.964	308	11	0	10	317	1	308	2.183E-212	652
NP_000184.1	sbXP_066094063.1	0.917	462	37	0	1	462	4	446	1.765E-279	854
NP_009044.2	sbXP_066118204.1	0.476	1943	815	0	1	1943	1	1556	0.000E+00	1346
NP_001008536.1	sbXP_066110620.1	0.538	904	380	0	1	904	1	823	2.465E-283	889
NP_001137285.1	sbXP_066107260.1	0.983	247	4	0	1	247	1	247	6.467E-165	511
NP_001137285.1	sbXP_066107261.1	0.983	247	4	0	1	247	1	247	6.467E-165	511
NP_001137286.1	sbXP_066107260.1	0.983	247	4	0	1	247	1	247	6.467E-165	511
NP_001137286.1	sbXP_066107261.1	0.983	247	4	0	1	247	1	247	6.467E-165	511
NP_001137288.1	sbXP_066107260.1	0.983	247	4	0	1	247	1	247	6.467E-165	511
NP_001137288.1	sbXP_066107261.1	0.983	247	4	0	1	247	1	247	6.467E-165	511
NP_001700.2	sbXP_066107260.1	0.983	247	4	0	1	247	1	247	6.467E-165	511
NP_001700.2	sbXP_066107261.1	0.983	247	4	0	1	247	1	247	6.467E-165	511
NP_733928.1	sbXP_066107260.1	0.983	247	4	0	1	247	1	247	6.467E-165	511
NP_733928.1	sbXP_066107261.1	0.983	247	4	0	1	247	1	247	6.467E-165	511
NP_002987.1	sbXP_066099108.1	0.501	400	198	0	1	397	1	400	2.113E-118	385
NP_001556.2	sbXP_066136066.1	0.714	98	27	0	1	97	1	98	1.547E-40	144
NP_005400.1	sbXP_066137063.1	0.755	94	23	0	1	94	1	94	2.093E-43	152
NP_001029058.1	sbXP_066098709.1	0.941	119	7	0	1	119	1	119	1.916E-72	237
NP_954637.1	sbXP_066098710.1	0.932	89	6	0	1	89	1	89	6.554E-53	179
NP_001483.3	sbXP_066124977.1	0.758	372	89	0	1	372	71	440	3.580E-182	568
NP_004953.1	sbXP_066099904.1	0.822	478	84	0	1	478	1	472	1.430E-263	809
NP_689642.3	sbXP_066096206.1	0.686	258	80	0	1	258	1	255	3.836E-116	371
NP_004460.1	sbXP_066105822.1	0.827	354	61	0	1	354	4	354	5.522E-212	653
NP_001191431.1	sbXP_066127656.1	0.775	223	49	0	1	220	56	278	1.535E-106	342
NP_001191431.1	sbXP_066127651.1	0.775	223	49	0	1	220	56	278	1.535E-106	342
NP_001165095.1	sbXP_066107483.1	0.914	187	16	0	29	215	1	186	9.863E-119	376
NP_001165095.1	sbXP_066107492.1	0.914	187	16	0	29	215	1	186	9.863E-119	376
NP_001276957.1	sbXP_066097759.1	0.776	353	78	0	1	351	1	353	2.027E-170	533
NP_001276957.1	sbXP_066097760.1	0.776	353	78	0	1	351	1	353	2.027E-170	533
NP_001276926.1	sbXP_066097762.1	0.807	285	55	0	1	285	1	285	3.789E-156	488
NP_001276956.1	sbXP_066097762.1	0.807	285	55	0	1	285	1	285	3.789E-156	488
NP_000585.2	sbXP_066108992.1	0.849	233	34	0	1	233	1	229	2.177E-127	402
NP_003801.1	sbXP_066096974.1	0.750	281	69	0	4	280	1	281	5.924E-140	441
NP_003692.1	sbXP_066091742.1	0.905	318	30	0	1	317	1	318	4.331E-196	605
NP_003800.1	sbXP_066120237.1	0.891	249	27	0	1	249	14	262	5.075E-143	448
NP_783165.1	sbXP_066120068.1	0.901	576	57	0	1	576	1	573	0.000E+00	1141
NP_009122.2	sbXP_066114469.1	0.931	379	26	0	1	379	1	379	4.716E-261	796
NP_005421.1	sbXP_066110913.1	0.991	370	3	0	1	370	1	370	1.267E-262	800
NP_079492.2	sbXP_066135843.1	0.959	418	17	0	1	417	1	418	2.794E-286	871
NP_003385.2	sbXP_066110914.1	0.971	389	11	0	1	389	1	389	1.478E-270	824
NP_004617.2	sbXP_066109811.1	0.980	354	7	0	1	354	1	354	2.624E-246	752
XP_005274288.1	sbXP_066109811.1	0.980	354	7	0	1	354	1	354	2.624E-246	752
NP_476509.1	sbXP_066111344.1	0.923	365	28	0	1	365	1	362	1.415E-241	739
NP_055310.1	sbXP_066125108.1	0.850	460	69	0	1	460	1	460	2.779E-273	836
NP_647475.1	sbXP_066122815.1	0.764	412	96	0	1	406	1	412	5.452E-212	656
NP_835228.2	sbXP_066108858.1	0.786	387	82	0	1	387	1	383	1.324E-201	625
NP_114123.2	sbXP_066128828.1	0.863	470	64	0	1	470	1	466	2.328E-280	857
NP_066969.1	sbXP_066126540.1	0.890	346	38	0	1	346	1	344	2.403E-217	668
NP_001648.1	sbXP_066136440.1	0.770	252	56	0	1	252	1	245	1.534E-123	392
NP_476432.2	sbXP_066121130.1	0.648	222	77	0	1	219	1	222	1.589E-81	269
NP_476432.2	sbXP_066121131.1	0.648	222	77	0	1	219	1	222	1.589E-81	269
NP_001136016.1	sbXP_066131815.1	0.825	201	34	0	1	198	1	201	2.940E-99	319
NP_000749.2	sbXP_066132626.1	0.628	140	52	0	1	140	1	140	1.345E-55	190
NP_004343.1	sbXP_066098842.1	0.989	193	2	0	1	193	1	193	1.983E-125	394
NP_683513.1	sbXP_066096710.1	0.692	127	39	0	1	127	1	126	5.536E-57	193
NP_001001437.2	sbXP_066111481.1	0.774	93	21	0	1	93	1	93	1.625E-45	158
NP_066286.1	sbXP_066111481.1	0.774	93	21	0	1	93	1	93	1.625E-45	158
NP_002975.1	sbXP_066111482.1	0.847	92	14	0	1	92	1	92	4.622E-50	171
NP_004582.1	sbXP_066137085.1	0.655	93	32	0	4	96	6	98	1.911E-37	135
NP_002980.1	sbXP_066112961.1	0.740	134	34	0	1	134	1	131	1.275E-59	201
NP_002981.2	sbXP_066099061.1	0.602	93	37	0	1	93	1	93	1.245E-32	121
NP_001188288.1	sbXP_066122736.1	0.500	149	72	0	1	149	1	145	7.103E-40	145
NP_001188288.1	sbXP_066122727.1	0.500	149	72	0	1	149	36	180	7.103E-40	145
NP_006063.1	sbXP_066134173.1	0.622	90	34	0	1	90	1	90	4.759E-35	128
NP_006655.1	sbXP_066110444.1	0.693	111	34	0	2	112	26	136	2.005E-44	156
NP_001177397.1	sbXP_066109641.1	0.938	211	13	0	18	228	1	210	2.400E-132	416
NP_001177398.1	sbXP_066109642.1	0.945	185	10	0	18	202	1	185	1.193E-118	375
NP_001265027.1	sbXP_066109640.1	0.937	159	10	0	1	159	1	159	8.634E-101	321
NP_954701.1	sbXP_066109642.1	0.945	185	10	0	1	185	1	185	5.332E-119	375
NP_000506.2	sbXP_066091618.1	0.614	186	71	0	32	217	3	187	9.218E-69	232
XP_005250397.1	sbXP_066111350.1	0.722	166	46	0	1	166	1	166	6.550E-74	244
NP_001244064.1	sbXP_066102632.1	0.367	66	41	0	12	76	392	457	4.009E-04	39
NP_002300.1	sbXP_066116265.1	0.871	202	26	0	1	202	1	202	1.085E-119	378
NP_002300.1	sbXP_066116266.1	0.871	202	26	0	1	202	1	202	1.085E-119	378
NP_002300.1	sbXP_066116267.1	0.871	202	26	0	1	202	1	202	1.085E-119	378
XP_006724303.1	sbXP_066116265.1	0.871	202	26	0	1	202	1	202	1.085E-119	378
XP_006724303.1	sbXP_066116266.1	0.871	202	26	0	1	202	1	202	1.085E-119	378
XP_006724303.1	sbXP_066116267.1	0.871	202	26	0	1	202	1	202	1.085E-119	378
NP_570911.2	sbXP_066132646.1	0.973	410	11	0	1	408	1	410	4.199E-277	844
NP_570911.2	sbXP_066132642.1	0.973	410	11	0	1	408	13	422	4.199E-277	844
NP_570911.2	sbXP_066132643.1	0.973	410	11	0	1	408	13	422	4.199E-277	844
NP_570911.2	sbXP_066132644.1	0.973	410	11	0	1	408	13	422	4.199E-277	844
NP_570911.2	sbXP_066132645.1	0.973	410	11	0	1	408	13	422	4.199E-277	844
NP_570912.2	sbXP_066132646.1	0.973	410	11	0	1	408	1	410	4.199E-277	844
NP_570912.2	sbXP_066132642.1	0.973	410	11	0	1	408	13	422	4.199E-277	844
NP_570912.2	sbXP_066132643.1	0.973	410	11	0	1	408	13	422	4.199E-277	844
NP_570912.2	sbXP_066132644.1	0.973	410	11	0	1	408	13	422	4.199E-277	844
NP_570912.2	sbXP_066132645.1	0.973	410	11	0	1	408	13	422	4.199E-277	844
XP_005268072.1	sbXP_066132646.1	0.973	410	11	0	1	408	1	410	4.199E-277	844
XP_005268072.1	sbXP_066132642.1	0.973	410	11	0	1	408	13	422	4.199E-277	844
XP_005268072.1	sbXP_066132643.1	0.973	410	11	0	1	408	13	422	4.199E-277	844
XP_005268072.1	sbXP_066132644.1	0.973	410	11	0	1	408	13	422	4.199E-277	844
XP_005268072.1	sbXP_066132645.1	0.973	410	11	0	1	408	13	422	4.199E-277	844
NP_001709.1	sbXP_066124553.1	0.884	513	58	0	1	513	1	503	1.702E-314	958
NP_001710.1	sbXP_066092369.1	0.981	431	8	0	1	431	1	431	1.272E-293	893
NP_004741.1	sbXP_066125168.1	0.971	422	12	0	1	422	1	421	1.322E-288	878
NP_757350.1	sbXP_066102713.1	0.692	256	78	0	1	256	1	253	6.657E-109	350
NP_757351.1	sbXP_066102711.1	0.677	554	177	0	1	554	1	550	4.582E-234	728
NP_757351.1	sbXP_066102712.1	0.677	554	177	0	1	554	1	550	4.582E-234	728
NP_775270.1	sbXP_066120922.1	0.632	155	57	0	3	157	4	158	2.509E-63	213
NP_000568.1	sbXP_066123785.1	0.784	158	34	0	1	158	1	158	3.659E-85	276
NP_776215.1	sbXP_066123786.1	0.816	142	26	0	1	142	1	142	6.182E-80	260
XP_005263718.1	sbXP_066123786.1	0.816	142	26	0	1	142	1	142	6.182E-80	260
XP_006712560.1	sbXP_066123786.1	0.816	142	26	0	1	142	1	142	6.182E-80	260
NP_000577.2	sbXP_066109574.1	0.627	153	56	0	1	152	1	153	6.201E-60	203
NP_061194.2	sbXP_066110595.1	0.780	173	38	0	1	173	1	173	7.367E-86	279
NP_065386.1	sbXP_066110899.1	0.765	179	42	0	1	179	1	179	1.883E-85	278
XP_005268986.1	sbXP_066110899.1	0.765	179	42	0	1	179	1	179	1.883E-85	278
NP_057668.1	sbXP_066114503.1	0.821	190	33	0	1	188	1	190	1.940E-98	316
NP_001172085.1	sbXP_066117603.1	0.712	181	52	0	27	207	3	183	2.175E-80	265
NP_006841.1	sbXP_066117603.1	0.712	181	52	0	26	206	3	183	2.080E-80	265
NP_005529.1	sbXP_066110986.1	0.744	352	88	0	1	352	1	344	1.965E-161	507
NP_113667.1	sbXP_066114902.1	0.798	353	70	0	1	350	1	353	7.659E-189	586
NP_113667.1	sbXP_066114903.1	0.798	353	70	0	1	350	1	353	7.659E-189	586
NP_000198.1	sbXP_066108450.1	0.845	110	17	0	1	110	1	110	4.066E-60	201
NP_001172026.1	sbXP_066108450.1	0.845	110	17	0	1	110	1	110	4.066E-60	201
NP_001172027.1	sbXP_066108450.1	0.845	110	17	0	1	110	1	110	4.066E-60	201
NP_001278826.1	sbXP_066108450.1	0.845	110	17	0	1	110	1	110	4.066E-60	201
NP_005534.2	sbXP_066109384.1	0.766	131	30	0	1	131	1	131	3.707E-63	211
NP_005469.2	sbXP_066122641.1	0.616	120	45	0	2	121	30	148	4.663E-38	139
NP_001009931.1	sbXP_066118202.1	0.519	1608	735	0	1	1608	1	1530	0.000E+00	1455
NP_001230140.1	sbXP_066100890.1	0.721	187	51	0	3	189	2	186	1.781E-82	270
NP_000939.1	sbXP_066121011.1	0.772	229	52	0	1	227	1	229	8.504E-118	374
NP_004149.1	sbXP_066130588.1	0.742	156	38	0	1	156	1	150	6.053E-70	232
NP_002816.1	sbXP_066118471.1	0.976	168	4	0	1	168	1	168	2.077E-112	355
NP_002816.1	sbXP_066118472.1	0.976	168	4	0	1	168	1	168	2.077E-112	355
XP_005250572.1	sbXP_066118471.1	0.976	168	4	0	1	168	1	168	2.077E-112	355
XP_005250572.1	sbXP_066118472.1	0.976	168	4	0	1	168	1	168	2.077E-112	355
NP_001116437.1	sbXP_066118203.1	0.629	918	290	0	1	784	1	918	0.000E+00	1147
NP_005746.2	sbXP_066109472.1	0.733	229	60	0	1	229	1	225	3.627E-111	355
NP_001005609.1	sbXP_066106094.1	0.917	389	32	0	1	389	1	384	1.231E-246	755
NP_001005612.2	sbXP_066106096.1	0.917	386	32	0	1	386	1	381	1.287E-244	749
NP_001390.1	sbXP_066106093.1	0.918	391	32	0	1	391	1	386	1.232E-247	758
NP_039250.2	sbXP_066091711.1	0.931	645	44	0	1	645	1	644	0.000E+00	1240
NP_001137277.1	sbXP_066107260.1	0.983	247	4	0	1	247	1	247	6.467E-165	511
NP_001137277.1	sbXP_066107261.1	0.983	247	4	0	1	247	1	247	6.467E-165	511
NP_001137278.1	sbXP_066107260.1	0.983	247	4	0	1	247	1	247	6.467E-165	511
NP_001137278.1	sbXP_066107261.1	0.983	247	4	0	1	247	1	247	6.467E-165	511
NP_001137279.1	sbXP_066107260.1	0.983	247	4	0	1	247	1	247	6.467E-165	511
NP_001137279.1	sbXP_066107261.1	0.983	247	4	0	1	247	1	247	6.467E-165	511
NP_001137280.1	sbXP_066107260.1	0.983	247	4	0	1	247	1	247	6.467E-165	511
NP_001137280.1	sbXP_066107261.1	0.983	247	4	0	1	247	1	247	6.467E-165	511
NP_001137282.1	sbXP_066107259.1	0.902	329	32	0	1	329	1	328	1.162E-199	616
NP_001137284.1	sbXP_066107260.1	0.983	247	4	0	1	247	1	247	6.467E-165	511
NP_001137284.1	sbXP_066107261.1	0.983	247	4	0	1	247	1	247	6.467E-165	511
NP_056322.2	sbXP_066105350.1	0.804	553	108	0	1	552	1	553	0.000E+00	992
NP_073626.1	sbXP_066132810.1	0.775	174	37	0	11	176	31	204	2.608E-89	289
NP_060872.1	sbXP_066110900.1	0.837	166	27	0	4	169	4	168	5.305E-87	282
NP_001166242.1	sbXP_066099876.1	0.760	209	50	0	1	209	1	209	3.719E-108	347
NP_001166243.1	sbXP_066099870.1	0.761	210	50	0	1	210	1	210	7.884E-109	349
NP_001166243.1	sbXP_066099871.1	0.761	210	50	0	1	210	1	210	7.884E-109	349
NP_001166243.1	sbXP_066099872.1	0.761	210	50	0	1	210	1	210	7.884E-109	349
NP_001166243.1	sbXP_066099873.1	0.761	210	50	0	1	210	1	210	7.884E-109	349
NP_001166243.1	sbXP_066099874.1	0.761	210	50	0	1	210	1	210	7.884E-109	349
NP_001166243.1	sbXP_066099875.1	0.761	210	50	0	1	210	1	210	7.884E-109	349
NP_689669.2	sbXP_066099870.1	0.761	210	50	0	1	210	1	210	7.884E-109	349
NP_689669.2	sbXP_066099871.1	0.761	210	50	0	1	210	1	210	7.884E-109	349
NP_689669.2	sbXP_066099872.1	0.761	210	50	0	1	210	1	210	7.884E-109	349
NP_689669.2	sbXP_066099873.1	0.761	210	50	0	1	210	1	210	7.884E-109	349
NP_689669.2	sbXP_066099874.1	0.761	210	50	0	1	210	1	210	7.884E-109	349
NP_689669.2	sbXP_066099875.1	0.761	210	50	0	1	210	1	210	7.884E-109	349
NP_000580.1	sbXP_066129820.1	0.456	150	78	0	1	150	1	145	1.944E-30	118
NP_000870.1	sbXP_066133901.1	0.656	134	46	0	1	134	1	134	3.077E-50	174
NP_009110.2	sbXP_066110835.1	0.567	204	87	0	1	203	1	204	9.298E-67	226
NP_543016.1	sbXP_066090359.1	0.954	464	21	0	1	464	1	464	7.887E-316	959
NP_954993.1	sbXP_066132767.1	0.522	573	260	0	27	571	9	581	3.589E-179	570
NP_000890.1	sbXP_066113878.1	0.824	274	48	0	1	273	1	274	1.063E-146	460
NP_003985.2	sbXP_066113879.1	0.805	242	47	0	5	245	30	271	1.872E-126	400
NP_001165896.1	sbXP_066109602.1	0.822	333	59	0	1	332	1	333	1.814E-187	581
NP_003231.2	sbXP_066109601.1	0.825	367	64	0	1	366	1	367	3.373E-206	637
NP_000221.1	sbXP_066111349.1	0.724	167	46	0	1	167	1	167	1.387E-74	246
NP_005970.1	sbXP_066118176.1	0.897	98	10	0	1	98	1	98	1.020E-52	179
NP_005970.1	sbXP_066118177.1	0.897	98	10	0	1	98	1	98	1.020E-52	179
NP_005970.1	sbXP_066118178.1	0.897	98	10	0	1	98	1	98	1.020E-52	179
NP_005970.1	sbXP_066118179.1	0.897	98	10	0	1	98	1	98	1.020E-52	179
XP_005245491.1	sbXP_066118176.1	0.897	98	10	0	1	98	1	98	1.020E-52	179
XP_005245491.1	sbXP_066118177.1	0.897	98	10	0	1	98	1	98	1.020E-52	179
XP_005245491.1	sbXP_066118178.1	0.897	98	10	0	1	98	1	98	1.020E-52	179
XP_005245491.1	sbXP_066118179.1	0.897	98	10	0	1	98	1	98	1.020E-52	179
NP_065723.1	sbXP_066118182.1	0.951	103	5	0	1	103	1	103	1.234E-61	205
XP_005245419.1	sbXP_066118182.1	0.951	103	5	0	1	103	1	103	1.234E-61	205
XP_006711531.1	sbXP_066118182.1	0.951	103	5	0	1	103	1	103	1.234E-61	205
NP_525127.1	sbXP_066118184.1	0.902	103	10	0	1	103	1	103	3.906E-57	192
NP_525127.1	sbXP_066118185.1	0.902	103	10	0	1	103	1	103	3.906E-57	192
NP_525127.1	sbXP_066118186.1	0.902	103	10	0	1	103	1	103	3.906E-57	192
XP_005244962.1	sbXP_066118184.1	0.902	103	10	0	1	103	1	103	3.906E-57	192
XP_005244962.1	sbXP_066118185.1	0.902	103	10	0	1	103	1	103	3.906E-57	192
XP_005244962.1	sbXP_066118186.1	0.902	103	10	0	1	103	1	103	3.906E-57	192
XP_005244963.1	sbXP_066118184.1	0.902	103	10	0	1	103	1	103	3.906E-57	192
XP_005244963.1	sbXP_066118185.1	0.902	103	10	0	1	103	1	103	3.906E-57	192
XP_005244963.1	sbXP_066118186.1	0.902	103	10	0	1	103	1	103	3.906E-57	192
NP_005969.1	sbXP_066118188.1	0.814	97	18	0	1	97	1	97	6.531E-49	168
NP_005969.1	sbXP_066118189.1	0.814	97	18	0	1	97	1	97	6.531E-49	168
NP_005969.1	sbXP_066118187.1	0.814	97	18	0	1	97	7	103	6.531E-49	168
NP_002951.1	sbXP_066111300.1	0.940	101	6	0	1	101	1	101	3.545E-65	215
NP_002951.1	sbXP_066111301.1	0.940	101	6	0	1	101	1	101	3.545E-65	215
